514.959255, -1900.441808, 0.000000, 0.000000
514.859255, -1900.441808, 0.000000, 0.000000
514.759255, -1900.441808, 0.000000, 0.000000
514.659255, -1900.441808, 0.000000, 0.000000
514.559255, -1900.441808, 0.000000, 0.000000
514.459255, -1900.441808, 0.000000, 0.000000
514.359255, -1900.441808, 0.000000, 0.000000
514.259255, -1900.441808, 0.000000, 0.000000
514.159255, -1900.441808, 0.000000, 0.000000
514.059255, -1900.441808, 0.000000, 0.000000
513.959255, -1900.441808, 0.000000, 0.000000
513.859255, -1900.441808, 0.000000, 0.000000
513.759255, -1900.441808, 0.000000, 0.000000
513.659255, -1900.441808, 0.000000, 0.000000
513.559255, -1900.441808, 0.000000, 0.000000
513.459255, -1900.441808, 0.000000, 0.000000
513.359255, -1900.441808, 0.000000, 0.000000
513.259255, -1900.441808, 0.000000, 0.000000
513.159255, -1900.441808, 0.000000, 0.000000
513.059255, -1900.441808, 0.000000, 0.000000
512.959255, -1900.441808, 0.000000, 0.000000
512.859255, -1900.441808, 0.000000, 0.000000
512.759255, -1900.441808, 0.000000, 0.000000
512.659255, -1900.441808, 0.000000, 0.000000
512.559255, -1900.441808, 0.000000, 0.000000
512.459255, -1900.441808, 0.000000, 0.000000
512.359255, -1900.441808, 0.000000, 0.000000
512.259255, -1900.441808, 0.000000, 0.000000
512.159255, -1900.441808, 0.000000, 0.000000
512.059255, -1900.441808, 0.000000, 0.000000
511.959255, -1900.441808, 0.000000, 0.000000
511.859255, -1900.441808, 0.000000, 0.000000
511.759255, -1900.441808, 0.000000, 0.000000
511.659255, -1900.441808, 0.000000, 0.000000
511.559255, -1900.441808, 0.000000, 0.000000
511.459255, -1900.441808, 0.000000, 0.000000
511.359255, -1900.441808, 0.000000, 0.000000
511.259255, -1900.441808, 0.000000, 0.000000
511.159255, -1900.441808, 0.000000, 0.000000
511.059255, -1900.441808, 0.000000, 0.000000
510.959255, -1900.441808, 0.000000, 0.000000
510.859255, -1900.441808, 0.000000, 0.000000
510.759255, -1900.441808, 0.000000, 0.000000
510.659255, -1900.441808, 0.000000, 0.000000
510.559255, -1900.441808, 0.000000, 0.000000
510.459255, -1900.441808, 0.000000, 0.000000
510.359255, -1900.441808, 0.000000, 0.000000
510.259255, -1900.441808, 0.000000, 0.000000
510.159255, -1900.441808, 0.000000, 0.000000
510.059255, -1900.441808, 0.000000, 0.000000
509.959255, -1900.441808, 0.000000, 0.000000
509.859255, -1900.441808, 0.000000, 0.000000
509.759255, -1900.441808, 0.000000, 0.000000
509.659255, -1900.441808, 0.000000, 0.000000
509.559255, -1900.441808, 0.000000, 0.000000
509.459255, -1900.441808, 0.000000, 0.000000
509.359255, -1900.441808, 0.000000, 0.000000
509.259255, -1900.441808, 0.000000, 0.000000
509.159255, -1900.441808, 0.000000, 0.000000
509.059255, -1900.441808, 0.000000, 0.000000
508.959255, -1900.441808, 0.000000, 0.000000
508.859255, -1900.441808, 0.000000, 0.000000
508.759255, -1900.441808, 0.000000, 0.000000
508.659255, -1900.441808, 0.000000, 0.000000
508.559255, -1900.441808, 0.000000, 0.000000
508.459255, -1900.441808, 0.000000, 0.000000
508.359255, -1900.441808, 0.000000, 0.000000
508.259255, -1900.441808, 0.000000, 0.000000
508.159255, -1900.441808, 0.000000, 0.000000
508.059255, -1900.441808, 0.000000, 0.000000
507.959255, -1900.441808, 0.000000, 0.000000
507.859255, -1900.441808, 0.000000, 0.000000
507.759255, -1900.441808, 0.000000, 0.000000
507.659255, -1900.441808, 0.000000, 0.000000
507.559255, -1900.441808, 0.000000, 0.000000
507.459255, -1900.441808, 0.000000, 0.000000
507.359255, -1900.441808, 0.000000, 0.000000
507.259255, -1900.441808, 0.000000, 0.000000
507.159255, -1900.441808, 0.000000, 0.000000
507.059255, -1900.441808, 0.000000, 0.000000
506.959255, -1900.441808, 0.000000, 0.000000
506.859255, -1900.441808, 0.000000, 0.000000
506.759255, -1900.441808, 0.000000, 0.000000
506.659255, -1900.441808, 0.000000, 0.000000
506.559255, -1900.441808, 0.000000, 0.000000
506.459255, -1900.441808, 0.000000, 0.000000
506.359255, -1900.441808, 0.000000, 0.000000
506.259255, -1900.441808, 0.000000, 0.000000
506.159255, -1900.441808, 0.000000, 0.000000
506.059255, -1900.441808, 0.000000, 0.000000
505.959255, -1900.441808, 0.000000, 0.000000
505.859255, -1900.441808, 0.000000, 0.000000
505.759255, -1900.441808, 0.000000, 0.000000
505.659255, -1900.441808, 0.000000, 0.000000
505.559255, -1900.441808, 0.000000, 0.000000
505.459255, -1900.441808, 0.000000, 0.000000
505.359255, -1900.441808, 0.000000, 0.000000
505.259255, -1900.441808, 0.000000, 0.000000
505.159255, -1900.441808, 0.000000, 0.000000
505.059255, -1900.441808, 0.000000, 0.000000
504.959255, -1900.441808, 0.000000, 0.000000
504.859255, -1900.441808, 0.000000, 0.000000
504.759255, -1900.441808, 0.000000, 0.000000
504.659255, -1900.441808, 0.000000, 0.000000
504.559255, -1900.441808, 0.000000, 0.000000
504.459255, -1900.441808, 0.000000, 0.000000
504.359255, -1900.441808, 0.000000, 0.000000
504.259255, -1900.441808, 0.000000, 0.000000
504.159255, -1900.441808, 0.000000, 0.000000
504.059255, -1900.441808, 0.000000, 0.000000
503.959255, -1900.441808, 0.000000, 0.000000
503.859255, -1900.441808, 0.000000, 0.000000
503.759255, -1900.441808, 0.000000, 0.000000
503.659255, -1900.441808, 0.000000, 0.000000
503.559255, -1900.441808, 0.000000, 0.000000
503.459255, -1900.441808, 0.000000, 0.000000
503.359255, -1900.441808, 0.000000, 0.000000
503.259255, -1900.441808, 0.000000, 0.000000
503.159255, -1900.441808, 0.000000, 0.000000
503.059255, -1900.441808, 0.000000, 0.000000
502.959255, -1900.441808, 0.000000, 0.000000
502.859255, -1900.441808, 0.000000, 0.000000
502.759255, -1900.441808, 0.000000, 0.000000
502.659255, -1900.441808, 0.000000, 0.000000
502.559255, -1900.441808, 0.000000, 0.000000
502.459255, -1900.441808, 0.000000, 0.000000
502.359255, -1900.441808, 0.000000, 0.000000
502.259255, -1900.441808, 0.000000, 0.000000
502.159255, -1900.441808, 0.000000, 0.000000
502.059255, -1900.441808, 0.000000, 0.000000
501.959255, -1900.441808, 0.000000, 0.000000
501.859255, -1900.441808, 0.000000, 0.000000
501.759255, -1900.441808, 0.000000, 0.000000
501.659255, -1900.441808, 0.000000, 0.000000
501.559255, -1900.441808, 0.000000, 0.000000
501.459255, -1900.441808, 0.000000, 0.000000
501.359255, -1900.441808, 0.000000, 0.000000
501.259255, -1900.441808, 0.000000, 0.000000
501.159255, -1900.441808, 0.000000, 0.000000
501.059255, -1900.441808, 0.000000, 0.000000
500.959255, -1900.441808, 0.000000, 0.000000
500.859255, -1900.441808, 0.000000, 0.000000
500.759255, -1900.441808, 0.000000, 0.000000
500.659255, -1900.441808, 0.000000, 0.000000
500.559255, -1900.441808, 0.000000, 0.000000
500.459255, -1900.441808, 0.000000, 0.000000
500.359255, -1900.441808, 0.000000, 0.000000
500.259255, -1900.441808, 0.000000, 0.000000
500.159255, -1900.441808, 0.000000, 0.000000
500.059255, -1900.441808, 0.000000, 0.000000
499.959255, -1900.441808, 0.000000, 0.000000
499.859255, -1900.441808, 0.000000, 0.000000
499.759255, -1900.441808, 0.000000, 0.000000
499.659255, -1900.441808, 0.000000, 0.000000
499.559255, -1900.441808, 0.000000, 0.000000
499.459255, -1900.441808, 0.000000, 0.000000
499.359255, -1900.441808, 0.000000, 0.000000
499.259255, -1900.441808, 0.000000, 0.000000
499.159255, -1900.441808, 0.000000, 0.000000
499.059255, -1900.441808, 0.000000, 0.000000
498.959255, -1900.441808, 0.000000, 0.000000
498.859255, -1900.441808, 0.000000, 0.000000
498.759255, -1900.441808, 0.000000, 0.000000
498.659255, -1900.441808, 0.000000, 0.000000
498.559255, -1900.441808, 0.000000, 0.000000
498.459255, -1900.441808, 0.000000, 0.000000
498.359255, -1900.441808, 0.000000, 0.000000
498.259255, -1899.148680, 0.000000, 0.000000
498.159255, -1897.682728, 0.000000, 0.000000
498.059255, -1896.787378, 1.000000, 3.000000
497.959255, -1895.785900, 1.000000, 3.000000
497.859255, -1894.284944, 1.000000, 3.000000
497.759255, -1892.800484, 0.000000, 0.000000
497.659255, -1891.445901, 0.000000, 0.000000
497.559255, -1889.944945, 0.000000, 0.000000
497.459255, -1888.848282, 0.000000, 0.000000
497.359255, -1888.113674, 0.000000, 0.000000
497.259255, -1887.463348, 0.000000, 0.000000
497.159255, -1886.813021, 1.000000, 22.000000
497.059255, -1886.167084, 1.000000, 22.000000
496.959255, -1885.579580, 1.000000, 22.000000
496.859255, -1884.741991, 1.000000, 22.000000
496.759255, -1884.210548, 1.000000, 22.000000
496.659255, -1883.489775, 1.000000, 22.000000
496.559255, -1882.511741, 1.000000, 22.000000
496.459255, -1881.861414, 1.000000, 22.000000
496.359255, -1880.956602, 1.000000, 22.000000
496.259255, -1880.367137, 1.000000, 22.000000
496.159255, -1879.704387, 1.000000, 22.000000
496.059255, -1879.100380, 1.000000, 22.000000
495.959255, -1878.450053, 1.000000, 22.000000
495.859255, -1877.719863, 1.000000, 22.000000
495.759255, -1877.141118, 1.000000, 22.000000
495.659255, -1876.519565, 1.000000, 22.000000
495.559255, -1875.868567, 1.000000, 22.000000
495.459255, -1875.107447, 1.000000, 22.000000
495.359255, -1874.060303, 1.000000, 22.000000
495.259255, -1873.660233, 1.000000, 22.000000
495.159255, -1873.304721, 1.000000, 22.000000
495.059255, -1871.491137, 1.000000, 22.000000
494.959255, -1870.813197, 0.000000, 0.000000
494.859255, -1870.135256, 0.000000, 0.000000
494.759255, -1869.457315, 0.000000, 0.000000
494.659255, -1868.779375, 0.000000, 0.000000
494.559255, -1868.101434, 0.000000, 0.000000
494.459255, -1867.423493, 0.000000, 0.000000
494.359255, -1866.744888, 0.000000, 0.000000
494.259255, -1866.208561, 0.000000, 0.000000
494.159255, -1865.730284, 0.000000, 0.000000
494.059255, -1865.252007, 0.000000, 0.000000
493.959255, -1864.773729, 0.000000, 0.000000
493.859255, -1864.295452, 0.000000, 0.000000
493.759255, -1863.817175, 0.000000, 0.000000
493.659255, -1863.338897, 0.000000, 0.000000
493.559255, -1862.860620, 0.000000, 0.000000
493.459255, -1862.382343, 0.000000, 0.000000
493.359255, -1861.904065, 0.000000, 0.000000
493.259255, -1861.425788, 0.000000, 0.000000
493.159255, -1860.947511, 0.000000, 0.000000
493.059255, -1860.469233, 0.000000, 0.000000
492.959255, -1859.990956, 0.000000, 0.000000
492.859255, -1859.512679, 0.000000, 0.000000
492.759255, -1859.034401, 0.000000, 0.000000
492.659255, -1858.556124, 0.000000, 0.000000
492.559255, -1858.077847, 0.000000, 0.000000
492.459255, -1857.599569, 0.000000, 0.000000
492.359255, -1857.121292, 0.000000, 0.000000
492.259255, -1856.643015, 0.000000, 0.000000
492.159255, -1856.164702, 0.000000, 0.000000
492.059255, -1855.632167, 0.000000, 0.000000
491.959255, -1854.868209, 0.000000, 0.000000
491.859255, -1854.048401, 0.000000, 0.000000
491.759255, -1853.228592, 0.000000, 0.000000
491.659255, -1852.408784, 0.000000, 0.000000
491.559255, -1851.588976, 0.000000, 0.000000
491.459255, -1850.769168, 0.000000, 0.000000
491.359255, -1849.949359, 0.000000, 0.000000
491.259255, -1849.129551, 0.000000, 0.000000
491.159255, -1848.309743, 0.000000, 0.000000
491.059255, -1847.489935, 0.000000, 0.000000
490.959255, -1846.670126, 0.000000, 0.000000
490.859255, -1845.850318, 0.000000, 0.000000
490.759255, -1845.404522, 0.000000, 0.000000
490.659255, -1845.187014, 0.000000, 0.000000
490.559255, -1844.969505, 0.000000, 0.000000
490.459255, -1844.751997, 0.000000, 0.000000
490.359255, -1844.534489, 0.000000, 0.000000
490.259255, -1844.316980, 0.000000, 0.000000
490.159255, -1844.099472, 0.000000, 0.000000
490.059255, -1843.881964, 0.000000, 0.000000
489.959255, -1843.664456, 0.000000, 0.000000
489.859255, -1843.446947, 0.000000, 0.000000
489.759255, -1843.229439, 0.000000, 0.000000
489.659255, -1843.011931, 0.000000, 0.000000
489.559255, -1842.794422, 0.000000, 0.000000
489.459255, -1842.576914, 0.000000, 0.000000
489.359255, -1842.359406, 0.000000, 0.000000
489.259255, -1842.141898, 0.000000, 0.000000
489.159255, -1841.924389, 0.000000, 0.000000
489.059255, -1841.706881, 0.000000, 0.000000
488.959255, -1841.489373, 0.000000, 0.000000
488.859255, -1841.271864, 0.000000, 0.000000
488.759255, -1841.054356, 0.000000, 0.000000
488.659255, -1840.836848, 0.000000, 0.000000
488.559255, -1840.619340, 0.000000, 0.000000
488.459255, -1840.401831, 0.000000, 0.000000
488.359255, -1840.184323, 0.000000, 0.000000
488.259255, -1839.966815, 0.000000, 0.000000
488.159255, -1839.749306, 0.000000, 0.000000
488.059255, -1839.531798, 0.000000, 0.000000
487.959255, -1839.314290, 0.000000, 0.000000
487.859255, -1839.096782, 0.000000, 0.000000
487.759255, -1838.879273, 0.000000, 0.000000
487.659255, -1838.661765, 0.000000, 0.000000
487.559255, -1838.444257, 0.000000, 0.000000
487.459255, -1838.226748, 0.000000, 0.000000
487.359255, -1838.009240, 0.000000, 0.000000
487.259255, -1837.791732, 0.000000, 0.000000
487.159255, -1837.574224, 0.000000, 0.000000
487.059255, -1837.356715, 0.000000, 0.000000
486.959255, -1837.138634, 0.000000, 0.000000
486.859255, -1836.992507, 0.000000, 0.000000
486.759255, -1836.881657, 0.000000, 0.000000
486.659255, -1836.770808, 0.000000, 0.000000
486.559255, -1836.659959, 0.000000, 0.000000
486.459255, -1836.549110, 0.000000, 0.000000
486.359255, -1836.438261, 0.000000, 0.000000
486.259255, -1836.327411, 0.000000, 0.000000
486.159255, -1836.216562, 0.000000, 0.000000
486.059255, -1836.105713, 0.000000, 0.000000
485.959255, -1835.994864, 0.000000, 0.000000
485.859255, -1835.884014, 0.000000, 0.000000
485.759255, -1835.773165, 0.000000, 0.000000
485.659255, -1835.662316, 0.000000, 0.000000
485.559255, -1835.551467, 0.000000, 0.000000
485.459255, -1835.440617, 0.000000, 0.000000
485.359255, -1835.329768, 0.000000, 0.000000
485.259255, -1835.218919, 0.000000, 0.000000
485.159255, -1835.108070, 0.000000, 0.000000
485.059255, -1834.997221, 0.000000, 0.000000
484.959255, -1834.886371, 0.000000, 0.000000
484.859255, -1834.775522, 0.000000, 0.000000
484.759255, -1834.664673, 0.000000, 0.000000
484.659255, -1834.553824, 0.000000, 0.000000
484.559255, -1834.442974, 0.000000, 0.000000
484.459255, -1834.332125, 0.000000, 0.000000
484.359255, -1834.221276, 0.000000, 0.000000
484.259255, -1834.110427, 0.000000, 0.000000
484.159255, -1833.999577, 0.000000, 0.000000
484.059255, -1833.888728, 0.000000, 0.000000
483.959255, -1833.777879, 0.000000, 0.000000
483.859255, -1833.667030, 0.000000, 0.000000
483.759255, -1833.556181, 0.000000, 0.000000
483.659255, -1833.445331, 0.000000, 0.000000
483.559255, -1833.334482, 0.000000, 0.000000
483.459255, -1833.223633, 0.000000, 0.000000
483.359255, -1833.112784, 0.000000, 0.000000
483.259255, -1833.001934, 0.000000, 0.000000
483.159255, -1832.891085, 0.000000, 0.000000
483.059255, -1832.780236, 0.000000, 0.000000
482.959255, -1832.669387, 0.000000, 0.000000
482.859255, -1832.558537, 0.000000, 0.000000
482.759255, -1832.447688, 0.000000, 0.000000
482.659255, -1832.336839, 0.000000, 0.000000
482.559255, -1832.225990, 0.000000, 0.000000
482.459255, -1832.115141, 0.000000, 0.000000
482.359255, -1832.004291, 0.000000, 0.000000
482.259255, -1831.893442, 0.000000, 0.000000
482.159255, -1831.782593, 0.000000, 0.000000
482.059255, -1831.671744, 0.000000, 0.000000
481.959255, -1831.560894, 0.000000, 0.000000
481.859255, -1831.450045, 0.000000, 0.000000
481.759255, -1831.339196, 0.000000, 0.000000
481.659255, -1831.228347, 0.000000, 0.000000
481.559255, -1831.117497, 0.000000, 0.000000
481.459255, -1831.006648, 0.000000, 0.000000
481.359255, -1830.895799, 0.000000, 0.000000
481.259255, -1830.784950, 0.000000, 0.000000
481.159255, -1830.674101, 0.000000, 0.000000
481.059255, -1830.712097, 0.000000, 0.000000
480.959255, -1830.670409, 0.000000, 0.000000
480.859255, -1830.628721, 0.000000, 0.000000
480.759255, -1830.587033, 0.000000, 0.000000
480.659255, -1830.545344, 0.000000, 0.000000
480.559255, -1830.503656, 0.000000, 0.000000
480.459255, -1830.461968, 0.000000, 0.000000
480.359255, -1830.420280, 0.000000, 0.000000
480.259255, -1830.378592, 0.000000, 0.000000
480.159255, -1830.336904, 0.000000, 0.000000
480.059255, -1830.295216, 0.000000, 0.000000
479.959255, -1830.253528, 0.000000, 0.000000
479.859255, -1830.211840, 0.000000, 0.000000
479.759255, -1830.170151, 0.000000, 0.000000
479.659255, -1830.128463, 0.000000, 0.000000
479.559255, -1830.086775, 0.000000, 0.000000
479.459255, -1830.045087, 0.000000, 0.000000
479.359255, -1830.003399, 0.000000, 0.000000
479.259255, -1829.961711, 0.000000, 0.000000
479.159255, -1829.920023, 0.000000, 0.000000
479.059255, -1829.878335, 0.000000, 0.000000
478.959255, -1829.836647, 0.000000, 0.000000
478.859255, -1829.794958, 0.000000, 0.000000
478.759255, -1829.753270, 0.000000, 0.000000
478.659255, -1829.711582, 0.000000, 0.000000
478.559255, -1829.669894, 0.000000, 0.000000
478.459255, -1829.628206, 0.000000, 0.000000
478.359255, -1829.586518, 0.000000, 0.000000
478.259255, -1829.544830, 0.000000, 0.000000
478.159255, -1829.503142, 0.000000, 0.000000
478.059255, -1829.461454, 0.000000, 0.000000
477.959255, -1829.419765, 0.000000, 0.000000
477.859255, -1829.378077, 0.000000, 0.000000
477.759255, -1829.336389, 0.000000, 0.000000
477.659255, -1829.294701, 0.000000, 0.000000
477.559255, -1829.253013, 0.000000, 0.000000
477.459255, -1829.211325, 0.000000, 0.000000
477.359255, -1829.169637, 0.000000, 0.000000
477.259255, -1829.127949, 0.000000, 0.000000
477.159255, -1829.086261, 0.000000, 0.000000
477.059255, -1829.044572, 0.000000, 0.000000
476.959255, -1829.002884, 0.000000, 0.000000
476.859255, -1828.961196, 0.000000, 0.000000
476.759255, -1828.919508, 0.000000, 0.000000
476.659255, -1828.877820, 0.000000, 0.000000
476.559255, -1828.836132, 0.000000, 0.000000
476.459255, -1828.794444, 0.000000, 0.000000
476.359255, -1828.752756, 0.000000, 0.000000
476.259255, -1828.711068, 0.000000, 0.000000
476.159255, -1828.669379, 0.000000, 0.000000
476.059255, -1828.627691, 0.000000, 0.000000
475.959255, -1828.586003, 0.000000, 0.000000
475.859255, -1828.544315, 0.000000, 0.000000
475.759255, -1828.502627, 0.000000, 0.000000
475.659255, -1828.460939, 0.000000, 0.000000
475.559255, -1828.419251, 0.000000, 0.000000
475.459255, -1828.377563, 0.000000, 0.000000
475.359255, -1828.335875, 0.000000, 0.000000
475.259255, -1828.294186, 0.000000, 0.000000
475.159255, -1828.252498, 0.000000, 0.000000
475.059255, -1828.210810, 0.000000, 0.000000
474.959255, -1828.169122, 0.000000, 0.000000
474.859255, -1828.127434, 0.000000, 0.000000
474.759255, -1828.085746, 0.000000, 0.000000
474.659255, -1828.044058, 0.000000, 0.000000
474.559255, -1828.002370, 0.000000, 0.000000
474.459255, -1827.960681, 0.000000, 0.000000
474.359255, -1827.918993, 0.000000, 0.000000
474.259255, -1827.877305, 0.000000, 0.000000
474.159255, -1827.835617, 0.000000, 0.000000
474.059255, -1827.793929, 0.000000, 0.000000
473.959255, -1827.752241, 0.000000, 0.000000
473.859255, -1827.710553, 0.000000, 0.000000
473.759255, -1827.668865, 0.000000, 0.000000
473.659255, -1827.627177, 0.000000, 0.000000
473.559255, -1827.585488, 0.000000, 0.000000
473.459255, -1827.543800, 0.000000, 0.000000
473.359255, -1827.502112, 0.000000, 0.000000
473.259255, -1827.460424, 0.000000, 0.000000
473.159255, -1827.418736, 0.000000, 0.000000
473.059255, -1827.377048, 0.000000, 0.000000
472.959255, -1827.335360, 0.000000, 0.000000
472.859255, -1827.293672, 0.000000, 0.000000
472.759255, -1827.255497, 0.000000, 0.000000
472.659255, -1827.243314, 0.000000, 0.000000
472.559255, -1827.231132, 0.000000, 0.000000
472.459255, -1827.218949, 0.000000, 0.000000
472.359255, -1827.206767, 0.000000, 0.000000
472.259255, -1827.194584, 0.000000, 0.000000
472.159255, -1827.182402, 0.000000, 0.000000
472.059255, -1827.170219, 0.000000, 0.000000
471.959255, -1827.158037, 0.000000, 0.000000
471.859255, -1827.145854, 0.000000, 0.000000
471.759255, -1827.133672, 0.000000, 0.000000
471.659255, -1827.121489, 0.000000, 0.000000
471.559255, -1827.109307, 0.000000, 0.000000
471.459255, -1827.097124, 0.000000, 0.000000
471.359255, -1827.084942, 0.000000, 0.000000
471.259255, -1827.072759, 0.000000, 0.000000
471.159255, -1827.060577, 0.000000, 0.000000
471.059255, -1827.048394, 0.000000, 0.000000
470.959255, -1827.036212, 0.000000, 0.000000
470.859255, -1827.024029, 0.000000, 0.000000
470.759255, -1827.011847, 0.000000, 0.000000
470.659255, -1826.999664, 0.000000, 0.000000
470.559255, -1826.987482, 0.000000, 0.000000
470.459255, -1826.975299, 0.000000, 0.000000
470.359255, -1826.963117, 0.000000, 0.000000
470.259255, -1826.950934, 0.000000, 0.000000
470.159255, -1826.938752, 0.000000, 0.000000
470.059255, -1826.926569, 0.000000, 0.000000
469.959255, -1826.914387, 0.000000, 0.000000
469.859255, -1826.902204, 0.000000, 0.000000
469.759255, -1826.890022, 0.000000, 0.000000
469.659255, -1826.877839, 0.000000, 0.000000
469.559255, -1826.865657, 0.000000, 0.000000
469.459255, -1826.853474, 0.000000, 0.000000
469.359255, -1826.841291, 0.000000, 0.000000
469.259255, -1826.829109, 0.000000, 0.000000
469.159255, -1826.816926, 0.000000, 0.000000
469.059255, -1826.804744, 0.000000, 0.000000
468.959255, -1826.792561, 0.000000, 0.000000
468.859255, -1826.780379, 0.000000, 0.000000
468.759255, -1826.768196, 0.000000, 0.000000
468.659255, -1826.756014, 0.000000, 0.000000
468.559255, -1826.743831, 0.000000, 0.000000
468.459255, -1826.731649, 0.000000, 0.000000
468.359255, -1826.719466, 0.000000, 0.000000
468.259255, -1826.707284, 0.000000, 0.000000
468.159255, -1826.695101, 0.000000, 0.000000
468.059255, -1826.682919, 0.000000, 0.000000
467.959255, -1826.670736, 0.000000, 0.000000
467.859255, -1826.658554, 0.000000, 0.000000
467.759255, -1826.646371, 0.000000, 0.000000
467.659255, -1826.634189, 0.000000, 0.000000
467.559255, -1826.622006, 0.000000, 0.000000
467.459255, -1826.609824, 0.000000, 0.000000
467.359255, -1826.597641, 0.000000, 0.000000
467.259255, -1826.585459, 0.000000, 0.000000
467.159255, -1826.573276, 0.000000, 0.000000
467.059255, -1826.561094, 0.000000, 0.000000
466.959255, -1826.548911, 0.000000, 0.000000
466.859255, -1826.536729, 0.000000, 0.000000
466.759255, -1826.524546, 0.000000, 0.000000
466.659255, -1826.512364, 0.000000, 0.000000
466.559255, -1826.500181, 0.000000, 0.000000
466.459255, -1826.487999, 0.000000, 0.000000
466.359255, -1826.475816, 0.000000, 0.000000
466.259255, -1826.463634, 0.000000, 0.000000
466.159255, -1826.451451, 0.000000, 0.000000
466.059255, -1826.439269, 0.000000, 0.000000
465.959255, -1826.427086, 0.000000, 0.000000
465.859255, -1826.414904, 0.000000, 0.000000
465.759255, -1826.402721, 0.000000, 0.000000
465.659255, -1826.390539, 0.000000, 0.000000
465.559255, -1826.378356, 0.000000, 0.000000
465.459255, -1826.366174, 0.000000, 0.000000
465.359255, -1826.353991, 0.000000, 0.000000
465.259255, -1826.341809, 0.000000, 0.000000
465.159255, -1826.329626, 0.000000, 0.000000
465.059255, -1826.317444, 0.000000, 0.000000
464.959255, -1826.305261, 0.000000, 0.000000
464.859255, -1826.293078, 0.000000, 0.000000
464.759255, -1826.280896, 0.000000, 0.000000
464.659255, -1826.268713, 0.000000, 0.000000
464.559255, -1826.256531, 0.000000, 0.000000
464.459255, -1826.244348, 0.000000, 0.000000
464.359255, -1826.232166, 0.000000, 0.000000
464.259255, -1826.241345, 0.000000, 0.000000
464.159255, -1826.256280, 0.000000, 0.000000
464.059255, -1826.271215, 0.000000, 0.000000
463.959255, -1826.286150, 0.000000, 0.000000
463.859255, -1826.301085, 0.000000, 0.000000
463.759255, -1826.316020, 0.000000, 0.000000
463.659255, -1826.330955, 0.000000, 0.000000
463.559255, -1826.345890, 0.000000, 0.000000
463.459255, -1826.360825, 0.000000, 0.000000
463.359255, -1826.375760, 0.000000, 0.000000
463.259255, -1826.390695, 0.000000, 0.000000
463.159255, -1826.405630, 0.000000, 0.000000
463.059255, -1826.420565, 0.000000, 0.000000
462.959255, -1826.435500, 0.000000, 0.000000
462.859255, -1826.450435, 0.000000, 0.000000
462.759255, -1826.465370, 0.000000, 0.000000
462.659255, -1826.480305, 0.000000, 0.000000
462.559255, -1826.495240, 0.000000, 0.000000
462.459255, -1826.510175, 0.000000, 0.000000
462.359255, -1826.525110, 0.000000, 0.000000
462.259255, -1826.540045, 0.000000, 0.000000
462.159255, -1826.554980, 0.000000, 0.000000
462.059255, -1826.569915, 0.000000, 0.000000
461.959255, -1826.584850, 0.000000, 0.000000
461.859255, -1826.599785, 0.000000, 0.000000
461.759255, -1826.614720, 0.000000, 0.000000
461.659255, -1826.629655, 0.000000, 0.000000
461.559255, -1826.644590, 0.000000, 0.000000
461.459255, -1826.659525, 0.000000, 0.000000
461.359255, -1826.674460, 0.000000, 0.000000
461.259255, -1826.689395, 0.000000, 0.000000
461.159255, -1826.704330, 0.000000, 0.000000
461.059255, -1826.719265, 0.000000, 0.000000
460.959255, -1826.734199, 0.000000, 0.000000
460.859255, -1826.749134, 0.000000, 0.000000
460.759255, -1826.764069, 0.000000, 0.000000
460.659255, -1826.779004, 0.000000, 0.000000
460.559255, -1826.793939, 0.000000, 0.000000
460.459255, -1826.808874, 0.000000, 0.000000
460.359255, -1826.823809, 0.000000, 0.000000
460.259255, -1826.838744, 0.000000, 0.000000
460.159255, -1826.853679, 0.000000, 0.000000
460.059255, -1826.868614, 0.000000, 0.000000
459.959255, -1826.883549, 0.000000, 0.000000
459.859255, -1826.898484, 0.000000, 0.000000
459.759255, -1826.913419, 0.000000, 0.000000
459.659255, -1826.928354, 0.000000, 0.000000
459.559255, -1826.943289, 0.000000, 0.000000
459.459255, -1826.958224, 0.000000, 0.000000
459.359255, -1826.973159, 0.000000, 0.000000
459.259255, -1826.988094, 0.000000, 0.000000
459.159255, -1827.003029, 0.000000, 0.000000
459.059255, -1827.017964, 0.000000, 0.000000
458.959255, -1827.032899, 0.000000, 0.000000
458.859255, -1827.047834, 0.000000, 0.000000
458.759255, -1827.062769, 0.000000, 0.000000
458.659255, -1827.077704, 0.000000, 0.000000
458.559255, -1827.092639, 0.000000, 0.000000
458.459255, -1827.107574, 0.000000, 0.000000
458.359255, -1827.122509, 0.000000, 0.000000
458.259255, -1827.137444, 0.000000, 0.000000
458.159255, -1827.152379, 0.000000, 0.000000
458.059255, -1827.167314, 0.000000, 0.000000
457.959255, -1827.182249, 0.000000, 0.000000
457.859255, -1827.197184, 0.000000, 0.000000
457.759255, -1827.212119, 0.000000, 0.000000
457.659255, -1827.227054, 0.000000, 0.000000
457.559255, -1827.241989, 0.000000, 0.000000
457.459255, -1827.256924, 0.000000, 0.000000
457.359255, -1827.271859, 0.000000, 0.000000
457.259255, -1827.286794, 0.000000, 0.000000
457.159255, -1827.301729, 0.000000, 0.000000
457.059255, -1827.316664, 0.000000, 0.000000
456.959255, -1827.331599, 0.000000, 0.000000
456.859255, -1827.346534, 0.000000, 0.000000
456.759255, -1827.361469, 0.000000, 0.000000
456.659255, -1827.376404, 0.000000, 0.000000
456.559255, -1827.391339, 0.000000, 0.000000
456.459255, -1827.406274, 0.000000, 0.000000
456.359255, -1827.421209, 0.000000, 0.000000
456.259255, -1827.436144, 0.000000, 0.000000
456.159255, -1827.451079, 0.000000, 0.000000
456.059255, -1827.466014, 0.000000, 0.000000
455.959255, -1827.480949, 0.000000, 0.000000
455.859255, -1827.762311, 0.000000, 0.000000
455.759255, -1827.850940, 0.000000, 0.000000
455.659255, -1827.939569, 0.000000, 0.000000
455.559255, -1828.028198, 0.000000, 0.000000
455.459255, -1828.116826, 0.000000, 0.000000
455.359255, -1828.205455, 0.000000, 0.000000
455.259255, -1828.294084, 0.000000, 0.000000
455.159255, -1828.382713, 0.000000, 0.000000
455.059255, -1828.471341, 0.000000, 0.000000
454.959255, -1828.559970, 0.000000, 0.000000
454.859255, -1828.648599, 0.000000, 0.000000
454.759255, -1828.737228, 0.000000, 0.000000
454.659255, -1828.825856, 0.000000, 0.000000
454.559255, -1828.914485, 0.000000, 0.000000
454.459255, -1829.003114, 0.000000, 0.000000
454.359255, -1829.091743, 0.000000, 0.000000
454.259255, -1829.180371, 0.000000, 0.000000
454.159255, -1829.269000, 0.000000, 0.000000
454.059255, -1829.357629, 0.000000, 0.000000
453.959255, -1829.446258, 0.000000, 0.000000
453.859255, -1829.534886, 0.000000, 0.000000
453.759255, -1829.623515, 0.000000, 0.000000
453.659255, -1829.712144, 0.000000, 0.000000
453.559255, -1829.800773, 0.000000, 0.000000
453.459255, -1829.889401, 0.000000, 0.000000
453.359255, -1829.978030, 0.000000, 0.000000
453.259255, -1830.066659, 0.000000, 0.000000
453.159255, -1830.155288, 0.000000, 0.000000
453.059255, -1830.243916, 0.000000, 0.000000
452.959255, -1830.332545, 0.000000, 0.000000
452.859255, -1830.421174, 0.000000, 0.000000
452.759255, -1830.509803, 0.000000, 0.000000
452.659255, -1830.598431, 0.000000, 0.000000
452.559255, -1830.687060, 0.000000, 0.000000
452.459255, -1830.775689, 0.000000, 0.000000
452.359255, -1830.864318, 0.000000, 0.000000
452.259255, -1830.952946, 0.000000, 0.000000
452.159255, -1831.041575, 0.000000, 0.000000
452.059255, -1831.130204, 0.000000, 0.000000
451.959255, -1831.218833, 0.000000, 0.000000
451.859255, -1831.307461, 0.000000, 0.000000
451.759255, -1831.396090, 0.000000, 0.000000
451.659255, -1831.484719, 0.000000, 0.000000
451.559255, -1831.573348, 0.000000, 0.000000
451.459255, -1831.661976, 0.000000, 0.000000
451.359255, -1831.750605, 0.000000, 0.000000
451.259255, -1831.839234, 0.000000, 0.000000
451.159255, -1831.927863, 0.000000, 0.000000
451.059255, -1832.016492, 0.000000, 0.000000
450.959255, -1832.105120, 0.000000, 0.000000
450.859255, -1832.193749, 0.000000, 0.000000
450.759255, -1832.282378, 0.000000, 0.000000
450.659255, -1832.371007, 0.000000, 0.000000
450.559255, -1832.459635, 0.000000, 0.000000
450.459255, -1832.548264, 0.000000, 0.000000
450.359255, -1832.636893, 0.000000, 0.000000
450.259255, -1832.725522, 0.000000, 0.000000
450.159255, -1832.814150, 0.000000, 0.000000
450.059255, -1832.902779, 0.000000, 0.000000
449.959255, -1832.991408, 0.000000, 0.000000
449.859255, -1833.162096, 0.000000, 0.000000
449.759255, -1833.356839, 0.000000, 0.000000
449.659255, -1833.551581, 0.000000, 0.000000
449.559255, -1833.746324, 0.000000, 0.000000
449.459255, -1833.941067, 0.000000, 0.000000
449.359255, -1834.135809, 0.000000, 0.000000
449.259255, -1834.330552, 0.000000, 0.000000
449.159255, -1834.525294, 0.000000, 0.000000
449.059255, -1834.720037, 0.000000, 0.000000
448.959255, -1834.914780, 0.000000, 0.000000
448.859255, -1835.109522, 0.000000, 0.000000
448.759255, -1835.304265, 0.000000, 0.000000
448.659255, -1835.499007, 0.000000, 0.000000
448.559255, -1835.693750, 0.000000, 0.000000
448.459255, -1835.888492, 0.000000, 0.000000
448.359255, -1836.083235, 0.000000, 0.000000
448.259255, -1836.277978, 0.000000, 0.000000
448.159255, -1836.472720, 0.000000, 0.000000
448.059255, -1836.667463, 0.000000, 0.000000
447.959255, -1836.862205, 0.000000, 0.000000
447.859255, -1837.056948, 0.000000, 0.000000
447.759255, -1837.251690, 0.000000, 0.000000
447.659255, -1837.446433, 0.000000, 0.000000
447.559255, -1837.641176, 0.000000, 0.000000
447.459255, -1837.835918, 0.000000, 0.000000
447.359255, -1838.030661, 0.000000, 0.000000
447.259255, -1838.225403, 0.000000, 0.000000
447.159255, -1838.420146, 0.000000, 0.000000
447.059255, -1838.614888, 0.000000, 0.000000
446.959255, -1838.809631, 0.000000, 0.000000
446.859255, -1839.004374, 0.000000, 0.000000
446.759255, -1839.199116, 0.000000, 0.000000
446.659255, -1839.393859, 0.000000, 0.000000
446.559255, -1839.588601, 1.000000, 60.000000
446.459255, -1839.783344, 1.000000, 60.000000
446.359255, -1840.507549, 1.000000, 60.000000
446.259255, -1840.630185, 1.000000, 60.000000
446.159255, -1840.780098, 1.000000, 60.000000
446.059255, -1840.806230, 1.000000, 60.000000
445.959255, -1841.089267, 1.000000, 60.000000
445.859255, -1841.404197, 1.000000, 60.000000
445.759255, -1841.719127, 1.000000, 60.000000
445.659255, -1842.034058, 1.000000, 60.000000
445.559255, -1842.360413, 1.000000, 60.000000
445.459255, -1842.687187, 1.000000, 60.000000
445.359255, -1843.028320, 1.000000, 60.000000
445.259255, -1843.379185, 1.000000, 60.000000
445.159255, -1843.771359, 1.000000, 60.000000
445.059255, -1844.107831, 1.000000, 60.000000
444.959255, -1844.484726, 1.000000, 60.000000
444.859255, -1844.780996, 1.000000, 60.000000
444.759255, -1845.228652, 1.000000, 60.000000
444.659255, -1845.623040, 1.000000, 60.000000
444.559255, -1845.921389, 1.000000, 60.000000
444.459255, -1846.238068, 1.000000, 60.000000
444.359255, -1846.583144, 1.000000, 60.000000
444.259255, -1846.905188, 1.000000, 60.000000
444.159255, -1847.276946, 1.000000, 60.000000
444.059255, -1847.695361, 1.000000, 60.000000
443.959255, -1848.087535, 1.000000, 60.000000
443.859255, -1848.465920, 1.000000, 60.000000
443.759255, -1848.792694, 1.000000, 60.000000
443.659255, -1849.164452, 1.000000, 60.000000
443.559255, -1849.557552, 1.000000, 60.000000
443.459255, -1850.154041, 1.000000, 60.000000
443.359255, -1850.888084, 1.000000, 60.000000
443.259255, -1851.806778, 1.000000, 60.000000
443.159255, -1852.516619, 1.000000, 60.000000
443.059255, -1853.128377, 1.000000, 60.000000
442.959255, -1853.625561, 1.000000, 60.000000
442.859255, -1854.335401, 1.000000, 60.000000
442.759255, -1855.062116, 1.000000, 60.000000
442.659255, -1855.795662, 1.000000, 60.000000
442.559255, -1856.464924, 1.000000, 60.000000
442.459255, -1857.019395, 1.000000, 60.000000
442.359255, -1857.526186, 1.000000, 60.000000
442.259255, -1858.076345, 1.000000, 60.000000
442.159255, -1858.760492, 1.000000, 60.000000
442.059255, -1859.462358, 1.000000, 60.000000
441.959255, -1860.379289, 1.000000, 60.000000
441.859255, -1861.534382, 1.000000, 60.000000
441.759255, -1863.015379, 1.000000, 60.000000
441.659255, -1864.290353, 1.000000, 60.000000
441.559255, -1865.460692, 1.000000, 60.000000
441.459255, -1868.583172, 1.000000, 60.000000
441.359255, -1869.081103, 1.000000, 60.000000
441.259255, -1869.484814, 1.000000, 60.000000
441.159255, -1869.915912, 1.000000, 60.000000
441.059255, -1870.413642, 1.000000, 60.000000
440.959255, -1870.952978, 1.000000, 60.000000
440.859255, -1871.423357, 1.000000, 60.000000
440.759255, -1871.955458, 1.000000, 60.000000
440.659255, -1872.043946, 1.000000, 60.000000
440.559255, -1872.132433, 0.000000, 0.000000
440.459255, -1872.220921, 0.000000, 0.000000
440.359255, -1872.309408, 0.000000, 0.000000
440.259255, -1872.397896, 0.000000, 0.000000
440.159255, -1872.486384, 0.000000, 0.000000
440.059255, -1872.574871, 0.000000, 0.000000
439.959255, -1872.663359, 0.000000, 0.000000
439.859255, -1872.751847, 0.000000, 0.000000
439.759255, -1872.840334, 0.000000, 0.000000
439.659255, -1872.928822, 0.000000, 0.000000
439.559255, -1873.017309, 0.000000, 0.000000
439.459255, -1873.105797, 0.000000, 0.000000
439.359255, -1873.194285, 0.000000, 0.000000
439.259255, -1873.282772, 0.000000, 0.000000
439.159255, -1873.371260, 0.000000, 0.000000
439.059255, -1873.459747, 0.000000, 0.000000
438.959255, -1873.548235, 0.000000, 0.000000
438.859255, -1873.636723, 0.000000, 0.000000
438.759255, -1873.725210, 0.000000, 0.000000
438.659255, -1873.813698, 0.000000, 0.000000
438.559255, -1873.902186, 0.000000, 0.000000
438.459255, -1873.990673, 0.000000, 0.000000
438.359255, -1874.079161, 0.000000, 0.000000
438.259255, -1874.167648, 0.000000, 0.000000
438.159255, -1874.256136, 0.000000, 0.000000
438.059255, -1874.344624, 0.000000, 0.000000
437.959255, -1874.433111, 0.000000, 0.000000
437.859255, -1874.521599, 0.000000, 0.000000
437.759255, -1874.610087, 0.000000, 0.000000
437.659255, -1874.698574, 0.000000, 0.000000
437.559255, -1874.787062, 0.000000, 0.000000
437.459255, -1874.875549, 0.000000, 0.000000
437.359255, -1874.964037, 0.000000, 0.000000
437.259255, -1875.052525, 0.000000, 0.000000
437.159255, -1875.141012, 0.000000, 0.000000
437.059255, -1875.229500, 0.000000, 0.000000
436.959255, -1875.317988, 0.000000, 0.000000
436.859255, -1875.406475, 0.000000, 0.000000
436.759255, -1875.494963, 0.000000, 0.000000
436.659255, -1875.583450, 0.000000, 0.000000
436.559255, -1875.671938, 0.000000, 0.000000
436.459255, -1875.760426, 0.000000, 0.000000
436.359255, -1876.219721, 0.000000, 0.000000
436.259255, -1876.720205, 0.000000, 0.000000
436.159255, -1877.168484, 0.000000, 0.000000
436.059255, -1877.550725, 0.000000, 0.000000
435.959255, -1877.908690, 0.000000, 0.000000
435.859255, -1878.220428, 0.000000, 0.000000
435.759255, -1878.572065, 0.000000, 0.000000
435.659255, -1878.884301, 0.000000, 0.000000
435.559255, -1879.184354, 0.000000, 0.000000
435.459255, -1879.412737, 1.000000, 13.000000
435.359255, -1879.615741, 1.000000, 13.000000
435.259255, -1879.890023, 1.000000, 13.000000
435.159255, -1880.163706, 1.000000, 13.000000
435.059255, -1880.473556, 1.000000, 13.000000
434.959255, -1880.688383, 1.000000, 13.000000
434.859255, -1880.951925, 1.000000, 13.000000
434.759255, -1881.239841, 1.000000, 13.000000
434.659255, -1881.505317, 1.000000, 13.000000
434.559255, -1881.784313, 1.000000, 13.000000
434.459255, -1882.154290, 1.000000, 13.000000
434.359255, -1882.392068, 1.000000, 13.000000
434.259255, -1882.661754, 1.000000, 13.000000
434.159255, -1882.902918, 0.000000, 0.000000
434.059255, -1883.144082, 0.000000, 0.000000
433.959255, -1883.385247, 0.000000, 0.000000
433.859255, -1883.619701, 0.000000, 0.000000
433.759255, -1883.875757, 0.000000, 0.000000
433.659255, -1884.109372, 0.000000, 0.000000
433.559255, -1884.349903, 0.000000, 0.000000
433.459255, -1884.591067, 0.000000, 0.000000
433.359255, -1884.832231, 0.000000, 0.000000
433.259255, -1885.073396, 0.000000, 0.000000
433.159255, -1885.309308, 0.000000, 0.000000
433.059255, -1885.555724, 0.000000, 0.000000
432.959255, -1885.798979, 0.000000, 0.000000
432.859255, -1886.038052, 0.000000, 0.000000
432.759255, -1886.275628, 0.000000, 0.000000
432.659255, -1886.520381, 0.000000, 0.000000
432.559255, -1886.765299, 0.000000, 0.000000
432.459255, -1887.002709, 0.000000, 0.000000
432.359255, -1887.241920, 0.000000, 0.000000
432.259255, -1887.474194, 0.000000, 0.000000
432.159255, -1887.673825, 0.000000, 0.000000
432.059255, -1887.864644, 0.000000, 0.000000
431.959255, -1888.072878, 1.000000, 17.000000
431.859255, -1888.272410, 1.000000, 17.000000
431.759255, -1888.465140, 1.000000, 17.000000
431.659255, -1888.680175, 1.000000, 17.000000
431.559255, -1888.879371, 1.000000, 17.000000
431.459255, -1889.087940, 1.000000, 17.000000
431.359255, -1889.304897, 1.000000, 17.000000
431.259255, -1889.500716, 1.000000, 17.000000
431.159255, -1889.728764, 1.000000, 17.000000
431.059255, -1889.943744, 1.000000, 17.000000
430.959255, -1890.146576, 1.000000, 17.000000
430.859255, -1890.357974, 1.000000, 17.000000
430.759255, -1890.554342, 1.000000, 17.000000
430.659255, -1890.771298, 1.000000, 17.000000
430.559255, -1890.962107, 1.000000, 17.000000
430.459255, -1891.205212, 1.000000, 17.000000
430.359255, -1891.396020, 1.000000, 17.000000
430.259255, -1891.586829, 0.000000, 0.000000
430.159255, -1891.777638, 0.000000, 0.000000
430.059255, -1891.968446, 0.000000, 0.000000
429.959255, -1892.159255, 0.000000, 0.000000
429.859255, -1892.350063, 0.000000, 0.000000
429.759255, -1892.540872, 0.000000, 0.000000
429.659255, -1892.731680, 0.000000, 0.000000
429.559255, -1892.922489, 0.000000, 0.000000
429.459255, -1893.113297, 0.000000, 0.000000
429.359255, -1893.304106, 0.000000, 0.000000
429.259255, -1893.494914, 0.000000, 0.000000
429.159255, -1893.685723, 0.000000, 0.000000
429.059255, -1893.876531, 0.000000, 0.000000
428.959255, -1894.067340, 0.000000, 0.000000
428.859255, -1894.258149, 0.000000, 0.000000
428.759255, -1894.448957, 0.000000, 0.000000
428.659255, -1894.639766, 0.000000, 0.000000
428.559255, -1894.830574, 0.000000, 0.000000
428.459255, -1895.021383, 0.000000, 0.000000
428.359255, -1895.212191, 0.000000, 0.000000
428.259255, -1895.403000, 0.000000, 0.000000
428.159255, -1895.593808, 0.000000, 0.000000
428.059255, -1895.784617, 0.000000, 0.000000
427.959255, -1895.975425, 0.000000, 0.000000
427.859255, -1896.166234, 0.000000, 0.000000
427.759255, -1896.357042, 0.000000, 0.000000
427.659255, -1896.536054, 0.000000, 0.000000
427.559255, -1896.712511, 0.000000, 0.000000
427.459255, -1896.870537, 1.000000, 19.000000
427.359255, -1897.007948, 1.000000, 19.000000
427.259255, -1897.176794, 1.000000, 19.000000
427.159255, -1897.357407, 1.000000, 19.000000
427.059255, -1897.547634, 1.000000, 19.000000
426.959255, -1897.705196, 1.000000, 19.000000
426.859255, -1897.854764, 1.000000, 19.000000
426.759255, -1897.997969, 1.000000, 19.000000
426.659255, -1898.141175, 1.000000, 19.000000
426.559255, -1898.298259, 1.000000, 19.000000
426.459255, -1898.448787, 1.000000, 19.000000
426.359255, -1898.603208, 1.000000, 19.000000
426.259255, -1898.756399, 1.000000, 19.000000
426.159255, -1898.914787, 1.000000, 19.000000
426.059255, -1899.064011, 1.000000, 19.000000
425.959255, -1899.271740, 1.000000, 19.000000
425.859255, -1899.440560, 1.000000, 19.000000
425.759255, -1899.764126, 1.000000, 19.000000
425.659255, -1899.764039, 1.000000, 19.000000
425.559255, -1899.907245, 0.000000, 0.000000
425.459255, -1900.044674, 0.000000, 0.000000
425.359255, -1900.174047, 0.000000, 0.000000
425.259255, -1900.315661, 0.000000, 0.000000
425.159255, -1900.458866, 0.000000, 0.000000
425.059255, -1900.602072, 0.000000, 0.000000
424.959255, -1900.745278, 0.000000, 0.000000
424.859255, -1900.867282, 0.000000, 0.000000
424.759255, -1901.010488, 0.000000, 0.000000
424.659255, -1901.153694, 0.000000, 0.000000
424.559255, -1901.296899, 0.000000, 0.000000
424.459255, -1901.434586, 0.000000, 0.000000
424.359255, -1901.562110, 0.000000, 0.000000
424.259255, -1901.705315, 0.000000, 0.000000
424.159255, -1901.848521, 0.000000, 0.000000
424.059255, -1901.991727, 0.000000, 0.000000
423.959255, -1902.134932, 0.000000, 0.000000
423.859255, -1902.275352, 0.000000, 0.000000
423.759255, -1902.400143, 0.000000, 0.000000
423.659255, -1902.543348, 0.000000, 0.000000
423.559255, -1902.686554, 0.000000, 0.000000
423.459255, -1902.829760, 0.000000, 0.000000
423.359255, -1902.966956, 0.000000, 0.000000
423.259255, -1903.096329, 0.000000, 0.000000
423.159255, -1903.238176, 0.000000, 0.000000
423.059255, -1903.381381, 0.000000, 0.000000
422.959255, -1903.524587, 0.000000, 0.000000
422.859255, -1903.667793, 0.000000, 0.000000
422.759255, -1903.795901, 0.000000, 0.000000
422.659255, -1903.933003, 0.000000, 0.000000
422.559255, -1904.076209, 0.000000, 0.000000
422.459255, -1904.219414, 0.000000, 0.000000
422.359255, -1904.372721, 1.000000, 21.000000
422.259255, -1904.527026, 1.000000, 21.000000
422.159255, -1904.634610, 1.000000, 21.000000
422.059255, -1904.749835, 1.000000, 21.000000
421.959255, -1904.893041, 1.000000, 21.000000
421.859255, -1905.057447, 1.000000, 21.000000
421.759255, -1905.200653, 1.000000, 21.000000
421.659255, -1905.343858, 1.000000, 21.000000
421.559255, -1905.487064, 1.000000, 21.000000
421.459255, -1905.630270, 1.000000, 21.000000
421.359255, -1905.773475, 1.000000, 21.000000
421.259255, -1905.916681, 1.000000, 21.000000
421.159255, -1906.059887, 1.000000, 21.000000
421.059255, -1906.199138, 1.000000, 21.000000
420.959255, -1906.328406, 1.000000, 21.000000
420.859255, -1906.468027, 1.000000, 21.000000
420.759255, -1906.649232, 1.000000, 21.000000
420.659255, -1906.812259, 1.000000, 21.000000
420.559255, -1906.945918, 1.000000, 21.000000
420.459255, -1907.098471, 1.000000, 21.000000
420.359255, -1907.230883, 1.000000, 21.000000
420.259255, -1907.383435, 0.000000, 0.000000
420.159255, -1907.515847, 0.000000, 0.000000
420.059255, -1907.648259, 0.000000, 0.000000
419.959255, -1907.786621, 0.000000, 0.000000
419.859255, -1907.933193, 0.000000, 0.000000
419.759255, -1908.065635, 0.000000, 0.000000
419.659255, -1908.198047, 0.000000, 0.000000
419.559255, -1908.332751, 0.000000, 0.000000
419.459255, -1908.479323, 0.000000, 0.000000
419.359255, -1908.615423, 0.000000, 0.000000
419.259255, -1908.747835, 0.000000, 0.000000
419.159255, -1908.880247, 0.000000, 0.000000
419.059255, -1909.025452, 0.000000, 0.000000
418.959255, -1909.165211, 0.000000, 0.000000
418.859255, -1909.297623, 0.000000, 0.000000
418.759255, -1909.434984, 0.000000, 0.000000
418.659255, -1909.582588, 0.000000, 0.000000
418.559255, -1909.715000, 0.000000, 0.000000
418.459255, -1909.847411, 0.000000, 0.000000
418.359255, -1909.979823, 0.000000, 0.000000
418.259255, -1910.132376, 0.000000, 0.000000
418.159255, -1910.264788, 0.000000, 0.000000
418.059255, -1910.397200, 0.000000, 0.000000
417.959255, -1910.538782, 0.000000, 0.000000
417.859255, -1910.682164, 0.000000, 0.000000
417.759255, -1910.814576, 0.000000, 0.000000
417.659255, -1910.946988, 0.000000, 0.000000
417.559255, -1911.084912, 0.000000, 0.000000
417.459255, -1911.231484, 0.000000, 0.000000
417.359255, -1911.364364, 0.000000, 0.000000
417.259255, -1911.496776, 0.000000, 0.000000
417.159255, -1911.631042, 0.000000, 0.000000
417.059255, -1911.777613, 0.000000, 0.000000
416.959255, -1911.914152, 0.000000, 0.000000
416.859255, -1912.046564, 0.000000, 0.000000
416.759255, -1912.197317, 0.000000, 0.000000
416.659255, -1912.331528, 0.000000, 0.000000
416.559255, -1912.463940, 0.000000, 0.000000
416.459255, -1912.596352, 0.000000, 0.000000
416.359255, -1912.731891, 0.000000, 0.000000
416.259255, -1912.881317, 0.000000, 0.000000
416.159255, -1913.013728, 0.000000, 0.000000
416.059255, -1913.186422, 1.000000, 2.000000
415.959255, -1913.318833, 1.000000, 2.000000
514.959255, -1900.167717, 0.000000, 0.000000
514.859255, -1900.167717, 0.000000, 0.000000
514.759255, -1900.167717, 0.000000, 0.000000
514.659255, -1900.167717, 0.000000, 0.000000
514.559255, -1900.167717, 0.000000, 0.000000
514.459255, -1900.167717, 0.000000, 0.000000
514.359255, -1900.167717, 0.000000, 0.000000
514.259255, -1900.167717, 0.000000, 0.000000
514.159255, -1900.167717, 0.000000, 0.000000
514.059255, -1900.167717, 0.000000, 0.000000
513.959255, -1900.167717, 0.000000, 0.000000
513.859255, -1900.167717, 0.000000, 0.000000
513.759255, -1900.167717, 0.000000, 0.000000
513.659255, -1900.167717, 0.000000, 0.000000
513.559255, -1900.167717, 0.000000, 0.000000
513.459255, -1900.167717, 0.000000, 0.000000
513.359255, -1900.167717, 0.000000, 0.000000
513.259255, -1900.167717, 0.000000, 0.000000
513.159255, -1900.167717, 0.000000, 0.000000
513.059255, -1900.167717, 0.000000, 0.000000
512.959255, -1900.167717, 0.000000, 0.000000
512.859255, -1900.167717, 0.000000, 0.000000
512.759255, -1900.167717, 0.000000, 0.000000
512.659255, -1900.167717, 0.000000, 0.000000
512.559255, -1900.167717, 0.000000, 0.000000
512.459255, -1900.167717, 0.000000, 0.000000
512.359255, -1900.167717, 0.000000, 0.000000
512.259255, -1900.167717, 0.000000, 0.000000
512.159255, -1900.167717, 0.000000, 0.000000
512.059255, -1900.167717, 0.000000, 0.000000
511.959255, -1900.167717, 0.000000, 0.000000
511.859255, -1900.167717, 0.000000, 0.000000
511.759255, -1900.167717, 0.000000, 0.000000
511.659255, -1900.167717, 0.000000, 0.000000
511.559255, -1900.167717, 0.000000, 0.000000
511.459255, -1900.167717, 0.000000, 0.000000
511.359255, -1900.167717, 0.000000, 0.000000
511.259255, -1900.167717, 0.000000, 0.000000
511.159255, -1900.167717, 0.000000, 0.000000
511.059255, -1900.167717, 0.000000, 0.000000
510.959255, -1900.167717, 0.000000, 0.000000
510.859255, -1900.167717, 0.000000, 0.000000
510.759255, -1900.167717, 0.000000, 0.000000
510.659255, -1900.167717, 0.000000, 0.000000
510.559255, -1900.167717, 0.000000, 0.000000
510.459255, -1900.167717, 0.000000, 0.000000
510.359255, -1900.167717, 0.000000, 0.000000
510.259255, -1900.167717, 0.000000, 0.000000
510.159255, -1900.167717, 0.000000, 0.000000
510.059255, -1900.167717, 0.000000, 0.000000
509.959255, -1900.167717, 0.000000, 0.000000
509.859255, -1900.167717, 0.000000, 0.000000
509.759255, -1900.167717, 0.000000, 0.000000
509.659255, -1900.167717, 0.000000, 0.000000
509.559255, -1900.167717, 0.000000, 0.000000
509.459255, -1900.167717, 0.000000, 0.000000
509.359255, -1900.167717, 0.000000, 0.000000
509.259255, -1900.167717, 0.000000, 0.000000
509.159255, -1900.167717, 0.000000, 0.000000
509.059255, -1900.167717, 0.000000, 0.000000
508.959255, -1900.167717, 0.000000, 0.000000
508.859255, -1900.167717, 0.000000, 0.000000
508.759255, -1900.167717, 0.000000, 0.000000
508.659255, -1900.167717, 0.000000, 0.000000
508.559255, -1900.167717, 0.000000, 0.000000
508.459255, -1900.167717, 0.000000, 0.000000
508.359255, -1900.167717, 0.000000, 0.000000
508.259255, -1900.167717, 0.000000, 0.000000
508.159255, -1900.167717, 0.000000, 0.000000
508.059255, -1900.167717, 0.000000, 0.000000
507.959255, -1900.167717, 0.000000, 0.000000
507.859255, -1900.167717, 0.000000, 0.000000
507.759255, -1900.167717, 0.000000, 0.000000
507.659255, -1900.167717, 0.000000, 0.000000
507.559255, -1900.167717, 0.000000, 0.000000
507.459255, -1900.167717, 0.000000, 0.000000
507.359255, -1900.167717, 0.000000, 0.000000
507.259255, -1900.167717, 0.000000, 0.000000
507.159255, -1900.167717, 0.000000, 0.000000
507.059255, -1900.167717, 0.000000, 0.000000
506.959255, -1900.167717, 0.000000, 0.000000
506.859255, -1900.167717, 0.000000, 0.000000
506.759255, -1900.167717, 0.000000, 0.000000
506.659255, -1900.167717, 0.000000, 0.000000
506.559255, -1900.167717, 0.000000, 0.000000
506.459255, -1900.167717, 0.000000, 0.000000
506.359255, -1900.167717, 0.000000, 0.000000
506.259255, -1900.167717, 0.000000, 0.000000
506.159255, -1900.167717, 0.000000, 0.000000
506.059255, -1900.167717, 0.000000, 0.000000
505.959255, -1900.167717, 0.000000, 0.000000
505.859255, -1900.167717, 0.000000, 0.000000
505.759255, -1900.167717, 0.000000, 0.000000
505.659255, -1900.167717, 0.000000, 0.000000
505.559255, -1900.167717, 0.000000, 0.000000
505.459255, -1900.167717, 0.000000, 0.000000
505.359255, -1900.167717, 0.000000, 0.000000
505.259255, -1900.167717, 0.000000, 0.000000
505.159255, -1900.167717, 0.000000, 0.000000
505.059255, -1900.167717, 0.000000, 0.000000
504.959255, -1900.167717, 0.000000, 0.000000
504.859255, -1900.167717, 0.000000, 0.000000
504.759255, -1900.167717, 0.000000, 0.000000
504.659255, -1900.167717, 0.000000, 0.000000
504.559255, -1900.167717, 0.000000, 0.000000
504.459255, -1900.167717, 0.000000, 0.000000
504.359255, -1900.167717, 0.000000, 0.000000
504.259255, -1900.167717, 0.000000, 0.000000
504.159255, -1900.167717, 0.000000, 0.000000
504.059255, -1900.167717, 0.000000, 0.000000
503.959255, -1900.167717, 0.000000, 0.000000
503.859255, -1900.167717, 0.000000, 0.000000
503.759255, -1900.167717, 0.000000, 0.000000
503.659255, -1900.167717, 0.000000, 0.000000
503.559255, -1900.167717, 0.000000, 0.000000
503.459255, -1900.167717, 0.000000, 0.000000
503.359255, -1900.167717, 0.000000, 0.000000
503.259255, -1900.167717, 0.000000, 0.000000
503.159255, -1900.167717, 0.000000, 0.000000
503.059255, -1900.167717, 0.000000, 0.000000
502.959255, -1900.167717, 0.000000, 0.000000
502.859255, -1900.167717, 0.000000, 0.000000
502.759255, -1900.167717, 0.000000, 0.000000
502.659255, -1900.167717, 0.000000, 0.000000
502.559255, -1900.167717, 0.000000, 0.000000
502.459255, -1900.167717, 0.000000, 0.000000
502.359255, -1900.167717, 0.000000, 0.000000
502.259255, -1900.167717, 0.000000, 0.000000
502.159255, -1900.167717, 0.000000, 0.000000
502.059255, -1896.491834, 0.000000, 0.000000
501.959255, -1899.471181, 0.000000, 0.000000
501.859255, -1897.970224, 1.000000, 3.000000
501.759255, -1896.100227, 1.000000, 3.000000
501.659255, -1894.964809, 1.000000, 3.000000
501.559255, -1893.696766, 0.000000, 0.000000
501.459255, -1892.455009, 1.000000, 4.000000
501.359255, -1891.279793, 1.000000, 4.000000
501.259255, -1889.941706, 1.000000, 4.000000
501.159255, -1888.680562, 1.000000, 4.000000
501.059255, -1888.056705, 0.000000, 0.000000
500.959255, -1887.406379, 0.000000, 0.000000
500.859255, -1886.756052, 0.000000, 0.000000
500.759255, -1886.025861, 1.000000, 4.000000
500.659255, -1885.215806, 1.000000, 4.000000
500.559255, -1884.565480, 1.000000, 4.000000
500.459255, -1883.835289, 1.000000, 4.000000
500.359255, -1883.105098, 0.000000, 0.000000
500.259255, -1882.374907, 0.000000, 0.000000
500.159255, -1881.644717, 0.000000, 0.000000
500.059255, -1880.994390, 1.000000, 6.000000
499.959255, -1880.264199, 1.000000, 6.000000
499.859255, -1879.534008, 1.000000, 6.000000
499.759255, -1878.963546, 1.000000, 6.000000
499.659255, -1878.233356, 1.000000, 6.000000
499.559255, -1877.662894, 1.000000, 6.000000
499.459255, -1877.082375, 0.000000, 0.000000
499.359255, -1876.427125, 0.000000, 0.000000
499.259255, -1875.803856, 0.000000, 0.000000
499.159255, -1875.071245, 1.000000, 6.000000
499.059255, -1874.393304, 1.000000, 6.000000
498.959255, -1873.715363, 1.000000, 6.000000
498.859255, -1873.120601, 1.000000, 6.000000
498.759255, -1872.474039, 1.000000, 6.000000
498.659255, -1871.929738, 1.000000, 6.000000
498.559255, -1871.368740, 0.000000, 0.000000
498.459255, -1870.824733, 0.000000, 0.000000
498.359255, -1870.313150, 0.000000, 0.000000
498.259255, -1869.468851, 1.000000, 6.000000
498.159255, -1868.874090, 1.000000, 6.000000
498.059255, -1868.248135, 1.000000, 6.000000
497.959255, -1867.518208, 1.000000, 6.000000
497.859255, -1866.988083, 1.000000, 6.000000
497.759255, -1866.328936, 1.000000, 6.000000
497.659255, -1865.827203, 0.000000, 0.000000
497.559255, -1865.410619, 0.000000, 0.000000
497.459255, -1864.996195, 0.000000, 0.000000
497.359255, -1864.595330, 0.000000, 0.000000
497.259255, -1864.180262, 0.000000, 0.000000
497.159255, -1863.773922, 0.000000, 0.000000
497.059255, -1863.067134, 0.000000, 0.000000
496.959255, -1863.024110, 0.000000, 0.000000
496.859255, -1862.623004, 1.000000, 4.000000
496.759255, -1862.144727, 1.000000, 4.000000
496.659255, -1861.666450, 1.000000, 4.000000
496.559255, -1861.241432, 1.000000, 4.000000
496.459255, -1860.828512, 0.000000, 0.000000
496.359255, -1860.409544, 0.000000, 0.000000
496.259255, -1859.990575, 0.000000, 0.000000
496.159255, -1859.565917, 0.000000, 0.000000
496.059255, -1859.152638, 0.000000, 0.000000
495.959255, -1858.733669, 0.000000, 0.000000
495.859255, -1858.255392, 0.000000, 0.000000
495.759255, -1857.777114, 1.000000, 3.000000
495.659255, -1857.278181, 1.000000, 3.000000
495.559255, -1856.761251, 1.000000, 3.000000
495.459255, -1856.282974, 0.000000, 0.000000
495.359255, -1855.804696, 1.000000, 4.000000
495.259255, -1855.272633, 1.000000, 4.000000
495.159255, -1854.410209, 1.000000, 4.000000
495.059255, -1853.382895, 1.000000, 4.000000
494.959255, -1852.283263, 0.000000, 0.000000
494.859255, -1850.800275, 1.000000, 2.000000
494.759255, -1847.433257, 1.000000, 2.000000
494.659255, -1847.011876, 0.000000, 0.000000
494.559255, -1846.598129, 1.000000, 472.000000
494.459255, -1846.065598, 1.000000, 472.000000
494.359255, -1845.459741, 1.000000, 472.000000
494.259255, -1844.664666, 1.000000, 472.000000
494.159255, -1844.243687, 1.000000, 472.000000
494.059255, -1843.873488, 1.000000, 472.000000
493.959255, -1843.489110, 1.000000, 472.000000
493.859255, -1842.877514, 1.000000, 472.000000
493.759255, -1842.466636, 1.000000, 472.000000
493.659255, -1842.119877, 1.000000, 472.000000
493.559255, -1841.632257, 1.000000, 472.000000
493.459255, -1841.225207, 1.000000, 472.000000
493.359255, -1840.534545, 1.000000, 472.000000
493.259255, -1839.934067, 1.000000, 472.000000
493.159255, -1839.587308, 1.000000, 472.000000
493.059255, -1839.129170, 1.000000, 472.000000
492.959255, -1838.882604, 1.000000, 472.000000
492.859255, -1838.623936, 1.000000, 472.000000
492.759255, -1838.360415, 1.000000, 472.000000
492.659255, -1838.142906, 1.000000, 472.000000
492.559255, -1837.944975, 1.000000, 472.000000
492.459255, -1837.772285, 1.000000, 472.000000
492.359255, -1837.588337, 1.000000, 472.000000
492.259255, -1837.409005, 1.000000, 472.000000
492.159255, -1837.273723, 1.000000, 472.000000
492.059255, -1837.129185, 1.000000, 472.000000
491.959255, -1836.969041, 1.000000, 472.000000
491.859255, -1836.746021, 1.000000, 472.000000
491.759255, -1836.504967, 1.000000, 472.000000
491.659255, -1836.258401, 1.000000, 472.000000
491.559255, -1836.004650, 1.000000, 472.000000
491.459255, -1835.698026, 1.000000, 472.000000
491.359255, -1835.311093, 1.000000, 472.000000
491.259255, -1834.986593, 1.000000, 472.000000
491.159255, -1834.778736, 1.000000, 472.000000
491.059255, -1834.570880, 1.000000, 472.000000
490.959255, -1834.358942, 1.000000, 472.000000
490.859255, -1834.205870, 1.000000, 472.000000
490.759255, -1834.052799, 1.000000, 472.000000
490.659255, -1833.899582, 1.000000, 472.000000
490.559255, -1833.733947, 1.000000, 472.000000
490.459255, -1833.567281, 1.000000, 472.000000
490.359255, -1833.422884, 1.000000, 472.000000
490.259255, -1833.279295, 1.000000, 472.000000
490.159255, -1833.152826, 1.000000, 472.000000
490.059255, -1833.015052, 1.000000, 472.000000
489.959255, -1832.877168, 1.000000, 472.000000
489.859255, -1832.731915, 1.000000, 472.000000
489.759255, -1832.593762, 1.000000, 472.000000
489.659255, -1832.416789, 1.000000, 472.000000
489.559255, -1832.241854, 1.000000, 472.000000
489.459255, -1832.103970, 1.000000, 472.000000
489.359255, -1831.910233, 1.000000, 472.000000
489.259255, -1831.772350, 1.000000, 472.000000
489.159255, -1831.614205, 1.000000, 472.000000
489.059255, -1831.491992, 1.000000, 472.000000
488.959255, -1831.388060, 1.000000, 472.000000
488.859255, -1831.288632, 1.000000, 472.000000
488.759255, -1831.224002, 1.000000, 472.000000
488.659255, -1831.143503, 1.000000, 472.000000
488.559255, -1831.093014, 1.000000, 472.000000
488.459255, -1831.044833, 1.000000, 472.000000
488.359255, -1830.986722, 1.000000, 472.000000
488.259255, -1830.940648, 1.000000, 472.000000
488.159255, -1830.865250, 1.000000, 472.000000
488.059255, -1830.784836, 1.000000, 472.000000
487.959255, -1830.689848, 1.000000, 472.000000
487.859255, -1830.600304, 1.000000, 472.000000
487.759255, -1830.521254, 1.000000, 472.000000
487.659255, -1830.443224, 1.000000, 472.000000
487.559255, -1830.353680, 1.000000, 472.000000
487.459255, -1830.302345, 1.000000, 472.000000
487.359255, -1830.212801, 1.000000, 472.000000
487.259255, -1830.139402, 1.000000, 472.000000
487.159255, -1830.055721, 1.000000, 472.000000
487.059255, -1829.963599, 1.000000, 472.000000
486.959255, -1829.852750, 1.000000, 472.000000
486.859255, -1829.736783, 1.000000, 472.000000
486.759255, -1829.603880, 1.000000, 472.000000
486.659255, -1829.471024, 1.000000, 472.000000
486.559255, -1829.330682, 1.000000, 472.000000
486.459255, -1829.205265, 1.000000, 472.000000
486.359255, -1829.061084, 1.000000, 472.000000
486.259255, -1828.894849, 1.000000, 472.000000
486.159255, -1828.721532, 1.000000, 472.000000
486.059255, -1828.497443, 1.000000, 472.000000
485.959255, -1828.344635, 1.000000, 472.000000
485.859255, -1828.221120, 1.000000, 472.000000
485.759255, -1828.103783, 1.000000, 472.000000
485.659255, -1827.980268, 1.000000, 472.000000
485.559255, -1827.865961, 1.000000, 472.000000
485.459255, -1827.763562, 1.000000, 472.000000
485.359255, -1827.669996, 1.000000, 472.000000
485.259255, -1827.593088, 1.000000, 472.000000
485.159255, -1827.493487, 1.000000, 472.000000
485.059255, -1827.422613, 1.000000, 472.000000
484.959255, -1827.323012, 1.000000, 472.000000
484.859255, -1827.248449, 1.000000, 472.000000
484.759255, -1827.173890, 1.000000, 472.000000
484.659255, -1827.097646, 1.000000, 472.000000
484.559255, -1827.021402, 1.000000, 472.000000
484.459255, -1826.945158, 1.000000, 472.000000
484.359255, -1826.868914, 1.000000, 472.000000
484.259255, -1826.792670, 1.000000, 472.000000
484.159255, -1826.716425, 1.000000, 472.000000
484.059255, -1826.640181, 1.000000, 472.000000
483.959255, -1826.563937, 1.000000, 472.000000
483.859255, -1826.487693, 1.000000, 472.000000
483.759255, -1826.411449, 1.000000, 472.000000
483.659255, -1826.387303, 1.000000, 472.000000
483.559255, -1826.341948, 1.000000, 472.000000
483.459255, -1826.296592, 1.000000, 472.000000
483.359255, -1826.251435, 1.000000, 472.000000
483.259255, -1826.222732, 1.000000, 472.000000
483.159255, -1826.181044, 1.000000, 472.000000
483.059255, -1826.139356, 1.000000, 472.000000
482.959255, -1826.097668, 1.000000, 472.000000
482.859255, -1826.051244, 1.000000, 472.000000
482.759255, -1826.003386, 1.000000, 472.000000
482.659255, -1825.959453, 1.000000, 472.000000
482.559255, -1825.911818, 1.000000, 472.000000
482.459255, -1825.863960, 1.000000, 472.000000
482.359255, -1825.821238, 1.000000, 472.000000
482.259255, -1825.782434, 1.000000, 472.000000
482.159255, -1825.746656, 1.000000, 472.000000
482.059255, -1825.703794, 1.000000, 472.000000
481.959255, -1825.654485, 1.000000, 472.000000
481.859255, -1825.612797, 1.000000, 472.000000
481.759255, -1825.561452, 1.000000, 472.000000
481.659255, -1825.516271, 1.000000, 472.000000
481.559255, -1825.474583, 1.000000, 472.000000
481.459255, -1825.432894, 1.000000, 472.000000
481.359255, -1825.393046, 1.000000, 472.000000
481.259255, -1825.357269, 1.000000, 472.000000
481.159255, -1825.320981, 1.000000, 472.000000
481.059255, -1825.281740, 1.000000, 472.000000
480.959255, -1825.245963, 1.000000, 472.000000
480.859255, -1825.209067, 1.000000, 472.000000
480.759255, -1825.167379, 1.000000, 472.000000
480.659255, -1825.125690, 1.000000, 472.000000
480.559255, -1825.090201, 1.000000, 472.000000
480.459255, -1825.066805, 1.000000, 472.000000
480.359255, -1825.032253, 1.000000, 472.000000
480.259255, -1824.996475, 1.000000, 472.000000
480.159255, -1824.969069, 1.000000, 472.000000
480.059255, -1824.933822, 1.000000, 472.000000
479.959255, -1824.898044, 1.000000, 472.000000
479.859255, -1824.871168, 1.000000, 472.000000
479.759255, -1824.835390, 1.000000, 472.000000
479.659255, -1824.799613, 1.000000, 472.000000
479.559255, -1824.774717, 1.000000, 472.000000
479.459255, -1824.758735, 1.000000, 472.000000
479.359255, -1824.722957, 1.000000, 472.000000
479.259255, -1824.688159, 1.000000, 472.000000
479.159255, -1824.658175, 1.000000, 472.000000
479.059255, -1824.616487, 1.000000, 472.000000
478.959255, -1824.581051, 1.000000, 472.000000
478.859255, -1824.561873, 1.000000, 472.000000
478.759255, -1824.526095, 1.000000, 472.000000
478.659255, -1824.495764, 1.000000, 472.000000
478.559255, -1824.481589, 1.000000, 472.000000
478.459255, -1824.449440, 1.000000, 472.000000
478.359255, -1824.413662, 1.000000, 472.000000
478.259255, -1824.383853, 1.000000, 472.000000
478.159255, -1824.351008, 1.000000, 472.000000
478.059255, -1824.315231, 1.000000, 472.000000
477.959255, -1824.276272, 1.000000, 472.000000
477.859255, -1824.239703, 1.000000, 472.000000
477.759255, -1824.203925, 1.000000, 472.000000
477.659255, -1824.164358, 1.000000, 472.000000
477.559255, -1824.122670, 1.000000, 472.000000
477.459255, -1824.080982, 1.000000, 472.000000
477.359255, -1824.036802, 1.000000, 472.000000
477.259255, -1823.984455, 1.000000, 472.000000
477.159255, -1823.942767, 1.000000, 472.000000
477.059255, -1823.894460, 1.000000, 472.000000
476.959255, -1823.841987, 1.000000, 472.000000
476.859255, -1823.794130, 1.000000, 472.000000
476.759255, -1823.724363, 1.000000, 472.000000
476.659255, -1823.666393, 1.000000, 472.000000
476.559255, -1823.618535, 1.000000, 472.000000
476.459255, -1823.567378, 1.000000, 472.000000
476.359255, -1823.513528, 1.000000, 472.000000
476.259255, -1823.465670, 1.000000, 472.000000
476.159255, -1823.410904, 1.000000, 472.000000
476.059255, -1823.365843, 1.000000, 472.000000
475.959255, -1823.324155, 1.000000, 472.000000
475.859255, -1823.268562, 1.000000, 472.000000
475.759255, -1823.214478, 1.000000, 472.000000
475.659255, -1823.172790, 1.000000, 472.000000
475.559255, -1823.126220, 1.000000, 472.000000
475.459255, -1823.076263, 1.000000, 472.000000
475.359255, -1823.034575, 1.000000, 472.000000
475.259255, -1822.992887, 1.000000, 472.000000
475.159255, -1822.951199, 1.000000, 472.000000
475.059255, -1822.909511, 1.000000, 472.000000
474.959255, -1822.878398, 1.000000, 472.000000
474.859255, -1822.853265, 1.000000, 472.000000
474.759255, -1822.817487, 1.000000, 472.000000
474.659255, -1822.781710, 1.000000, 472.000000
474.559255, -1822.793773, 1.000000, 472.000000
474.459255, -1822.763600, 1.000000, 472.000000
474.359255, -1822.733427, 1.000000, 472.000000
474.259255, -1822.703254, 1.000000, 472.000000
474.159255, -1822.673081, 1.000000, 472.000000
474.059255, -1822.642908, 1.000000, 472.000000
473.959255, -1822.612734, 1.000000, 472.000000
473.859255, -1822.582561, 1.000000, 472.000000
473.759255, -1822.552388, 1.000000, 472.000000
473.659255, -1822.534772, 1.000000, 472.000000
473.559255, -1822.541666, 1.000000, 472.000000
473.459255, -1822.537127, 1.000000, 472.000000
473.359255, -1822.532588, 1.000000, 472.000000
473.259255, -1822.546572, 1.000000, 472.000000
473.159255, -1822.540028, 1.000000, 472.000000
473.059255, -1822.533484, 1.000000, 472.000000
472.959255, -1822.537031, 1.000000, 472.000000
472.859255, -1822.534012, 1.000000, 472.000000
472.759255, -1822.521830, 1.000000, 472.000000
472.659255, -1822.509647, 1.000000, 472.000000
472.559255, -1822.497464, 1.000000, 472.000000
472.459255, -1822.485282, 1.000000, 472.000000
472.359255, -1822.480006, 1.000000, 472.000000
472.259255, -1822.473145, 1.000000, 472.000000
472.159255, -1822.460962, 1.000000, 472.000000
472.059255, -1822.448780, 1.000000, 472.000000
471.959255, -1822.441121, 1.000000, 472.000000
471.859255, -1822.434577, 1.000000, 472.000000
471.759255, -1822.424460, 1.000000, 472.000000
471.659255, -1822.412277, 1.000000, 472.000000
471.559255, -1822.400095, 1.000000, 472.000000
471.459255, -1822.387912, 1.000000, 472.000000
471.359255, -1822.375730, 1.000000, 472.000000
471.259255, -1822.363547, 1.000000, 472.000000
471.159255, -1822.339137, 1.000000, 472.000000
471.059255, -1822.324389, 1.000000, 472.000000
470.959255, -1822.306490, 1.000000, 472.000000
470.859255, -1822.290362, 1.000000, 472.000000
470.759255, -1822.278179, 1.000000, 472.000000
470.659255, -1822.265997, 1.000000, 472.000000
470.559255, -1822.253814, 1.000000, 472.000000
470.459255, -1822.241632, 1.000000, 472.000000
470.359255, -1822.229449, 1.000000, 472.000000
470.259255, -1822.235346, 1.000000, 472.000000
470.159255, -1822.234072, 1.000000, 472.000000
470.059255, -1822.227529, 1.000000, 472.000000
469.959255, -1822.238056, 1.000000, 472.000000
469.859255, -1822.239567, 1.000000, 472.000000
469.759255, -1822.238586, 1.000000, 472.000000
469.659255, -1822.241368, 1.000000, 472.000000
469.559255, -1822.229811, 1.000000, 472.000000
469.459255, -1822.217629, 1.000000, 472.000000
469.359255, -1822.218847, 1.000000, 472.000000
469.259255, -1822.219598, 1.000000, 472.000000
469.159255, -1822.213054, 1.000000, 472.000000
469.059255, -1822.208311, 1.000000, 472.000000
468.959255, -1822.208035, 1.000000, 472.000000
468.859255, -1822.201491, 1.000000, 472.000000
468.759255, -1822.201893, 1.000000, 472.000000
468.659255, -1822.211433, 1.000000, 472.000000
468.559255, -1822.210452, 1.000000, 472.000000
468.459255, -1822.216352, 1.000000, 472.000000
468.359255, -1822.224519, 1.000000, 472.000000
468.259255, -1822.223538, 1.000000, 472.000000
468.159255, -1822.224640, 1.000000, 472.000000
468.059255, -1822.218262, 1.000000, 472.000000
467.959255, -1822.206079, 1.000000, 472.000000
467.859255, -1822.193897, 1.000000, 472.000000
467.759255, -1822.177295, 1.000000, 472.000000
467.659255, -1822.159397, 1.000000, 472.000000
467.559255, -1822.134177, 1.000000, 472.000000
467.459255, -1822.108483, 1.000000, 472.000000
467.359255, -1822.096301, 1.000000, 472.000000
467.259255, -1822.084118, 1.000000, 472.000000
467.159255, -1822.071936, 1.000000, 472.000000
467.059255, -1822.059753, 1.000000, 472.000000
466.959255, -1822.047571, 1.000000, 472.000000
466.859255, -1822.035388, 1.000000, 472.000000
466.759255, -1822.023206, 1.000000, 472.000000
466.659255, -1822.011023, 1.000000, 472.000000
466.559255, -1821.998841, 1.000000, 472.000000
466.459255, -1821.986658, 1.000000, 472.000000
466.359255, -1821.966997, 1.000000, 472.000000
466.259255, -1821.941721, 1.000000, 472.000000
466.159255, -1821.918027, 1.000000, 472.000000
466.059255, -1821.880073, 1.000000, 472.000000
465.959255, -1821.854168, 1.000000, 472.000000
465.859255, -1821.830474, 1.000000, 472.000000
465.759255, -1821.802280, 1.000000, 472.000000
465.659255, -1821.779149, 1.000000, 472.000000
465.559255, -1821.766966, 1.000000, 472.000000
465.459255, -1821.758298, 1.000000, 472.000000
465.359255, -1821.754829, 1.000000, 472.000000
465.259255, -1821.742646, 1.000000, 472.000000
465.159255, -1821.735778, 1.000000, 472.000000
465.059255, -1821.733796, 1.000000, 472.000000
464.959255, -1821.727252, 1.000000, 472.000000
464.859255, -1821.725241, 1.000000, 472.000000
464.759255, -1821.724777, 1.000000, 472.000000
464.659255, -1821.721993, 1.000000, 472.000000
464.559255, -1821.719208, 1.000000, 472.000000
464.459255, -1821.716423, 1.000000, 472.000000
464.359255, -1821.713639, 1.000000, 472.000000
464.259255, -1821.710854, 1.000000, 472.000000
464.159255, -1821.708070, 1.000000, 472.000000
464.059255, -1821.705285, 1.000000, 472.000000
463.959255, -1821.714508, 1.000000, 472.000000
463.859255, -1821.726753, 1.000000, 472.000000
463.759255, -1821.738998, 1.000000, 472.000000
463.659255, -1821.751728, 1.000000, 472.000000
463.559255, -1821.769288, 1.000000, 472.000000
463.459255, -1821.789930, 1.000000, 472.000000
463.359255, -1821.819904, 1.000000, 472.000000
463.259255, -1821.870701, 1.000000, 472.000000
463.159255, -1821.898593, 1.000000, 472.000000
463.059255, -1821.925038, 1.000000, 472.000000
462.959255, -1821.968150, 1.000000, 472.000000
462.859255, -1821.994595, 1.000000, 472.000000
462.759255, -1822.021040, 1.000000, 472.000000
462.659255, -1822.048350, 1.000000, 472.000000
462.559255, -1822.063285, 1.000000, 472.000000
462.459255, -1822.078220, 1.000000, 472.000000
462.359255, -1822.093155, 1.000000, 472.000000
462.259255, -1822.108090, 1.000000, 472.000000
462.159255, -1822.123025, 1.000000, 472.000000
462.059255, -1822.135088, 1.000000, 472.000000
461.959255, -1822.144410, 1.000000, 472.000000
461.859255, -1822.155557, 1.000000, 472.000000
461.759255, -1822.173944, 1.000000, 472.000000
461.659255, -1822.194586, 1.000000, 472.000000
461.559255, -1822.220576, 1.000000, 472.000000
461.459255, -1822.252399, 1.000000, 472.000000
461.359255, -1822.273041, 1.000000, 472.000000
461.259255, -1822.293683, 1.000000, 472.000000
461.159255, -1822.320359, 1.000000, 472.000000
461.059255, -1822.329681, 1.000000, 472.000000
460.959255, -1822.339062, 1.000000, 472.000000
460.859255, -1822.353997, 1.000000, 472.000000
460.759255, -1822.368932, 1.000000, 472.000000
460.659255, -1822.381839, 1.000000, 472.000000
460.559255, -1822.384375, 1.000000, 472.000000
460.459255, -1822.393697, 1.000000, 472.000000
460.359255, -1822.404127, 1.000000, 472.000000
460.259255, -1822.419062, 1.000000, 472.000000
460.159255, -1822.433997, 1.000000, 472.000000
460.059255, -1822.454329, 1.000000, 472.000000
459.959255, -1822.483121, 1.000000, 472.000000
459.859255, -1822.509565, 1.000000, 472.000000
459.759255, -1822.538837, 1.000000, 472.000000
459.659255, -1822.569646, 1.000000, 472.000000
459.559255, -1822.578968, 1.000000, 472.000000
459.459255, -1822.588289, 1.000000, 472.000000
459.359255, -1822.588683, 1.000000, 472.000000
459.259255, -1822.592482, 1.000000, 472.000000
459.159255, -1822.596282, 1.000000, 472.000000
459.059255, -1822.597146, 1.000000, 472.000000
458.959255, -1822.606468, 1.000000, 472.000000
458.859255, -1822.615613, 1.000000, 472.000000
458.759255, -1822.618542, 1.000000, 472.000000
458.659255, -1822.633477, 1.000000, 472.000000
458.559255, -1822.650324, 1.000000, 472.000000
458.459255, -1822.677943, 1.000000, 472.000000
458.359255, -1822.698585, 1.000000, 472.000000
458.259255, -1822.717762, 1.000000, 472.000000
458.159255, -1822.735758, 1.000000, 472.000000
458.059255, -1822.756400, 1.000000, 472.000000
457.959255, -1822.774839, 1.000000, 472.000000
457.859255, -1822.778708, 1.000000, 472.000000
457.759255, -1822.792437, 1.000000, 472.000000
457.659255, -1822.807372, 1.000000, 472.000000
457.559255, -1822.810034, 1.000000, 472.000000
457.459255, -1822.824969, 1.000000, 472.000000
457.359255, -1822.839904, 1.000000, 472.000000
457.259255, -1822.843219, 1.000000, 472.000000
457.159255, -1822.863861, 1.000000, 472.000000
457.059255, -1822.884503, 1.000000, 472.000000
456.959255, -1822.901034, 1.000000, 472.000000
456.859255, -1822.921676, 1.000000, 472.000000
456.759255, -1822.941787, 1.000000, 472.000000
456.659255, -1822.956722, 1.000000, 472.000000
456.559255, -1822.971657, 1.000000, 472.000000
456.459255, -1822.983192, 1.000000, 472.000000
456.359255, -1822.986637, 1.000000, 472.000000
456.259255, -1822.995958, 1.000000, 472.000000
456.159255, -1822.993536, 1.000000, 472.000000
456.059255, -1822.968548, 1.000000, 472.000000
455.959255, -1822.971150, 1.000000, 472.000000
455.859255, -1822.980471, 1.000000, 472.000000
455.759255, -1822.974666, 1.000000, 472.000000
455.659255, -1822.978814, 1.000000, 472.000000
455.559255, -1822.988135, 1.000000, 472.000000
455.459255, -1823.000943, 1.000000, 472.000000
455.359255, -1823.015878, 1.000000, 472.000000
455.259255, -1823.030813, 1.000000, 472.000000
455.159255, -1823.046051, 1.000000, 472.000000
455.059255, -1823.086196, 1.000000, 472.000000
454.959255, -1823.126340, 1.000000, 472.000000
454.859255, -1823.166485, 1.000000, 472.000000
454.759255, -1823.206630, 1.000000, 472.000000
454.659255, -1823.246774, 1.000000, 472.000000
454.559255, -1823.286919, 1.000000, 472.000000
454.459255, -1823.327063, 1.000000, 472.000000
454.359255, -1823.367208, 1.000000, 472.000000
454.259255, -1823.407353, 1.000000, 472.000000
454.159255, -1823.447497, 1.000000, 472.000000
454.059255, -1823.487642, 1.000000, 472.000000
453.959255, -1823.527786, 1.000000, 472.000000
453.859255, -1823.567931, 1.000000, 472.000000
453.759255, -1823.656024, 1.000000, 472.000000
453.659255, -1823.730942, 1.000000, 472.000000
453.559255, -1823.805859, 1.000000, 472.000000
453.459255, -1823.875866, 1.000000, 472.000000
453.359255, -1823.958699, 1.000000, 472.000000
453.259255, -1824.047327, 1.000000, 472.000000
453.159255, -1824.153853, 1.000000, 472.000000
453.059255, -1824.263727, 1.000000, 472.000000
452.959255, -1824.379951, 1.000000, 472.000000
452.859255, -1824.489824, 1.000000, 472.000000
452.759255, -1824.641907, 1.000000, 472.000000
452.659255, -1824.751781, 1.000000, 472.000000
452.559255, -1824.878577, 1.000000, 472.000000
452.459255, -1824.967206, 1.000000, 472.000000
452.359255, -1825.055835, 1.000000, 472.000000
452.259255, -1825.144464, 1.000000, 472.000000
452.159255, -1825.222061, 1.000000, 472.000000
452.059255, -1825.305502, 1.000000, 472.000000
451.959255, -1825.394131, 1.000000, 472.000000
451.859255, -1825.482759, 1.000000, 472.000000
451.759255, -1825.571388, 1.000000, 472.000000
451.659255, -1825.671681, 1.000000, 472.000000
451.559255, -1825.773639, 1.000000, 472.000000
451.459255, -1825.869713, 1.000000, 472.000000
451.359255, -1825.958342, 1.000000, 472.000000
451.259255, -1826.045629, 1.000000, 472.000000
451.159255, -1826.097491, 1.000000, 472.000000
451.059255, -1826.168575, 1.000000, 472.000000
450.959255, -1826.218643, 1.000000, 472.000000
450.859255, -1826.270609, 1.000000, 472.000000
450.759255, -1826.334019, 1.000000, 472.000000
450.659255, -1826.369644, 1.000000, 472.000000
450.559255, -1826.439475, 1.000000, 472.000000
450.459255, -1826.507073, 1.000000, 472.000000
450.359255, -1826.558099, 1.000000, 472.000000
450.259255, -1826.641313, 1.000000, 472.000000
450.159255, -1826.729942, 1.000000, 472.000000
450.059255, -1826.818571, 1.000000, 472.000000
449.959255, -1826.907200, 1.000000, 472.000000
449.859255, -1826.977364, 1.000000, 472.000000
449.759255, -1827.056821, 1.000000, 472.000000
449.659255, -1827.128295, 1.000000, 472.000000
449.559255, -1827.191599, 1.000000, 472.000000
449.459255, -1827.255010, 1.000000, 472.000000
449.359255, -1827.307243, 1.000000, 472.000000
449.259255, -1827.386701, 1.000000, 472.000000
449.159255, -1827.470257, 1.000000, 472.000000
449.059255, -1827.567987, 1.000000, 472.000000
448.959255, -1827.674019, 1.000000, 472.000000
448.859255, -1827.842249, 1.000000, 472.000000
448.759255, -1828.017489, 1.000000, 472.000000
448.659255, -1828.168788, 1.000000, 472.000000
448.559255, -1828.335439, 1.000000, 472.000000
448.459255, -1828.457708, 1.000000, 472.000000
448.359255, -1828.589184, 1.000000, 472.000000
448.259255, -1828.687904, 1.000000, 472.000000
448.159255, -1828.794462, 1.000000, 472.000000
448.059255, -1828.883090, 1.000000, 472.000000
447.959255, -1828.990093, 1.000000, 472.000000
447.859255, -1829.088812, 1.000000, 472.000000
447.759255, -1829.856451, 1.000000, 472.000000
447.659255, -1829.945080, 1.000000, 472.000000
447.559255, -1830.033708, 0.000000, 0.000000
447.459255, -1830.122337, 0.000000, 0.000000
447.359255, -1830.211397, 0.000000, 0.000000
447.259255, -1830.312166, 0.000000, 0.000000
447.159255, -1830.414094, 0.000000, 0.000000
447.059255, -1830.516022, 0.000000, 0.000000
446.959255, -1830.626705, 0.000000, 0.000000
446.859255, -1830.770516, 0.000000, 0.000000
446.759255, -1830.918278, 0.000000, 0.000000
446.659255, -1831.066039, 0.000000, 0.000000
446.559255, -1831.163364, 0.000000, 0.000000
446.459255, -1831.202807, 0.000000, 0.000000
446.359255, -1831.242249, 0.000000, 0.000000
446.259255, -1831.474046, 1.000000, 53.000000
446.159255, -1831.795205, 1.000000, 53.000000
446.059255, -1832.149420, 1.000000, 53.000000
445.959255, -1832.453648, 1.000000, 53.000000
445.859255, -1832.684532, 1.000000, 53.000000
445.759255, -1832.873683, 1.000000, 53.000000
445.659255, -1833.042236, 1.000000, 53.000000
445.559255, -1833.189043, 1.000000, 53.000000
445.459255, -1833.374381, 1.000000, 53.000000
445.359255, -1833.510427, 1.000000, 53.000000
445.259255, -1833.666982, 1.000000, 53.000000
445.159255, -1833.861725, 1.000000, 53.000000
445.059255, -1834.167571, 1.000000, 53.000000
444.959255, -1834.435880, 1.000000, 53.000000
444.859255, -1834.704966, 1.000000, 53.000000
444.759255, -1834.987974, 1.000000, 53.000000
444.659255, -1835.244963, 1.000000, 53.000000
444.559255, -1835.517788, 1.000000, 53.000000
444.459255, -1835.833737, 1.000000, 53.000000
444.359255, -1836.234685, 1.000000, 53.000000
444.259255, -1836.814058, 1.000000, 53.000000
444.159255, -1837.172413, 1.000000, 53.000000
444.059255, -1837.425923, 1.000000, 53.000000
443.959255, -1837.628672, 1.000000, 53.000000
443.859255, -1837.798415, 1.000000, 53.000000
443.759255, -1837.955775, 1.000000, 53.000000
443.659255, -1838.093796, 1.000000, 53.000000
443.559255, -1838.258786, 1.000000, 53.000000
443.459255, -1838.402522, 1.000000, 53.000000
443.359255, -1838.569437, 1.000000, 53.000000
443.259255, -1838.731008, 1.000000, 53.000000
443.159255, -1838.912311, 1.000000, 53.000000
443.059255, -1839.093921, 1.000000, 53.000000
442.959255, -1839.299996, 1.000000, 53.000000
442.859255, -1839.523038, 1.000000, 53.000000
442.759255, -1839.813076, 1.000000, 53.000000
442.659255, -1840.207292, 1.000000, 53.000000
442.559255, -1840.609478, 1.000000, 53.000000
442.459255, -1840.968530, 1.000000, 53.000000
442.359255, -1841.322369, 1.000000, 53.000000
442.259255, -1841.649143, 1.000000, 53.000000
442.159255, -1841.975917, 1.000000, 53.000000
442.059255, -1842.272066, 1.000000, 53.000000
441.959255, -1842.618299, 1.000000, 53.000000
441.859255, -1842.970598, 1.000000, 53.000000
441.759255, -1843.336751, 1.000000, 53.000000
441.659255, -1843.739119, 1.000000, 53.000000
441.559255, -1844.131293, 1.000000, 53.000000
441.459255, -1844.572826, 1.000000, 53.000000
441.359255, -1844.962430, 1.000000, 53.000000
441.259255, -1845.363517, 1.000000, 53.000000
441.159255, -1845.745113, 1.000000, 53.000000
441.059255, -1845.810803, 1.000000, 53.000000
440.959255, -1845.824024, 0.000000, 0.000000
440.859255, -1846.932213, 0.000000, 0.000000
440.759255, -1847.324387, 0.000000, 0.000000
440.659255, -1847.716561, 0.000000, 0.000000
440.559255, -1848.108735, 0.000000, 0.000000
440.459255, -1848.500909, 0.000000, 0.000000
440.359255, -1848.908800, 0.000000, 0.000000
440.259255, -1849.408026, 0.000000, 0.000000
440.159255, -1849.962497, 0.000000, 0.000000
440.059255, -1850.516967, 0.000000, 0.000000
439.959255, -1851.071438, 0.000000, 0.000000
439.859255, -1851.548223, 1.000000, 6.000000
439.759255, -1852.335749, 1.000000, 6.000000
439.659255, -1853.045590, 1.000000, 6.000000
439.559255, -1853.749011, 1.000000, 6.000000
439.459255, -1854.219675, 1.000000, 6.000000
439.359255, -1854.789564, 1.000000, 6.000000
439.259255, -1855.496528, 0.000000, 0.000000
439.159255, -1856.206369, 0.000000, 0.000000
439.059255, -1856.894943, 0.000000, 0.000000
438.959255, -1857.548366, 0.000000, 0.000000
438.859255, -1858.258207, 0.000000, 0.000000
438.759255, -1858.883506, 0.000000, 0.000000
438.659255, -1859.577559, 0.000000, 0.000000
438.559255, -1860.271598, 0.000000, 0.000000
438.459255, -1860.813650, 1.000000, 4.000000
438.359255, -1861.828485, 1.000000, 4.000000
438.259255, -1863.163724, 1.000000, 4.000000
438.159255, -1866.291315, 1.000000, 4.000000
438.059255, -1868.451492, 0.000000, 0.000000
437.959255, -1868.980906, 0.000000, 0.000000
437.859255, -1869.491845, 0.000000, 0.000000
437.759255, -1869.875000, 0.000000, 0.000000
437.659255, -1870.206454, 1.000000, 3.000000
437.559255, -1870.603885, 1.000000, 3.000000
437.459255, -1870.901620, 1.000000, 3.000000
437.359255, -1871.046167, 0.000000, 0.000000
437.259255, -1871.190713, 0.000000, 0.000000
437.159255, -1871.335260, 0.000000, 0.000000
437.059255, -1871.479807, 0.000000, 0.000000
436.959255, -1871.624354, 0.000000, 0.000000
436.859255, -1871.768901, 0.000000, 0.000000
436.759255, -1871.913447, 0.000000, 0.000000
436.659255, -1872.057994, 0.000000, 0.000000
436.559255, -1872.202541, 0.000000, 0.000000
436.459255, -1872.347088, 0.000000, 0.000000
436.359255, -1872.491635, 0.000000, 0.000000
436.259255, -1872.636182, 0.000000, 0.000000
436.159255, -1872.780728, 0.000000, 0.000000
436.059255, -1872.925275, 0.000000, 0.000000
435.959255, -1873.069822, 0.000000, 0.000000
435.859255, -1873.214369, 0.000000, 0.000000
435.759255, -1873.358916, 0.000000, 0.000000
435.659255, -1873.503462, 0.000000, 0.000000
435.559255, -1873.648009, 0.000000, 0.000000
435.459255, -1873.792556, 0.000000, 0.000000
435.359255, -1873.937103, 0.000000, 0.000000
435.259255, -1874.081650, 0.000000, 0.000000
435.159255, -1874.226196, 0.000000, 0.000000
435.059255, -1874.370743, 0.000000, 0.000000
434.959255, -1874.515290, 0.000000, 0.000000
434.859255, -1874.659837, 0.000000, 0.000000
434.759255, -1874.804384, 0.000000, 0.000000
434.659255, -1874.948931, 0.000000, 0.000000
434.559255, -1875.104999, 0.000000, 0.000000
434.459255, -1875.381507, 0.000000, 0.000000
434.359255, -1875.658015, 0.000000, 0.000000
434.259255, -1875.934523, 0.000000, 0.000000
434.159255, -1876.211031, 0.000000, 0.000000
434.059255, -1876.485291, 0.000000, 0.000000
433.959255, -1876.728742, 0.000000, 0.000000
433.859255, -1876.941384, 0.000000, 0.000000
433.759255, -1877.154026, 0.000000, 0.000000
433.659255, -1877.366668, 0.000000, 0.000000
433.559255, -1877.579310, 0.000000, 0.000000
433.459255, -1877.791952, 0.000000, 0.000000
433.359255, -1878.004594, 0.000000, 0.000000
433.259255, -1878.217236, 0.000000, 0.000000
433.159255, -1878.292596, 0.000000, 0.000000
433.059255, -1878.256274, 0.000000, 0.000000
432.959255, -1878.219952, 0.000000, 0.000000
432.859255, -1878.183630, 0.000000, 0.000000
432.759255, -1878.147308, 0.000000, 0.000000
432.659255, -1878.110986, 0.000000, 0.000000
432.559255, -1878.074664, 0.000000, 0.000000
432.459255, -1878.045925, 0.000000, 0.000000
432.359255, -1878.233939, 1.000000, 13.000000
432.259255, -1878.419433, 1.000000, 13.000000
432.159255, -1878.685194, 1.000000, 13.000000
432.059255, -1878.979857, 1.000000, 13.000000
431.959255, -1879.215860, 1.000000, 13.000000
431.859255, -1879.436698, 1.000000, 13.000000
431.759255, -1879.677862, 1.000000, 13.000000
431.659255, -1879.916705, 1.000000, 13.000000
431.559255, -1880.150320, 1.000000, 13.000000
431.459255, -1880.438236, 1.000000, 13.000000
431.359255, -1880.708960, 1.000000, 13.000000
431.259255, -1880.969250, 1.000000, 13.000000
431.159255, -1881.348381, 1.000000, 13.000000
431.059255, -1881.436417, 0.000000, 0.000000
430.959255, -1881.692742, 0.000000, 0.000000
430.859255, -1881.941418, 0.000000, 0.000000
430.759255, -1882.200983, 0.000000, 0.000000
430.659255, -1882.457039, 0.000000, 0.000000
430.559255, -1882.722515, 0.000000, 0.000000
430.459255, -1882.984129, 0.000000, 0.000000
430.359255, -1883.221605, 0.000000, 0.000000
430.259255, -1883.487081, 0.000000, 0.000000
430.159255, -1883.764666, 0.000000, 0.000000
430.059255, -1884.008612, 0.000000, 0.000000
429.959255, -1884.268815, 0.000000, 0.000000
429.859255, -1884.516681, 0.000000, 0.000000
429.759255, -1884.773178, 0.000000, 0.000000
429.659255, -1885.056053, 0.000000, 0.000000
429.559255, -1885.285455, 0.000000, 0.000000
429.459255, -1885.537744, 0.000000, 0.000000
429.359255, -1885.828952, 0.000000, 0.000000
429.259255, -1886.054036, 0.000000, 0.000000
429.159255, -1886.316525, 0.000000, 0.000000
429.059255, -1886.528866, 0.000000, 0.000000
428.959255, -1886.693526, 1.000000, 17.000000
428.859255, -1886.874161, 1.000000, 17.000000
428.759255, -1887.066924, 1.000000, 17.000000
428.659255, -1887.265951, 1.000000, 17.000000
428.559255, -1887.481154, 1.000000, 17.000000
428.459255, -1887.673717, 1.000000, 17.000000
428.359255, -1887.859613, 1.000000, 17.000000
428.259255, -1888.029186, 1.000000, 17.000000
428.159255, -1888.219994, 1.000000, 17.000000
428.059255, -1888.410803, 1.000000, 17.000000
427.959255, -1888.601611, 1.000000, 17.000000
427.859255, -1888.815773, 1.000000, 17.000000
427.759255, -1889.009377, 1.000000, 17.000000
427.659255, -1889.200185, 1.000000, 17.000000
427.559255, -1889.408322, 1.000000, 17.000000
427.459255, -1889.607950, 1.000000, 17.000000
427.359255, -1889.911361, 1.000000, 17.000000
427.259255, -1889.989568, 0.000000, 0.000000
427.159255, -1890.206524, 0.000000, 0.000000
427.059255, -1890.397333, 0.000000, 0.000000
426.959255, -1890.588141, 0.000000, 0.000000
426.859255, -1890.778950, 0.000000, 0.000000
426.759255, -1890.995907, 0.000000, 0.000000
426.659255, -1891.186715, 0.000000, 0.000000
426.559255, -1891.377524, 0.000000, 0.000000
426.459255, -1891.568332, 0.000000, 0.000000
426.359255, -1891.778518, 0.000000, 0.000000
426.259255, -1891.976098, 0.000000, 0.000000
426.159255, -1892.166906, 0.000000, 0.000000
426.059255, -1892.357715, 0.000000, 0.000000
425.959255, -1892.574672, 0.000000, 0.000000
425.859255, -1892.765480, 0.000000, 0.000000
425.759255, -1892.956289, 0.000000, 0.000000
425.659255, -1893.147097, 0.000000, 0.000000
425.559255, -1893.364054, 0.000000, 0.000000
425.459255, -1893.554863, 0.000000, 0.000000
425.359255, -1893.745671, 0.000000, 0.000000
425.259255, -1893.941598, 0.000000, 0.000000
425.159255, -1894.153436, 0.000000, 0.000000
425.059255, -1894.344245, 0.000000, 0.000000
424.959255, -1894.535054, 0.000000, 0.000000
424.859255, -1894.741262, 0.000000, 0.000000
424.759255, -1894.942819, 0.000000, 0.000000
424.659255, -1895.130300, 0.000000, 0.000000
424.559255, -1895.298288, 1.000000, 18.000000
424.459255, -1895.500904, 1.000000, 18.000000
424.359255, -1895.706849, 1.000000, 18.000000
424.259255, -1895.870553, 1.000000, 18.000000
424.159255, -1896.018291, 1.000000, 18.000000
424.059255, -1896.161497, 1.000000, 18.000000
423.959255, -1896.304703, 1.000000, 18.000000
423.859255, -1896.447908, 1.000000, 18.000000
423.759255, -1896.580746, 1.000000, 18.000000
423.659255, -1896.713119, 1.000000, 18.000000
423.559255, -1896.856324, 1.000000, 18.000000
423.459255, -1896.999530, 1.000000, 18.000000
423.359255, -1897.124141, 1.000000, 18.000000
423.259255, -1897.264740, 1.000000, 18.000000
423.159255, -1897.407946, 1.000000, 18.000000
423.059255, -1897.541890, 1.000000, 18.000000
422.959255, -1897.673157, 1.000000, 18.000000
422.859255, -1897.937643, 1.000000, 18.000000
422.759255, -1897.973525, 0.000000, 0.000000
422.659255, -1898.102773, 0.000000, 0.000000
422.559255, -1898.245979, 0.000000, 0.000000
422.459255, -1898.389185, 0.000000, 0.000000
422.359255, -1898.532390, 0.000000, 0.000000
422.259255, -1898.675596, 0.000000, 0.000000
422.159255, -1898.818802, 0.000000, 0.000000
422.059255, -1898.983208, 0.000000, 0.000000
421.959255, -1899.126414, 0.000000, 0.000000
421.859255, -1899.269619, 0.000000, 0.000000
421.759255, -1899.412825, 0.000000, 0.000000
421.659255, -1899.556031, 0.000000, 0.000000
421.559255, -1899.699236, 0.000000, 0.000000
421.459255, -1899.842442, 0.000000, 0.000000
421.359255, -1899.985647, 0.000000, 0.000000
421.259255, -1900.128853, 0.000000, 0.000000
421.159255, -1900.272059, 0.000000, 0.000000
421.059255, -1900.415264, 0.000000, 0.000000
420.959255, -1900.558470, 0.000000, 0.000000
420.859255, -1900.701676, 0.000000, 0.000000
420.759255, -1900.844881, 0.000000, 0.000000
420.659255, -1900.988087, 0.000000, 0.000000
420.559255, -1901.146672, 0.000000, 0.000000
420.459255, -1901.295699, 0.000000, 0.000000
420.359255, -1901.438905, 0.000000, 0.000000
420.259255, -1901.582110, 0.000000, 0.000000
420.159255, -1901.725316, 0.000000, 0.000000
420.059255, -1901.868522, 0.000000, 0.000000
419.959255, -1902.011727, 0.000000, 0.000000
419.859255, -1902.154933, 0.000000, 0.000000
419.759255, -1902.286617, 1.000000, 20.000000
419.659255, -1902.440199, 1.000000, 20.000000
419.559255, -1902.584550, 1.000000, 20.000000
419.459255, -1902.727755, 1.000000, 20.000000
419.359255, -1902.870961, 1.000000, 20.000000
419.259255, -1903.014167, 1.000000, 20.000000
419.159255, -1903.136171, 1.000000, 20.000000
419.059255, -1903.279377, 1.000000, 20.000000
418.959255, -1903.422583, 1.000000, 20.000000
418.859255, -1903.570213, 1.000000, 20.000000
418.759255, -1903.730195, 1.000000, 20.000000
418.659255, -1903.873400, 1.000000, 20.000000
418.559255, -1904.016606, 1.000000, 20.000000
418.459255, -1904.159812, 1.000000, 20.000000
418.359255, -1904.306781, 1.000000, 20.000000
418.259255, -1904.465341, 1.000000, 20.000000
418.159255, -1904.602245, 1.000000, 20.000000
418.059255, -1904.711444, 1.000000, 20.000000
417.959255, -1905.096839, 1.000000, 20.000000
417.859255, -1905.068074, 1.000000, 20.000000
417.759255, -1905.055676, 0.000000, 0.000000
417.659255, -1905.202248, 0.000000, 0.000000
417.559255, -1905.339319, 0.000000, 0.000000
417.459255, -1905.471731, 0.000000, 0.000000
417.359255, -1905.604142, 0.000000, 0.000000
417.259255, -1905.756695, 0.000000, 0.000000
417.159255, -1905.889107, 0.000000, 0.000000
417.059255, -1906.021519, 0.000000, 0.000000
416.959255, -1906.154845, 0.000000, 0.000000
416.859255, -1906.306483, 0.000000, 0.000000
416.759255, -1906.438895, 0.000000, 0.000000
416.659255, -1906.587583, 0.000000, 0.000000
416.559255, -1906.723859, 0.000000, 0.000000
416.459255, -1906.856271, 0.000000, 0.000000
416.359255, -1906.988683, 0.000000, 0.000000
416.259255, -1907.122157, 0.000000, 0.000000
416.159255, -1907.273648, 0.000000, 0.000000
416.059255, -1907.406059, 0.000000, 0.000000
415.959255, -1907.542421, 1.000000, 1.000000
