2176.537262, -327.344449, 1.000000
2176.508261, -327.201725, 1.000000
2176.491283, -327.057585, 1.000000
2176.474304, -326.913445, 1.000000
2176.457338, -326.769304, 1.000000
2176.428349, -326.626580, 1.000000
2176.411371, -326.482441, 1.000000
2176.382381, -326.339716, 1.000000
2176.365403, -326.195577, 1.000000
2176.336413, -326.052853, 1.000000
2176.331447, -325.907299, 1.000000
2176.314457, -325.763161, 1.000000
2176.285467, -325.620435, 1.000000
2176.256477, -325.477710, 1.000000
2176.239511, -325.333569, 0.000000
2176.222533, -325.189430, 0.000000
2176.205555, -325.045291, 0.000000
2176.176566, -324.902567, 0.000000
2176.159588, -324.758427, 0.000000
2176.142610, -324.614288, 0.000000
2176.125632, -324.470149, 0.000000
2176.108642, -324.326011, 0.000000
2176.091664, -324.181871, 0.000000
2176.074685, -324.037730, 0.000000
2176.045708, -323.895004, 0.000000
2176.028730, -323.750865, 0.000000
2176.011752, -323.606726, 0.000000
2175.994774, -323.462587, 0.000000
2175.977796, -323.318448, 0.000000
2175.960818, -323.174309, 0.000000
2175.943840, -323.030170, 0.000000
2175.914838, -322.887446, 0.000000
2175.897860, -322.743306, 0.000000
2175.880882, -322.599166, 0.000000
2175.855496, -322.446720, 0.000000
2175.839203, -322.301835, 0.000000
2175.822910, -322.156949, 0.000000
2175.794460, -321.975709, 0.000000
2175.781376, -321.830771, 0.000000
2175.768292, -321.685833, 0.000000
2175.755195, -321.540896, 0.000000
2175.742111, -321.395957, 0.000000
2175.729027, -321.251018, 0.000000
2175.715955, -321.106078, 0.000000
2175.690793, -320.962231, 0.000000
2175.677709, -320.817293, 0.000000
2175.664625, -320.672355, 0.000000
2175.651541, -320.527417, 0.000000
2175.638457, -320.382479, 0.000000
2175.625361, -320.237542, 0.000000
2175.612277, -320.092603, 0.000000
2175.587114, -319.948754, 0.000000
2175.574043, -319.803814, 0.000000
2175.560959, -319.658876, 0.000000
2175.546869, -319.367910, 1.000000
2175.521707, -319.224062, 1.000000
2175.508623, -319.079124, 1.000000
2175.495526, -318.934187, 1.000000
2175.482442, -318.789248, 1.000000
2175.469358, -318.644309, 1.000000
2175.456287, -318.499369, 1.000000
2175.443203, -318.354431, 1.000000
2175.430119, -318.209493, 1.000000
2175.429113, -318.063465, 1.000000
2175.416029, -317.918527, 1.000000
2175.402945, -317.773589, 1.000000
2175.389848, -317.628652, 1.000000
2175.376764, -317.483713, 1.000000
2175.363680, -317.338774, 1.000000
2175.350609, -317.193834, 1.000000
2175.325447, -317.049986, 1.000000
2175.312363, -316.905048, 1.000000
2175.299279, -316.760110, 1.000000
2175.286195, -316.615173, 1.000000
2175.261032, -316.471325, 0.000000
2175.247936, -316.326388, 0.000000
2175.234852, -316.181449, 0.000000
2175.221768, -316.036510, 0.000000
2175.208696, -315.891570, 0.000000
2175.195612, -315.746632, 0.000000
2175.182528, -315.601694, 0.000000
2175.169444, -315.456756, 0.000000
2175.156360, -315.311818, 0.000000
2175.143276, -315.166880, 0.000000
2175.130180, -315.021943, 0.000000
2175.117095, -314.877004, 0.000000
2175.104011, -314.732065, 0.000000
2175.090940, -314.587125, 0.000000
2175.077856, -314.442187, 0.000000
2175.064772, -314.297249, 0.000000
2175.051688, -314.152311, 0.000000
2175.038604, -314.007373, 0.000000
2175.037598, -313.861345, 0.000000
2175.011418, -313.571469, 0.000000
2174.998333, -313.426530, 0.000000
2174.985262, -313.281590, 0.000000
2174.972178, -313.136652, 0.000000
2174.959094, -312.991714, 0.000000
2174.946010, -312.846776, 0.000000
2174.932926, -312.701838, 0.000000
2174.919842, -312.556900, 0.000000
2174.906745, -312.411963, 0.000000
2174.893661, -312.267024, 0.000000
2174.880577, -312.122085, 0.000000
2174.867506, -311.977145, 0.000000
2174.854422, -311.832207, 0.000000
2174.841338, -311.687269, 0.000000
2174.828254, -311.542331, 0.000000
2174.815170, -311.397393, 0.000000
2174.814164, -311.251365, 1.000000
2174.788989, -311.107518, 1.000000
2174.775905, -310.962579, 1.000000
2174.762821, -310.817640, 1.000000
2174.737672, -310.673790, 1.000000
2174.724588, -310.528852, 1.000000
2174.711504, -310.383914, 1.000000
2174.698420, -310.238976, 1.000000
2174.673257, -310.095129, 1.000000
2174.660173, -309.950191, 1.000000
2174.634998, -309.806344, 1.000000
2174.621914, -309.661405, 1.000000
2174.608830, -309.516466, 1.000000
2174.583681, -309.372616, 1.000000
2174.558519, -309.228769, 1.000000
2174.545435, -309.083831, 1.000000
2174.536764, -308.940338, 1.000000
2174.523567, -308.795759, 1.000000
2174.498323, -308.652280, 1.000000
2174.485113, -308.507703, 1.000000
2174.471917, -308.363123, 1.000000
2174.458721, -308.218543, 1.000000
2174.433476, -308.075063, 1.000000
2174.408245, -307.931583, 0.000000
2174.395048, -307.787004, 0.000000
2174.381852, -307.642426, 0.000000
2174.380704, -307.496747, 0.000000
2174.367508, -307.352169, 0.000000
2174.354312, -307.207590, 0.000000
2174.341102, -307.063012, 0.000000
2174.327906, -306.918432, 0.000000
2174.314709, -306.773853, 0.000000
2174.313574, -306.628172, 0.000000
2174.300378, -306.483594, 0.000000
2174.287182, -306.339015, 0.000000
2174.273986, -306.194436, 0.000000
2174.260789, -306.049858, 0.000000
2174.247593, -305.905279, 0.000000
2174.234384, -305.760702, 0.000000
2174.233236, -305.615022, 0.000000
2174.220039, -305.470442, 0.000000
2174.206843, -305.325863, 0.000000
2174.193660, -305.181283, 0.000000
2174.180463, -305.036704, 0.000000
2174.167267, -304.892125, 0.000000
2174.166119, -304.746447, 0.000000
2174.152923, -304.601868, 0.000000
2174.139726, -304.457290, 0.000000
2174.126517, -304.312712, 0.000000
2174.113321, -304.168132, 0.000000
2174.100124, -304.023552, 0.000000
2174.098989, -303.877872, 0.000000
2174.085793, -303.733294, 0.000000
2174.072597, -303.588715, 0.000000
2174.059400, -303.444136, 0.000000
2174.046204, -303.299558, 0.000000
2174.033008, -303.154979, 0.000000
2174.031847, -303.009302, 0.000000
2174.018651, -302.864722, 0.000000
2174.005454, -302.720142, 0.000000
2174.004306, -302.574463, 1.000000
2173.991123, -302.429883, 1.000000
2173.965878, -302.286404, 1.000000
2173.964730, -302.140726, 1.000000
2173.951534, -301.996147, 1.000000
2173.938337, -301.851568, 1.000000
2173.925141, -301.706990, 1.000000
2173.923981, -301.561312, 1.000000
2173.910784, -301.416732, 1.000000
2173.897588, -301.272153, 1.000000
2173.896452, -301.126472, 1.000000
2173.883256, -300.981894, 1.000000
2173.870060, -300.837315, 1.000000
2173.868912, -300.691637, 1.000000
2173.867764, -300.545958, 1.000000
2173.854567, -300.401380, 1.000000
2173.841359, -300.256802, 1.000000
2173.840211, -300.111123, 1.000000
2173.814966, -299.967643, 1.000000
2173.801770, -299.823063, 1.000000
2173.776537, -299.679583, 0.000000
2173.763341, -299.535004, 0.000000
2173.750145, -299.390426, 0.000000
2173.736949, -299.245847, 0.000000
2173.723752, -299.101268, 0.000000
2173.710556, -298.956690, 0.000000
2173.685299, -298.813211, 0.000000
2173.672103, -298.668632, 0.000000
2173.658906, -298.524052, 0.000000
2173.645722, -298.379471, 0.000000
2173.632526, -298.234893, 0.000000
2173.619330, -298.090314, 0.000000
2173.606134, -297.945735, 0.000000
2173.592937, -297.801157, 0.000000
2173.579741, -297.656578, 0.000000
2173.566532, -297.512001, 0.000000
2173.553336, -297.367421, 0.000000
2173.528091, -297.223941, 0.000000
2173.514895, -297.079361, 0.000000
2173.501711, -296.934781, 0.000000
2173.488515, -296.790203, 0.000000
2173.475319, -296.645624, 0.000000
2173.462122, -296.501045, 0.000000
2173.448926, -296.356467, 0.000000
2173.435730, -296.211888, 0.000000
2173.422521, -296.067310, 0.000000
2173.409324, -295.922730, 0.000000
2173.396128, -295.778151, 0.000000
2173.382944, -295.633570, 0.000000
2173.357700, -295.490091, 0.000000
2173.344504, -295.345513, 0.000000
2173.348082, -295.212977, 0.000000
2173.333902, -295.069810, 0.000000
2173.319721, -294.926643, 0.000000
2173.305541, -294.783476, 0.000000
2173.286273, -294.642738, 0.000000
2173.271859, -294.499165, 0.000000
2173.257446, -294.355591, 0.000000
2173.243044, -294.212018, 0.000000
2173.228631, -294.068445, 0.000000
2173.214217, -293.924873, 0.000000
2173.187839, -293.782502, 0.000000
2173.173426, -293.638930, 0.000000
2173.159012, -293.495358, 0.000000
2173.144586, -293.351787, 0.000000
2173.130172, -293.208213, 0.000000
2173.127723, -293.063439, 1.000000
2173.113309, -292.919866, 1.000000
2173.086943, -292.777493, 1.000000
2173.072530, -292.633921, 1.000000
2173.058116, -292.490349, 1.000000
2173.043703, -292.346777, 1.000000
2173.017325, -292.204406, 1.000000
2173.002911, -292.060834, 1.000000
2173.000449, -291.916061, 1.000000
2172.986035, -291.772488, 1.000000
2172.971621, -291.628915, 1.000000
2172.969185, -291.484139, 1.000000
2172.954771, -291.340567, 1.000000
2172.940358, -291.196995, 1.000000
2172.925944, -291.053423, 1.000000
2172.923495, -290.908649, 1.000000
2172.909081, -290.765077, 1.000000
2172.894667, -290.621505, 1.000000
2172.892206, -290.476732, 1.000000
2172.877792, -290.333159, 1.000000
2172.863378, -290.189586, 1.000000
2172.825048, -290.048414, 0.000000
2172.810635, -289.904842, 0.000000
2172.808185, -289.760068, 0.000000
2172.793772, -289.616496, 0.000000
2172.779358, -289.472924, 0.000000
2172.764944, -289.329352, 0.000000
2172.762495, -289.184578, 0.000000
2172.748069, -289.041006, 0.000000
2172.733655, -288.897433, 0.000000
2172.719241, -288.753860, 0.000000
2172.704840, -288.610286, 0.000000
2172.702391, -288.465513, 0.000000
2172.687977, -288.321941, 0.000000
2172.673564, -288.178368, 0.000000
2172.659150, -288.034796, 0.000000
2172.656701, -287.890023, 0.000000
2172.642275, -287.746452, 0.000000
2172.627861, -287.602878, 0.000000
2172.613447, -287.459305, 0.000000
2172.610998, -287.314531, 0.000000
2172.596597, -287.170957, 0.000000
2172.582183, -287.027385, 0.000000
2172.567769, -286.883813, 0.000000
2172.565320, -286.739040, 0.000000
2172.550906, -286.595467, 0.000000
2172.536493, -286.451895, 0.000000
2172.522067, -286.308324, 0.000000
2172.507653, -286.164750, 0.000000
2172.505204, -286.019976, 0.000000
2172.490802, -285.876402, 0.000000
2172.476389, -285.732830, 0.000000
2172.461975, -285.589257, 0.000000
2172.459526, -285.444484, 0.000000
2172.445112, -285.300912, 0.000000
2172.430699, -285.157340, 0.000000
2172.416285, -285.013768, 0.000000
2172.413824, -284.868995, 0.000000
2172.399410, -284.725421, 0.000000
2172.384996, -284.581848, 0.000000
2172.370594, -284.438274, 0.000000
2172.368145, -284.293501, 0.000000
2172.353731, -284.149929, 0.000000
2172.351282, -284.005155, 1.000000
2172.324904, -283.862784, 1.000000
2172.298526, -283.720413, 1.000000
2172.296077, -283.575640, 1.000000
2172.281651, -283.432068, 1.000000
2172.267238, -283.288495, 1.000000
2172.252824, -283.144921, 1.000000
2172.238422, -283.001348, 1.000000
2172.224008, -282.857775, 1.000000
2172.209595, -282.714203, 1.000000
2172.183217, -282.571832, 1.000000
2172.168803, -282.428260, 1.000000
2172.166354, -282.283487, 1.000000
2172.151929, -282.139915, 1.000000
2172.137515, -281.996342, 1.000000
2172.123101, -281.852769, 1.000000
2172.096723, -281.710397, 1.000000
2172.082321, -281.566823, 1.000000
2172.055943, -281.424452, 1.000000
2172.053494, -281.279679, 1.000000
2172.009739, -281.172183, 1.000000
2171.979811, -281.027681, 1.000000
2171.962048, -280.881699, 1.000000
2171.947948, -280.745829, 0.000000
2171.929502, -280.601269, 0.000000
2171.911055, -280.456709, 0.000000
2171.892621, -280.312147, 0.000000
2171.886221, -280.166051, 0.000000
2171.867774, -280.021491, 0.000000
2171.849328, -279.876932, 0.000000
2171.830882, -279.732373, 0.000000
2171.812435, -279.587813, 0.000000
2171.793977, -279.443255, 0.000000
2171.775530, -279.298695, 0.000000
2171.757083, -279.154134, 0.000000
2171.750696, -279.008035, 0.000000
2171.732249, -278.863476, 0.000000
2171.713803, -278.718917, 0.000000
2171.695356, -278.574357, 0.000000
2171.676910, -278.429798, 0.000000
2171.658463, -278.285239, 0.000000
2171.640005, -278.140681, 0.000000
2171.621558, -277.996120, 0.000000
2171.615158, -277.850023, 0.000000
2171.596724, -277.705461, 0.000000
2171.578277, -277.560901, 0.000000
2171.559831, -277.416342, 0.000000
2171.541384, -277.271783, 0.000000
2171.522938, -277.127223, 0.000000
2171.504491, -276.982664, 0.000000
2171.486045, -276.838105, 0.000000
2171.479633, -276.692009, 0.000000
2171.461187, -276.547448, 0.000000
2171.442740, -276.402888, 0.000000
2171.424305, -276.258327, 0.000000
2171.405859, -276.113768, 0.000000
2171.387413, -275.969208, 0.000000
2171.368966, -275.824649, 0.000000
2171.350520, -275.680090, 0.000000
2171.344120, -275.533993, 0.000000
2171.325662, -275.389435, 0.000000
2171.307215, -275.244874, 0.000000
2171.288768, -275.100314, 0.000000
2171.270334, -274.955752, 1.000000
2171.251887, -274.811193, 1.000000
2171.221394, -274.668171, 1.000000
2171.202948, -274.523612, 1.000000
2171.184501, -274.379052, 1.000000
2171.166055, -274.234493, 1.000000
2171.147597, -274.089935, 1.000000
2171.129150, -273.945374, 1.000000
2171.122750, -273.799277, 1.000000
2171.104315, -273.654715, 1.000000
2171.085869, -273.510156, 1.000000
2171.067422, -273.365596, 1.000000
2171.048976, -273.221037, 1.000000
2171.030529, -273.076478, 1.000000
2171.012083, -272.931918, 1.000000
2170.993625, -272.787360, 1.000000
2170.975178, -272.642800, 1.000000
2170.956732, -272.498240, 1.000000
2170.938297, -272.353678, 1.000000
2170.919850, -272.209118, 1.000000
2170.901404, -272.064559, 1.000000
2170.870911, -271.921537, 1.000000
2170.840418, -271.778515, 0.000000
2170.821971, -271.633955, 0.000000
2170.803525, -271.489396, 0.000000
2170.785066, -271.344837, 0.000000
2170.766620, -271.200277, 0.000000
2170.748173, -271.055717, 0.000000
2170.729739, -270.911155, 0.000000
2170.711292, -270.766596, 0.000000
2170.692846, -270.622037, 0.000000
2170.674399, -270.477477, 0.000000
2170.667999, -270.331381, 0.000000
2170.649553, -270.186822, 0.000000
2170.631095, -270.042263, 0.000000
2170.612648, -269.897703, 0.000000
2170.594202, -269.753142, 0.000000
2170.575767, -269.608581, 0.000000
2170.557320, -269.464022, 0.000000
2170.538874, -269.319462, 0.000000
2170.520427, -269.174903, 0.000000
2170.501981, -269.030344, 0.000000
2170.483535, -268.885784, 0.000000
2170.465076, -268.741226, 0.000000
2170.446630, -268.596666, 0.000000
2170.428183, -268.452105, 0.000000
2170.409748, -268.307544, 0.000000
2170.391302, -268.162984, 0.000000
2170.372855, -268.018425, 0.000000
2170.365120, -267.857378, 0.000000
2170.348175, -267.713762, 0.000000
2170.331230, -267.570146, 0.000000
2170.281201, -267.426360, 0.000000
2170.276444, -267.278345, 0.000000
2170.259470, -267.131745, 0.000000
2170.242507, -266.985144, 0.000000
2170.225533, -266.838545, 0.000000
2170.208559, -266.691946, 0.000000
2170.191585, -266.545347, 0.000000
2170.174611, -266.398747, 0.000000
2170.157637, -266.252148, 0.000000
2170.140652, -266.105550, 0.000000
2170.123677, -265.958950, 0.000000
2170.106703, -265.812350, 1.000000
2170.065308, -265.668578, 1.000000
2170.048334, -265.521979, 1.000000
2170.031360, -265.375379, 1.000000
2170.014386, -265.228780, 1.000000
2169.997412, -265.082181, 1.000000
2169.980438, -264.935582, 1.000000
2169.963452, -264.788984, 1.000000
2169.946478, -264.642383, 1.000000
2169.929504, -264.495783, 1.000000
2169.900325, -264.350597, 1.000000
2169.883351, -264.203998, 1.000000
2169.866377, -264.057399, 1.000000
2169.861620, -263.909385, 1.000000
2169.844646, -263.762786, 1.000000
2169.827672, -263.616187, 1.000000
2169.810686, -263.469588, 1.000000
2169.793712, -263.322988, 1.000000
2169.776750, -263.176386, 1.000000
2169.747559, -263.031202, 1.000000
2169.730585, -262.884602, 1.000000
2169.701395, -262.739418, 0.000000
2169.684421, -262.592819, 0.000000
2169.667447, -262.446220, 0.000000
2169.650460, -262.299622, 0.000000
2169.633486, -262.153022, 0.000000
2169.628729, -262.005007, 0.000000
2169.611767, -261.858405, 0.000000
2169.594793, -261.711806, 0.000000
2169.577819, -261.565207, 0.000000
2169.560845, -261.418608, 0.000000
2169.543871, -261.272009, 0.000000
2169.526897, -261.125410, 0.000000
2169.509911, -260.978812, 0.000000
2169.492937, -260.832211, 0.000000
2169.475963, -260.685611, 0.000000
2169.471217, -260.537596, 0.000000
2169.454243, -260.390997, 0.000000
2169.437270, -260.244397, 0.000000
2169.420296, -260.097798, 0.000000
2169.403322, -259.951199, 0.000000
2169.386348, -259.804600, 0.000000
2169.369362, -259.658002, 0.000000
2169.352387, -259.511401, 0.000000
2169.335413, -259.364801, 0.000000
2169.318451, -259.218200, 0.000000
2169.313694, -259.070187, 0.000000
2169.296720, -258.923588, 0.000000
2169.279746, -258.776989, 0.000000
2169.262772, -258.630389, 0.000000
2169.245798, -258.483790, 0.000000
2169.228812, -258.337192, 0.000000
2169.211838, -258.190591, 0.000000
2169.194876, -258.043990, 0.000000
2169.177902, -257.897391, 0.000000
2169.160928, -257.750792, 0.000000
2169.156170, -257.602778, 0.000000
2169.139196, -257.456179, 0.000000
2169.122222, -257.309580, 0.000000
2169.105237, -257.162982, 0.000000
2169.088263, -257.016382, 0.000000
2169.083505, -256.868367, 1.000000
2169.054326, -256.723180, 1.000000
2169.025136, -256.577995, 1.000000
2169.008162, -256.431396, 1.000000
2168.991188, -256.284797, 1.000000
2168.974214, -256.138198, 1.000000
2168.969456, -255.990184, 1.000000
2168.952471, -255.843586, 1.000000
2168.935496, -255.696986, 1.000000
2168.918522, -255.550386, 1.000000
2168.889344, -255.405199, 1.000000
2168.872370, -255.258600, 1.000000
2168.855396, -255.112001, 1.000000
2168.861233, -254.968301, 1.000000
2168.844106, -254.823768, 1.000000
2168.826979, -254.679235, 1.000000
2168.819516, -254.534832, 1.000000
2168.802436, -254.391168, 1.000000
2168.785356, -254.247503, 1.000000
2168.768288, -254.103839, 1.000000
2168.751209, -253.960176, 1.000000
2168.004813, -247.784067, 1.000000
2167.987733, -247.640404, 1.000000
2167.958682, -247.498164, 1.000000
2167.941602, -247.354501, 1.000000
2167.924510, -247.210838, 1.000000
2167.907431, -247.067174, 1.000000
2167.890351, -246.923510, 1.000000
2167.885255, -246.778422, 1.000000
2167.868176, -246.634759, 1.000000
2167.851096, -246.491095, 1.000000
2167.834016, -246.347432, 1.000000
2167.816937, -246.203769, 1.000000
2167.799845, -246.060107, 1.000000
2167.782766, -245.916443, 1.000000
2167.765686, -245.772778, 1.000000
2167.748618, -245.629113, 1.000000
2167.743510, -245.484027, 1.000000
2167.726431, -245.340364, 1.000000
2167.709351, -245.196700, 1.000000
2167.692272, -245.053037, 1.000000
2167.675192, -244.909374, 1.000000
2167.646129, -244.767135, 0.000000
2167.629049, -244.623471, 0.000000
2167.611969, -244.479806, 0.000000
2167.594901, -244.336142, 0.000000
2167.577822, -244.192478, 0.000000
2167.560742, -244.048815, 0.000000
2167.543663, -243.905152, 0.000000
2167.526583, -243.761489, 0.000000
2167.509492, -243.617827, 0.000000
2167.492412, -243.474163, 0.000000
2167.475332, -243.330498, 0.000000
2167.458264, -243.186833, 0.000000
2167.441185, -243.043170, 0.000000
2167.424105, -242.899507, 0.000000
2167.371584, -242.756296, 0.000000
2167.354298, -242.609470, 0.000000
2167.337013, -242.462643, 0.000000
2167.360370, -242.308347, 0.000000
2167.344020, -242.165091, 0.000000
2167.327682, -242.021833, 0.000000
2167.311332, -241.878577, 0.000000
2167.294982, -241.735322, 0.000000
2167.278632, -241.592066, 0.000000
2167.262282, -241.448811, 0.000000
2167.245933, -241.305555, 0.000000
2167.229571, -241.162301, 0.000000
2167.213221, -241.019044, 0.000000
2167.196871, -240.875788, 0.000000
2167.180533, -240.732531, 0.000000
2167.164183, -240.589275, 0.000000
2167.147833, -240.446020, 0.000000
2167.131483, -240.302764, 0.000000
2167.115133, -240.159509, 0.000000
2167.098772, -240.016254, 0.000000
2167.082422, -239.872998, 0.000000
2167.066072, -239.729741, 0.000000
2167.049733, -239.586484, 0.000000
2167.033384, -239.443229, 0.000000
2167.017034, -239.299973, 0.000000
2167.000684, -239.156718, 0.000000
2166.984334, -239.013462, 0.000000
2166.956034, -238.871571, 1.000000
2166.927746, -238.729677, 1.000000
2166.911396, -238.586420, 1.000000
2166.895058, -238.443163, 1.000000
2166.878708, -238.299907, 1.000000
2166.862358, -238.156652, 1.000000
2166.846009, -238.013396, 1.000000
2166.829659, -237.870141, 1.000000
2166.813309, -237.726885, 1.000000
2166.796947, -237.583630, 1.000000
2166.780597, -237.440374, 1.000000
2166.764259, -237.297116, 1.000000
2166.747909, -237.153860, 1.000000
2166.731559, -237.010605, 1.000000
2166.727147, -236.865987, 1.000000
2166.710797, -236.722732, 1.000000
2166.694447, -236.579476, 1.000000
2166.678086, -236.436221, 1.000000
2166.661736, -236.292965, 1.000000
2166.645386, -236.149708, 1.000000
2166.617110, -236.007814, 1.000000
2166.600760, -235.864558, 0.000000
2166.584410, -235.721303, 0.000000
2166.568060, -235.578047, 0.000000
2166.551710, -235.434792, 0.000000
2166.535348, -235.291538, 0.000000
2166.518998, -235.148281, 0.000000
2166.514586, -235.003662, 0.000000
2166.498248, -234.860405, 0.000000
2166.481898, -234.717149, 0.000000
2166.465549, -234.573894, 0.000000
2166.449199, -234.430638, 0.000000
2166.432849, -234.287383, 0.000000
2166.416487, -234.144129, 0.000000
2166.400137, -234.000872, 0.000000
2166.383787, -233.857616, 0.000000
2166.367449, -233.714358, 0.000000
2166.351099, -233.571103, 0.000000
2166.334749, -233.427847, 0.000000
2166.318399, -233.284592, 0.000000
2166.313988, -233.139974, 0.000000
2166.297638, -232.996718, 0.000000
2166.281276, -232.853463, 0.000000
2166.264926, -232.710207, 0.000000
2166.248588, -232.566949, 0.000000
2166.232238, -232.423694, 0.000000
2166.215888, -232.280438, 0.000000
2166.199538, -232.137183, 0.000000
2166.183188, -231.993927, 0.000000
2166.166838, -231.850672, 0.000000
2166.150477, -231.707417, 0.000000
2166.134127, -231.564161, 0.000000
2166.117777, -231.420904, 0.000000
2166.101439, -231.277647, 0.000000
2166.097027, -231.133029, 0.000000
2166.041058, -230.989014, 0.000000
2166.024749, -230.842183, 0.000000
2166.008441, -230.695353, 0.000000
2165.999525, -230.544360, 0.000000
2165.983617, -230.398182, 0.000000
2165.979891, -230.250677, 1.000000
2165.939632, -230.107150, 1.000000
2165.923724, -229.960972, 1.000000
2165.907816, -229.814795, 1.000000
2165.891908, -229.668617, 1.000000
2165.876000, -229.522440, 1.000000
2165.860080, -229.376263, 1.000000
2165.844171, -229.230085, 1.000000
2165.828263, -229.083906, 1.000000
2165.812367, -228.937727, 1.000000
2165.808641, -228.790224, 1.000000
2165.792733, -228.644047, 1.000000
2165.776825, -228.497870, 1.000000
2165.760917, -228.351692, 1.000000
2165.744997, -228.205516, 1.000000
2165.716907, -228.060663, 1.000000
2165.700999, -227.914484, 1.000000
2165.672921, -227.769631, 0.000000
2165.657013, -227.623454, 0.000000
2165.641105, -227.477276, 0.000000
2165.625197, -227.331099, 0.000000
2165.609289, -227.184921, 0.000000
2165.593369, -227.038745, 0.000000
2165.577461, -226.892566, 0.000000
2165.561553, -226.746388, 0.000000
2165.545657, -226.600209, 0.000000
2165.529749, -226.454031, 0.000000
2165.513841, -226.307854, 0.000000
2165.510114, -226.160351, 0.000000
2165.494206, -226.014173, 0.000000
2165.478286, -225.867997, 0.000000
2165.462378, -225.721818, 0.000000
2165.430574, -225.429461, 0.000000
2165.414666, -225.283283, 0.000000
2165.398758, -225.137106, 0.000000
2165.382850, -224.990929, 0.000000
2165.366942, -224.844751, 0.000000
2165.351022, -224.698575, 0.000000
2165.335114, -224.552396, 0.000000
2165.319206, -224.406218, 0.000000
2165.303310, -224.260039, 0.000000
2165.287402, -224.113861, 0.000000
2165.271494, -223.967684, 0.000000
2165.255586, -223.821506, 0.000000
2165.239678, -223.675329, 0.000000
2165.223758, -223.529152, 0.000000
2165.207849, -223.382974, 0.000000
2165.191941, -223.236795, 0.000000
2165.176045, -223.090616, 0.000000
2165.160137, -222.944439, 0.000000
2165.156411, -222.796936, 0.000000
2165.140503, -222.650758, 0.000000
2165.124595, -222.504581, 0.000000
2165.108675, -222.358404, 0.000000
2165.092767, -222.212226, 0.000000
2165.076858, -222.066047, 0.000000
2165.060962, -221.919868, 0.000000
2165.045054, -221.773691, 0.000000
2165.029146, -221.627514, 0.000000
2165.013238, -221.481336, 0.000000
2164.997330, -221.335159, 0.000000
2164.981410, -221.188982, 1.000000
2164.953321, -221.044129, 1.000000
2164.925231, -220.899277, 1.000000
2164.909335, -220.753098, 1.000000
2164.893427, -220.606920, 1.000000
2164.865338, -220.462068, 1.000000
2164.849430, -220.315891, 1.000000
2164.833522, -220.169714, 1.000000
2164.817601, -220.023537, 1.000000
2164.801693, -219.877359, 1.000000
2164.773604, -219.732506, 1.000000
2164.757708, -219.586327, 1.000000
2164.741800, -219.440149, 1.000000
2164.721815, -219.279805, 1.000000
2164.719357, -219.132039, 1.000000
2164.704688, -218.985495, 1.000000
2164.696847, -218.836542, 1.000000
2164.682416, -218.690591, 1.000000
2164.680147, -218.543437, 1.000000
2164.665728, -218.397485, 1.000000
2164.651297, -218.251535, 1.000000
2164.636866, -218.105584, 1.000000
2164.610273, -217.960836, 0.000000
2164.595842, -217.814886, 0.000000
2164.581399, -217.668936, 0.000000
2164.566968, -217.522984, 0.000000
2164.552549, -217.377032, 0.000000
2164.525955, -217.232284, 0.000000
2164.511524, -217.086333, 0.000000
2164.497093, -216.940383, 0.000000
2164.482662, -216.794433, 0.000000
2164.468219, -216.648483, 0.000000
2164.453788, -216.502532, 0.000000
2164.439357, -216.356580, 0.000000
2164.424938, -216.210628, 0.000000
2164.410507, -216.064678, 0.000000
2164.396076, -215.918727, 0.000000
2164.381645, -215.772777, 0.000000
2164.355052, -215.628029, 0.000000
2164.340608, -215.482079, 0.000000
2164.326177, -215.336128, 0.000000
2164.311746, -215.190176, 0.000000
2164.297328, -215.044224, 0.000000
2164.282897, -214.898274, 0.000000
2164.268466, -214.752323, 0.000000
2164.254035, -214.606373, 0.000000
2164.239604, -214.460423, 0.000000
2164.225160, -214.314473, 0.000000
2164.198567, -214.169724, 0.000000
2164.184136, -214.023772, 0.000000
2164.169717, -213.877821, 0.000000
2164.155286, -213.731870, 0.000000
2164.140855, -213.585920, 0.000000
2164.126424, -213.439969, 0.000000
2164.111993, -213.294019, 0.000000
2164.097550, -213.148069, 0.000000
2164.083119, -213.002117, 0.000000
2164.068700, -212.856165, 0.000000
2164.054269, -212.710214, 0.000000
2164.027676, -212.565466, 0.000000
2164.013245, -212.419516, 0.000000
2163.998814, -212.273565, 0.000000
2163.984370, -212.127616, 0.000000
2163.969939, -211.981665, 0.000000
2163.967671, -211.834511, 1.000000
2163.928927, -211.690964, 1.000000
2163.902334, -211.546216, 1.000000
2163.887903, -211.400265, 1.000000
2163.873472, -211.254315, 1.000000
2163.834716, -211.110769, 1.000000
2163.820272, -210.964820, 1.000000
2163.793678, -210.820071, 1.000000
2163.779247, -210.674120, 1.000000
2163.764829, -210.528168, 1.000000
2163.738235, -210.383420, 1.000000
2163.723804, -210.237469, 1.000000
2163.709374, -210.091519, 1.000000
2163.694943, -209.945568, 1.000000
2163.680499, -209.799619, 1.000000
2163.653905, -209.654870, 1.000000
2163.639474, -209.508918, 1.000000
2163.625056, -209.362966, 1.000000
2163.610625, -209.217016, 1.000000
2163.596194, -209.071065, 1.000000
2163.581763, -208.925115, 1.000000
2163.567332, -208.779165, 1.000000
2163.552888, -208.633215, 1.000000
2163.538457, -208.487263, 1.000000
2163.530687, -208.339868, 1.000000
2163.504263, -208.195650, 1.000000
2163.477840, -208.051433, 0.000000
2163.452155, -207.891688, 0.000000
2163.438958, -207.745310, 0.000000
2163.425748, -207.598933, 0.000000
2163.412551, -207.452554, 0.000000
2163.399354, -207.306175, 0.000000
2163.398369, -207.158696, 0.000000
2163.385172, -207.012317, 0.000000
2163.371975, -206.865939, 0.000000
2163.358779, -206.719561, 0.000000
2163.345582, -206.573183, 0.000000
2163.332372, -206.426806, 0.000000
2163.319175, -206.280426, 0.000000
2163.305991, -206.134047, 0.000000
2163.292795, -205.987669, 0.000000
2163.279598, -205.841291, 0.000000
2163.266401, -205.694913, 0.000000
2163.253204, -205.548535, 0.000000
2163.252192, -205.401057, 0.000000
2163.238996, -205.254678, 0.000000
2163.225812, -205.108298, 0.000000
2163.212615, -204.961920, 0.000000
2163.199418, -204.815542, 0.000000
2163.186221, -204.669164, 0.000000
2163.173025, -204.522786, 0.000000
2163.159815, -204.376409, 0.000000
2163.146618, -204.230030, 0.000000
2163.133434, -204.083649, 0.000000
2163.120237, -203.937271, 0.000000
2163.107041, -203.790893, 0.000000
2163.106042, -203.643416, 0.000000
2163.079635, -203.350661, 0.000000
2163.066438, -203.204281, 0.000000
2163.053242, -203.057902, 0.000000
2163.040058, -202.911523, 0.000000
2163.039059, -202.764045, 1.000000
2163.013664, -202.618767, 1.000000
2163.000467, -202.472389, 1.000000
2162.987271, -202.326011, 1.000000
2162.974061, -202.179633, 1.000000
2162.960864, -202.033254, 1.000000
2162.947680, -201.886874, 1.000000
2162.934483, -201.740496, 1.000000
2162.921287, -201.594118, 1.000000
2162.895892, -201.448840, 1.000000
2162.882695, -201.302462, 1.000000
2162.869485, -201.156084, 1.000000
2162.856288, -201.009705, 1.000000
2162.843104, -200.863325, 1.000000
2162.829907, -200.716947, 1.000000
2162.816711, -200.570569, 1.000000
2162.791316, -200.425291, 1.000000
2162.778119, -200.278913, 1.000000
2162.764909, -200.132535, 1.000000
2162.739514, -199.987256, 0.000000
2162.726330, -199.840876, 0.000000
2162.700935, -199.695597, 0.000000
2162.687738, -199.549219, 0.000000
2162.674542, -199.402841, 0.000000
2162.649147, -199.257563, 0.000000
2162.635936, -199.111186, 0.000000
2162.622740, -198.964807, 0.000000
2162.597344, -198.819528, 0.000000
2162.584161, -198.673148, 0.000000
2162.570964, -198.526770, 0.000000
2162.545569, -198.381492, 0.000000
2162.532373, -198.235114, 0.000000
2162.519176, -198.088736, 0.000000
2162.493767, -197.943458, 0.000000
2162.480570, -197.797079, 0.000000
2162.467387, -197.650699, 0.000000
2162.441992, -197.505420, 0.000000
2162.419562, -197.342872, 0.000000
2162.407613, -197.195771, 0.000000
2162.383405, -197.049666, 0.000000
2162.382003, -196.899219, 0.000000
2162.370357, -196.752912, 0.000000
2162.346532, -196.607575, 0.000000
2162.334886, -196.461269, 0.000000
2162.323240, -196.314963, 0.000000
2162.299402, -196.169628, 0.000000
2162.287755, -196.023322, 0.000000
2162.276095, -195.877016, 0.000000
2162.252256, -195.731680, 0.000000
2162.240624, -195.585372, 0.000000
2162.228978, -195.439066, 0.000000
2162.205139, -195.293731, 0.000000
2162.193493, -195.147425, 0.000000
2162.181847, -195.001119, 0.000000
2162.157994, -194.855784, 0.000000
2162.146348, -194.709477, 0.000000
2162.134716, -194.563169, 0.000000
2162.110877, -194.417834, 0.000000
2162.099231, -194.271528, 0.000000
2162.087585, -194.125222, 0.000000
2162.063746, -193.979886, 0.000000
2162.052085, -193.833581, 0.000000
2162.040439, -193.687274, 0.000000
2162.016615, -193.541937, 0.000000
2162.004969, -193.395631, 0.000000
2161.993323, -193.249325, 0.000000
2161.969484, -193.103989, 0.000000
2161.957838, -192.957683, 0.000000
2161.946177, -192.811378, 1.000000
2161.934530, -192.665071, 1.000000
2161.947283, -192.516822, 1.000000
2161.935637, -192.370516, 1.000000
2161.936183, -192.223240, 1.000000
2161.924537, -192.076934, 1.000000
2161.925082, -191.929657, 1.000000
2161.925614, -191.782381, 1.000000
2161.913968, -191.636074, 1.000000
2161.914528, -191.488796, 1.000000
2161.902882, -191.342490, 1.000000
2161.879043, -191.197155, 0.000000
2161.867397, -191.050849, 0.000000
2161.855751, -190.904543, 0.000000
2161.844090, -190.758237, 0.000000
2161.820251, -190.612901, 0.000000
2161.808619, -190.466593, 0.000000
2161.796973, -190.320287, 0.000000
2161.785327, -190.173981, 0.000000
2161.773681, -190.027675, 0.000000
2161.762034, -189.881369, 0.000000
2161.750374, -189.735064, 0.000000
2161.738727, -189.588757, 0.000000
2161.727095, -189.442449, 0.000000
2161.703257, -189.297114, 0.000000
2161.691611, -189.150808, 0.000000
2161.679964, -189.004502, 0.000000
2161.668318, -188.858196, 0.000000
2161.656657, -188.711890, 0.000000
2161.645011, -188.565583, 0.000000
2161.633379, -188.419276, 0.000000
2161.621733, -188.272970, 0.000000
2161.610087, -188.126664, 0.000000
2161.598440, -187.980358, 0.000000
2161.574602, -187.835022, 0.000000
2161.562941, -187.688717, 0.000000
2161.551295, -187.542410, 0.000000
2161.539663, -187.396102, 0.000000
2161.528017, -187.249796, 0.000000
2161.563504, -187.109083, 0.000000
2161.551468, -186.966250, 0.000000
2161.539431, -186.823416, 0.000000
2161.474511, -186.683549, 0.000000
2161.449794, -186.537891, 0.000000
2161.437316, -186.391192, 0.000000
2161.424824, -186.244494, 0.000000
2161.412332, -186.097796, 0.000000
2161.399840, -185.951099, 0.000000
2161.387333, -185.804402, 0.000000
2161.374841, -185.657703, 0.000000
2161.362363, -185.511003, 0.000000
2161.349871, -185.364305, 0.000000
2161.325154, -185.218648, 0.000000
2161.312662, -185.071951, 0.000000
2161.300170, -184.925253, 0.000000
2161.287663, -184.778556, 0.000000
2161.299367, -184.482034, 1.000000
2161.299100, -184.334295, 1.000000
2161.286608, -184.187598, 1.000000
2161.274116, -184.040900, 1.000000
2161.273834, -183.893162, 1.000000
2161.261342, -183.746463, 1.000000
2161.261089, -183.598722, 1.000000
2161.260821, -183.450983, 1.000000
2161.248329, -183.304286, 1.000000
2161.248062, -183.156547, 1.000000
2161.247794, -183.008808, 1.000000
2161.235288, -182.862111, 1.000000
2161.235021, -182.714371, 1.000000
2161.222542, -182.567671, 1.000000
2161.197826, -182.422015, 0.000000
2161.185333, -182.275317, 0.000000
2161.160616, -182.129660, 0.000000
2161.148110, -181.982963, 0.000000
2161.135618, -181.836264, 0.000000
2161.123140, -181.689565, 0.000000
2161.110647, -181.542867, 0.000000
2161.085931, -181.397210, 0.000000
2161.073438, -181.250512, 0.000000
2161.060946, -181.103814, 0.000000
2161.048440, -180.957117, 0.000000
2161.035948, -180.810418, 0.000000
2161.011245, -180.664760, 0.000000
2160.998753, -180.518062, 0.000000
2160.986260, -180.371364, 0.000000
2160.973768, -180.224666, 0.000000
2160.949037, -180.079011, 0.000000
2160.936545, -179.932312, 0.000000
2160.924067, -179.785612, 0.000000
2160.911575, -179.638914, 0.000000
2160.899082, -179.492216, 0.000000
2160.874365, -179.346560, 0.000000
2160.861873, -179.199862, 0.000000
2160.849367, -179.053164, 0.000000
2160.836874, -178.906465, 0.000000
2160.824396, -178.759766, 0.000000
2160.799680, -178.614109, 0.000000
2160.787187, -178.467412, 0.000000
2160.774695, -178.320714, 0.000000
2160.762188, -178.174017, 0.000000
2160.737471, -178.028359, 0.000000
2160.724994, -177.881659, 0.000000
2160.712502, -177.734961, 0.000000
2160.743726, -177.600201, 0.000000
2160.730355, -177.456722, 0.000000
2160.705027, -177.314356, 0.000000
2160.707639, -177.176312, 0.000000
2160.693943, -177.034022, 0.000000
2160.680261, -176.891731, 0.000000
2160.666565, -176.749442, 0.000000
2160.641012, -176.608294, 0.000000
2160.627316, -176.466005, 0.000000
2160.613606, -176.323717, 0.000000
2160.599909, -176.181427, 0.000000
2160.574370, -176.040277, 0.000000
2160.560674, -175.897988, 0.000000
2160.545140, -175.612269, 1.000000
2160.519586, -175.471121, 1.000000
2160.505876, -175.328833, 1.000000
2160.492179, -175.186543, 1.000000
2160.478498, -175.044252, 1.000000
2160.464802, -174.901963, 1.000000
2160.439248, -174.760815, 1.000000
2160.425552, -174.618526, 1.000000
2160.411842, -174.476238, 1.000000
2160.398146, -174.333948, 1.000000
2160.384464, -174.191657, 1.000000
2160.370768, -174.049368, 1.000000
2160.345215, -173.908220, 1.000000
2160.331519, -173.765931, 1.000000
2160.317823, -173.623642, 1.000000
2160.304112, -173.481354, 1.000000
2160.290416, -173.339064, 1.000000
2160.276734, -173.196773, 1.000000
2160.263038, -173.054484, 1.000000
2160.249342, -172.912195, 1.000000
2160.235646, -172.769906, 1.000000
2160.210078, -172.628759, 0.000000
2160.196382, -172.486469, 0.000000
2160.194558, -172.343036, 0.000000
2160.180862, -172.200747, 0.000000
2160.167166, -172.058458, 0.000000
2160.153470, -171.916169, 0.000000
2160.151631, -171.772739, 0.000000
2160.137921, -171.630450, 0.000000
2160.124224, -171.488160, 0.000000
2160.110543, -171.345870, 0.000000
2160.108704, -171.202439, 0.000000
2160.095008, -171.060150, 0.000000
2160.081312, -170.917861, 0.000000
2160.067602, -170.775573, 0.000000
2160.065763, -170.632142, 0.000000
2160.052081, -170.489851, 0.000000
2160.038385, -170.347562, 0.000000
2160.024689, -170.205273, 0.000000
2160.022851, -170.061842, 0.000000
2160.009155, -169.919553, 0.000000
2159.995444, -169.777265, 0.000000
2159.981748, -169.634975, 0.000000
2159.979924, -169.491543, 0.000000
2159.966228, -169.349254, 0.000000
2159.952532, -169.206964, 0.000000
2159.938836, -169.064675, 0.000000
2159.936983, -168.921246, 0.000000
2159.923287, -168.778956, 0.000000
2159.909605, -168.636665, 0.000000
2159.895909, -168.494376, 0.000000
2159.871852, -168.441225, 0.000000
2159.851427, -168.297280, 0.000000
2159.792121, -168.189954, 0.000000
2159.768966, -168.043111, 0.000000
2159.745827, -167.896266, 0.000000
2159.734909, -167.747495, 0.000000
2159.711755, -167.600653, 0.000000
2159.688601, -167.453811, 0.000000
2159.665432, -167.306971, 0.000000
2159.654515, -167.158198, 0.000000
2159.631375, -167.011353, 0.000000
2159.620458, -166.862582, 1.000000
2159.609540, -166.713810, 1.000000
2159.586386, -166.566968, 1.000000
2159.563218, -166.420128, 1.000000
2159.552300, -166.271356, 1.000000
2159.529160, -166.124511, 1.000000
2159.518243, -165.975739, 1.000000
2159.495089, -165.828897, 1.000000
2159.471934, -165.682056, 1.000000
2159.448766, -165.535215, 1.000000
2159.425612, -165.388372, 1.000000
2159.414709, -165.239598, 1.000000
2159.379318, -165.094686, 1.000000
2159.356163, -164.947844, 1.000000
2159.332995, -164.801004, 1.000000
2159.309841, -164.654161, 1.000000
2159.286701, -164.507316, 1.000000
2159.251310, -164.362403, 1.000000
2159.228155, -164.215561, 1.000000
2159.192764, -164.070649, 0.000000
2159.181833, -163.921879, 0.000000
2159.158679, -163.775036, 0.000000
2159.147775, -163.626262, 0.000000
2159.124621, -163.479420, 0.000000
2159.101467, -163.332578, 0.000000
2159.090550, -163.183807, 0.000000
2159.044227, -162.890123, 0.000000
2159.033324, -162.741349, 0.000000
2159.010169, -162.594507, 0.000000
2158.999252, -162.445736, 0.000000
2158.976098, -162.298894, 0.000000
2158.952930, -162.152053, 0.000000
2158.942013, -162.003281, 0.000000
2158.918872, -161.856436, 0.000000
2158.907955, -161.707665, 0.000000
2158.884800, -161.560823, 0.000000
2158.861633, -161.413983, 0.000000
2158.850715, -161.265210, 0.000000
2158.827575, -161.118365, 0.000000
2158.816657, -160.969594, 0.000000
2158.793503, -160.822752, 0.000000
2158.770349, -160.675910, 0.000000
2158.759418, -160.527140, 0.000000
2158.736264, -160.380297, 0.000000
2158.713123, -160.233453, 0.000000
2158.702206, -160.084681, 0.000000
2158.673919, -159.884161, 0.000000
2158.667442, -159.735184, 0.000000
2158.687555, -159.562972, 0.000000
2158.670954, -159.418701, 0.000000
2158.666388, -159.273045, 0.000000
2158.649787, -159.128775, 0.000000
2158.645208, -158.983121, 0.000000
2158.628607, -158.838851, 0.000000
2158.611993, -158.694581, 0.000000
2158.607414, -158.548927, 0.000000
2158.590826, -158.404654, 0.000000
2158.586247, -158.259000, 0.000000
2158.565067, -157.969076, 1.000000
2158.560488, -157.823422, 1.000000
2158.527273, -157.534881, 1.000000
2158.510684, -157.390609, 1.000000
2158.494083, -157.246338, 1.000000
2158.477482, -157.102068, 1.000000
2158.460881, -156.957798, 1.000000
2158.444267, -156.813528, 1.000000
2158.427666, -156.669256, 1.000000
2158.411077, -156.524984, 1.000000
2158.394475, -156.380714, 1.000000
2158.389897, -156.235060, 1.000000
2158.373296, -156.090790, 1.000000
2158.368705, -155.945137, 1.000000
2158.352103, -155.800865, 1.000000
2158.335514, -155.656593, 1.000000
2180.116716, -326.922829, 1.000000
2180.087741, -326.780102, 1.000000
2180.070763, -326.635962, 1.000000
2180.053785, -326.491822, 1.000000
2180.024781, -326.349099, 1.000000
2180.019814, -326.203545, 1.000000
2180.002836, -326.059406, 1.000000
2179.973847, -325.916682, 1.000000
2179.968880, -325.771128, 1.000000
2179.963914, -325.625574, 1.000000
2179.946936, -325.481435, 1.000000
2179.917961, -325.338708, 1.000000
2179.900983, -325.194568, 1.000000
2179.896016, -325.049013, 1.000000
2179.855000, -324.907704, 1.000000
2179.838022, -324.763565, 1.000000
2179.833056, -324.618011, 1.000000
2179.816078, -324.473872, 1.000000
2179.787088, -324.331148, 1.000000
2179.782122, -324.185594, 1.000000
2179.741121, -324.044285, 1.000000
2179.712145, -323.901558, 1.000000
2179.707179, -323.756003, 1.000000
2179.702212, -323.610448, 1.000000
2179.673208, -323.467725, 1.000000
2179.632207, -323.326415, 1.000000
2179.615229, -323.182276, 1.000000
2179.586240, -323.039552, 1.000000
2179.569262, -322.895413, 1.000000
2179.552284, -322.751274, 1.000000
2179.535306, -322.607135, 1.000000
2179.494318, -322.465823, 1.000000
2179.477340, -322.321683, 1.000000
2179.472374, -322.176128, 1.000000
2179.465554, -322.040758, 1.000000
2179.461335, -321.894515, 1.000000
2179.445042, -321.749629, 1.000000
2179.429987, -321.647519, 1.000000
2179.465216, -321.498220, 1.000000
2179.452132, -321.353282, 1.000000
2179.414906, -321.210523, 1.000000
2179.365587, -321.068855, 1.000000
2179.364581, -320.922826, 1.000000
2179.351483, -320.777888, 1.000000
2179.290086, -320.637312, 1.000000
2179.277002, -320.492374, 1.000000
2179.263918, -320.347436, 1.000000
2179.250834, -320.202498, 1.000000
2179.249828, -320.056470, 1.000000
2179.236758, -319.911530, 1.000000
2179.223674, -319.766591, 1.000000
2179.210590, -319.621652, 1.000000
2179.197492, -319.476714, 1.000000
2179.184408, -319.331777, 1.000000
2179.158240, -319.041901, 1.000000
2179.145156, -318.896963, 1.000000
2179.132072, -318.752025, 1.000000
2179.119002, -318.607085, 1.000000
2179.093840, -318.463237, 1.000000
2179.092834, -318.317207, 1.000000
2179.079736, -318.172270, 1.000000
2179.066652, -318.027332, 1.000000
2179.053568, -317.882394, 1.000000
2179.064640, -317.735275, 1.000000
2179.039478, -317.591427, 1.000000
2179.002238, -317.448670, 1.000000
2178.977089, -317.304821, 1.000000
2178.951927, -317.160972, 1.000000
2178.950921, -317.014943, 1.000000
2178.949902, -316.868915, 1.000000
2178.936818, -316.723977, 1.000000
2178.923734, -316.579039, 1.000000
2178.898571, -316.435191, 1.000000
2178.873409, -316.291344, 1.000000
2178.872403, -316.145316, 1.000000
2178.859333, -316.000376, 1.000000
2178.846249, -315.855437, 1.000000
2178.845243, -315.709408, 1.000000
2178.832145, -315.564470, 1.000000
2178.831140, -315.418442, 1.000000
2178.818056, -315.273504, 1.000000
2178.804972, -315.128566, 1.000000
2178.791888, -314.983628, 1.000000
2178.790882, -314.837600, 1.000000
2178.814046, -314.689389, 1.000000
2178.813041, -314.543360, 1.000000
2178.775800, -314.400602, 1.000000
2178.750624, -314.256754, 1.000000
2178.737540, -314.111816, 1.000000
2178.748612, -313.964698, 1.000000
2178.759684, -313.817579, 1.000000
2178.734522, -313.673731, 1.000000
2178.733516, -313.527703, 1.000000
2178.695284, -313.238915, 0.000000
2178.706357, -313.091795, 0.000000
2178.717415, -312.944677, 0.000000
2178.728487, -312.797558, 0.000000
2178.739559, -312.650440, 0.000000
2178.750632, -312.503321, 0.000000
2178.761704, -312.356203, 0.000000
2178.772776, -312.209084, 0.000000
2178.783864, -312.061964, 0.000000
2178.794937, -311.914844, 0.000000
2178.806009, -311.767724, 0.000000
2178.817065, -311.620606, 0.000000
2178.828138, -311.473488, 0.000000
2178.839210, -311.326369, 0.000000
2178.838204, -311.180341, 0.000000
2178.124587, -311.098642, 1.000000
2178.111503, -310.953704, 1.000000
2178.098430, -310.808765, 1.000000
2178.097425, -310.662735, 1.000000
2178.084340, -310.517796, 1.000000
2178.071245, -310.372859, 1.000000
2178.058161, -310.227921, 1.000000
2178.045077, -310.082983, 1.000000
2178.044071, -309.936954, 1.000000
2178.043065, -309.790926, 1.000000
2178.042059, -309.644898, 1.000000
2178.065222, -309.496688, 1.000000
2178.209155, -309.337574, 1.000000
2178.232306, -309.189364, 1.000000
2178.231286, -309.043336, 0.000000
2178.206124, -308.899488, 0.000000
2178.180962, -308.755641, 0.000000
2178.139182, -308.611530, 0.000000
2178.113937, -308.468051, 0.000000
2178.088693, -308.324573, 0.000000
2178.051413, -308.182192, 0.000000
2178.026168, -308.038712, 0.000000
2177.988875, -307.896332, 1.000000
2177.999775, -307.749553, 1.000000
2177.950422, -307.608274, 1.000000
2177.925177, -307.464795, 1.000000
2177.911981, -307.320216, 1.000000
2177.898785, -307.175638, 1.000000
2177.897636, -307.029959, 1.000000
2177.872392, -306.886481, 1.000000
2177.847160, -306.743000, 1.000000
2177.833964, -306.598420, 1.000000
2177.832815, -306.452741, 1.000000
2177.855751, -306.304864, 1.000000
2177.950989, -306.150388, 1.000000
2177.865503, -306.012407, 1.000000
2177.816162, -305.871128, 1.000000
2177.790918, -305.727649, 1.000000
2177.765673, -305.584170, 1.000000
2177.728393, -305.441789, 0.000000
2177.703148, -305.298309, 0.000000
2177.677904, -305.154829, 0.000000
2177.652659, -305.011349, 0.000000
2177.639451, -304.866772, 0.000000
2177.614206, -304.723293, 0.000000
2177.588962, -304.579814, 0.000000
2177.563717, -304.436335, 0.000000
2177.550521, -304.291756, 0.000000
2177.525276, -304.148277, 0.000000
2177.500044, -304.004796, 0.000000
2177.474799, -303.861316, 0.000000
2177.461603, -303.716737, 0.000000
2177.436346, -303.573258, 0.000000
2177.411102, -303.429779, 0.000000
2177.385857, -303.286300, 0.000000
2177.372661, -303.141722, 0.000000
2177.347417, -302.998243, 0.000000
2177.322172, -302.854764, 0.000000
2177.296939, -302.711284, 0.000000
2177.271694, -302.567804, 0.000000
2177.258498, -302.423224, 0.000000
2177.233253, -302.279744, 0.000000
2177.207997, -302.136266, 0.000000
2177.182753, -301.992787, 0.000000
2177.169557, -301.848208, 0.000000
2177.144312, -301.704729, 0.000000
2177.119068, -301.561250, 0.000000
2177.093823, -301.417771, 0.000000
2177.080637, -301.273191, 0.000000
2177.055393, -301.129711, 0.000000
2177.030148, -300.986231, 0.000000
2177.004893, -300.842753, 0.000000
2176.991697, -300.698174, 0.000000
2176.966452, -300.554695, 0.000000
2176.941208, -300.411216, 0.000000
2176.915963, -300.267737, 0.000000
2176.890719, -300.124258, 0.000000
2176.877533, -299.979678, 0.000000
2176.852288, -299.836198, 0.000000
2176.827043, -299.692718, 0.000000
2176.801798, -299.549238, 0.000000
2176.788593, -299.404661, 0.000000
2176.763348, -299.261182, 0.000000
2176.738104, -299.117703, 0.000000
2176.712859, -298.974224, 0.000000
2176.699663, -298.829645, 0.000000
2176.674418, -298.686166, 0.000000
2176.649183, -298.542686, 0.000000
2176.623938, -298.399206, 0.000000
2176.598694, -298.255726, 0.000000
2176.585488, -298.111147, 0.000000
2176.560244, -297.967668, 0.000000
2176.534999, -297.824189, 0.000000
2176.509755, -297.680710, 0.000000
2176.496558, -297.536132, 0.000000
2176.471314, -297.392653, 0.000000
2176.446078, -297.249173, 0.000000
2176.420833, -297.105693, 0.000000
2176.407637, -296.961113, 0.000000
2176.382392, -296.817633, 0.000000
2176.357139, -296.674155, 0.000000
2176.331895, -296.530676, 0.000000
2176.318699, -296.386097, 0.000000
2176.293454, -296.242618, 0.000000
2176.268210, -296.099139, 0.000000
2176.242965, -295.955660, 0.000000
2176.217728, -295.812180, 0.000000
2176.204532, -295.667600, 0.000000
2176.179287, -295.524120, 0.000000
2176.154035, -295.380642, 0.000000
2176.128791, -295.237163, 0.000000
2176.115594, -295.092584, 0.000000
2176.080187, -294.942370, 0.000000
2176.054076, -294.800385, 0.000000
2176.027966, -294.658399, 0.000000
2176.013785, -294.515232, 0.000000
2175.990236, -294.371279, 0.000000
2175.963858, -294.228907, 0.000000
2175.937479, -294.086535, 0.000000
2175.923059, -293.942963, 0.000000
2175.896681, -293.800592, 0.000000
2175.870303, -293.658221, 0.000000
2175.843925, -293.515850, 0.000000
2175.805583, -293.374680, 1.000000
2175.779205, -293.232309, 1.000000
2175.776762, -293.087535, 1.000000
2175.762348, -292.943962, 1.000000
2175.747934, -292.800388, 1.000000
2175.757450, -292.654413, 1.000000
2175.802851, -292.504836, 0.000000
2175.800402, -292.360062, 0.000000
2175.797952, -292.215289, 0.000000
2175.795503, -292.070516, 0.000000
2175.793054, -291.925742, 0.000000
2175.790604, -291.780969, 0.000000
2175.788163, -291.636194, 0.000000
2175.785714, -291.491420, 0.000000
2175.783264, -291.346646, 0.000000
2175.780807, -291.201872, 0.000000
2175.766393, -291.058300, 0.000000
2175.763944, -290.913527, 0.000000
2175.761495, -290.768753, 0.000000
2175.759046, -290.623980, 0.000000
2175.756596, -290.479207, 0.000000
2175.754147, -290.334433, 0.000000
2175.751706, -290.189658, 0.000000
2175.749257, -290.044884, 0.000000
2175.746808, -289.900110, 0.000000
2175.744350, -289.755337, 0.000000
2175.741900, -289.610563, 0.000000
2175.727487, -289.466991, 0.000000
2175.725037, -289.322218, 0.000000
2175.722588, -289.177444, 0.000000
2175.720139, -289.032671, 0.000000
2175.717689, -288.887898, 0.000000
2175.715249, -288.743122, 0.000000
2175.712800, -288.598348, 0.000000
2175.710351, -288.453574, 0.000000
2175.707892, -288.308801, 0.000000
2175.705443, -288.164028, 0.000000
2175.702993, -288.019254, 0.000000
2175.688580, -287.875682, 0.000000
2175.686131, -287.730909, 0.000000
2175.683681, -287.586135, 0.000000
2175.681242, -287.441361, 0.000000
2175.678793, -287.296587, 0.000000
2175.676343, -287.151812, 0.000000
2175.673894, -287.007038, 0.000000
2175.671435, -286.862265, 0.000000
2175.668985, -286.717492, 0.000000
2175.666536, -286.572719, 0.000000
2175.664087, -286.427945, 0.000000
2175.661637, -286.283172, 0.000000
2175.647224, -286.139600, 0.000000
2175.644785, -285.994825, 0.000000
2175.642336, -285.850051, 0.000000
2175.639887, -285.705276, 0.000000
2175.637426, -285.560503, 0.000000
2175.634977, -285.415730, 0.000000
2175.632528, -285.270956, 0.000000
2175.630078, -285.126183, 0.000000
2175.627629, -284.981410, 0.000000
2175.613216, -284.837838, 1.000000
2175.586838, -284.695467, 1.000000
2175.524577, -284.556697, 1.000000
2175.522128, -284.411923, 1.000000
2175.519679, -284.267148, 1.000000
2175.493290, -284.124778, 1.000000
2175.490840, -283.980004, 1.000000
2175.488391, -283.835231, 1.000000
2175.450049, -283.694061, 1.000000
2175.447599, -283.549288, 1.000000
2175.433186, -283.405716, 1.000000
2175.406808, -283.263345, 1.000000
2175.380441, -283.120971, 1.000000
2175.366027, -282.977398, 1.000000
2175.363578, -282.832624, 1.000000
2175.361117, -282.687851, 1.000000
2175.346704, -282.544279, 1.000000
2175.344254, -282.399506, 1.000000
2175.329841, -282.255933, 1.000000
2175.315427, -282.112361, 1.000000
2175.301014, -281.968789, 1.000000
2175.274647, -281.826417, 1.000000
2175.260233, -281.682843, 1.000000
2175.257784, -281.538069, 1.000000
2175.243370, -281.394496, 1.000000
2175.228945, -281.250925, 1.000000
2175.226496, -281.106151, 1.000000
2175.212082, -280.962579, 1.000000
2175.221339, -280.781393, 1.000000
2175.203575, -280.635411, 1.000000
2175.197977, -280.487949, 1.000000
2175.152371, -280.336930, 1.000000
2175.133924, -280.192370, 1.000000
2175.127524, -280.046272, 1.000000
2175.109066, -279.901714, 1.000000
2175.090620, -279.757154, 1.000000
2175.072173, -279.612595, 1.000000
2175.053727, -279.468036, 1.000000
2175.047327, -279.321939, 1.000000
2175.028880, -279.177380, 1.000000
2174.998399, -279.034356, 1.000000
2174.979952, -278.889795, 1.000000
2174.973552, -278.743698, 1.000000
2174.955094, -278.599139, 1.000000
2174.936648, -278.454580, 1.000000
2174.918201, -278.310020, 1.000000
2174.899755, -278.165461, 1.000000
2174.881308, -278.020902, 1.000000
2174.862862, -277.876342, 1.000000
2174.856474, -277.730244, 1.000000
2174.850074, -277.584147, 1.000000
2174.819581, -277.441124, 1.000000
2174.801122, -277.296565, 1.000000
2174.782676, -277.152005, 1.000000
2174.764230, -277.007446, 1.000000
2174.733736, -276.864424, 1.000000
2174.715290, -276.719864, 1.000000
2174.708890, -276.573768, 1.000000
2174.690444, -276.429209, 1.000000
2174.672009, -276.284647, 1.000000
2174.653562, -276.140086, 1.000000
2174.635116, -275.995526, 1.000000
2174.604611, -275.852505, 1.000000
2174.586165, -275.707946, 1.000000
2174.567718, -275.563386, 1.000000
2174.549272, -275.418827, 1.000000
2174.530825, -275.274268, 1.000000
2174.524425, -275.128171, 1.000000
2174.505990, -274.983610, 1.000000
2174.487544, -274.839049, 1.000000
2174.469097, -274.694489, 1.000000
2174.462686, -274.548393, 1.000000
2174.444239, -274.403834, 1.000000
2174.425793, -274.259275, 1.000000
2174.407346, -274.114715, 1.000000
2174.400947, -273.968619, 1.000000
2174.382500, -273.824059, 1.000000
2174.364065, -273.679498, 1.000000
2174.345619, -273.534938, 1.000000
2174.339219, -273.388840, 1.000000
2174.296667, -273.247356, 1.000000
2174.278221, -273.102797, 1.000000
2174.271821, -272.956700, 1.000000
2174.217235, -272.816752, 1.000000
2174.198788, -272.672193, 1.000000
2174.180342, -272.527634, 1.000000
2174.161907, -272.383073, 1.000000
2174.143460, -272.238512, 1.000000
2174.137060, -272.092415, 1.000000
2174.106556, -271.949393, 1.000000
2174.112202, -271.801759, 1.000000
2174.105803, -271.655663, 1.000000
2174.075310, -271.512641, 1.000000
2174.056863, -271.368081, 1.000000
2174.038417, -271.223522, 1.000000
2174.019970, -271.078963, 1.000000
2174.001535, -270.934401, 1.000000
2173.983089, -270.789841, 1.000000
2173.964642, -270.645280, 1.000000
2173.946184, -270.500722, 1.000000
2173.927738, -270.356163, 1.000000
2173.885198, -270.214678, 1.000000
2173.866751, -270.070118, 1.000000
2173.884445, -269.920947, 1.000000
2173.865998, -269.776388, 1.000000
2173.835517, -269.633364, 1.000000
2173.817070, -269.488803, 1.000000
2173.786577, -269.345780, 1.000000
2173.768119, -269.201222, 1.000000
2173.761719, -269.055125, 1.000000
2173.743273, -268.910566, 1.000000
2173.724826, -268.766007, 1.000000
2173.718426, -268.619910, 1.000000
2173.663840, -268.479962, 1.000000
2173.645405, -268.335401, 1.000000
2173.626959, -268.190841, 1.000000
2173.608512, -268.046280, 1.000000
2173.602100, -267.900185, 1.000000
2173.583654, -267.755625, 1.000000
2173.565208, -267.611066, 1.000000
2173.512694, -267.486008, 1.000000
2173.507717, -267.340980, 1.000000
2173.490773, -267.197365, 1.000000
2173.494189, -267.054345, 1.000000
2173.477215, -266.907744, 1.000000
2173.460241, -266.761144, 1.000000
2173.443255, -266.614546, 1.000000
2173.438497, -266.466532, 1.000000
2173.421524, -266.319933, 1.000000
2173.392333, -266.174748, 1.000000
2173.375359, -266.028149, 1.000000
2173.358385, -265.881550, 1.000000
2173.329206, -265.736363, 1.000000
2173.324449, -265.588349, 1.000000
2173.307474, -265.441749, 1.000000
2173.302705, -265.293736, 1.000000
2173.297948, -265.145722, 1.000000
2173.280974, -264.999123, 1.000000
2173.239567, -264.855353, 1.000000
2173.234809, -264.707339, 1.000000
2173.217835, -264.560740, 1.000000
2173.200873, -264.414139, 1.000000
2173.183899, -264.267539, 1.000000
2173.179142, -264.119524, 1.000000
2173.162156, -263.972926, 1.000000
2173.145182, -263.826327, 1.000000
2173.115991, -263.681142, 1.000000
2173.086801, -263.535958, 1.000000
2173.069827, -263.389358, 1.000000
2173.052853, -263.242759, 1.000000
2173.048107, -263.094743, 1.000000
2173.031133, -262.948143, 1.000000
2173.014147, -262.801544, 1.000000
2172.997173, -262.654945, 1.000000
2172.980199, -262.508346, 1.000000
2172.951009, -262.363161, 1.000000
2172.934035, -262.216562, 1.000000
2172.929277, -262.068549, 1.000000
2172.900098, -261.923363, 1.000000
2172.870907, -261.778177, 1.000000
2172.853933, -261.631577, 1.000000
2172.849164, -261.483564, 1.000000
2172.844407, -261.335550, 1.000000
2172.815216, -261.190365, 1.000000
2172.798242, -261.043766, 1.000000
2172.781268, -260.897167, 1.000000
2172.764294, -260.750568, 1.000000
2172.747332, -260.603967, 1.000000
2172.742575, -260.455952, 1.000000
2172.725601, -260.309352, 1.000000
2172.696398, -260.164168, 1.000000
2172.691641, -260.016155, 1.000000
2172.674667, -259.869556, 1.000000
2172.645476, -259.724371, 1.000000
2172.616286, -259.579186, 1.000000
2172.611528, -259.431173, 1.000000
2172.594566, -259.284571, 1.000000
2172.577592, -259.137971, 1.000000
2172.572834, -258.989957, 1.000000
2172.555849, -258.843359, 1.000000
2172.538875, -258.696759, 1.000000
2172.521901, -258.550160, 1.000000
2172.504927, -258.403561, 1.000000
2172.487953, -258.256962, 1.000000
2172.458762, -258.111777, 1.000000
2172.441800, -257.965176, 1.000000
2172.424826, -257.818576, 1.000000
2172.407840, -257.671977, 1.000000
2172.390866, -257.525378, 1.000000
2172.373892, -257.378779, 1.000000
2172.344701, -257.233594, 1.000000
2172.339944, -257.085580, 1.000000
2172.322970, -256.938981, 1.000000
2172.293791, -256.793795, 1.000000
2172.276817, -256.647195, 1.000000
2172.272060, -256.499180, 1.000000
2172.255074, -256.352582, 1.000000
2172.238100, -256.205982, 1.000000
2172.233342, -256.057969, 1.000000
2172.204152, -255.912784, 1.000000
2172.187178, -255.766185, 1.000000
2172.170204, -255.619586, 1.000000
2172.128808, -255.475814, 1.000000
2172.111834, -255.329214, 1.000000
2172.107077, -255.181199, 1.000000
2172.090091, -255.034601, 1.000000
2172.085334, -254.886587, 1.000000
2172.080576, -254.738574, 1.000000
2172.040957, -254.591511, 1.000000
2172.035875, -254.445551, 1.000000
2171.982615, -254.305300, 1.000000
2171.944213, -254.163348, 1.000000
2171.939105, -254.018261, 1.000000
2171.922025, -253.874596, 1.000000
2171.916906, -253.729511, 1.000000
2171.899827, -253.585848, 1.000000
2171.225262, -247.401200, 1.000000
2171.196211, -247.258960, 1.000000
2171.179131, -247.115296, 1.000000
2171.174024, -246.970210, 1.000000
2171.144984, -246.827968, 1.000000
2171.080016, -246.689997, 1.000000
2171.062936, -246.546333, 1.000000
2171.033873, -246.404094, 1.000000
2171.028766, -246.259008, 1.000000
2171.011686, -246.115344, 1.000000
2170.994606, -245.971681, 1.000000
2170.989499, -245.826595, 1.000000
2170.960459, -245.684353, 1.000000
2170.943379, -245.540689, 1.000000
2170.926299, -245.397025, 1.000000
2170.897236, -245.254786, 1.000000
2170.880157, -245.111122, 1.000000
2170.875049, -244.966036, 1.000000
2170.857969, -244.822373, 1.000000
2170.840890, -244.678710, 1.000000
2170.823810, -244.535046, 1.000000
2170.794770, -244.392804, 1.000000
2170.789662, -244.247717, 1.000000
2170.760610, -244.105476, 1.000000
2170.743520, -243.961814, 1.000000
2170.726440, -243.818151, 1.000000
2170.709360, -243.674488, 1.000000
2170.704253, -243.529401, 1.000000
2170.687173, -243.385738, 1.000000
2170.646161, -243.244920, 1.000000
2170.629081, -243.101255, 1.000000
2170.623973, -242.956168, 1.000000
2170.606883, -242.812505, 1.000000
2170.589803, -242.668842, 1.000000
2170.584695, -242.523756, 1.000000
2170.589528, -242.377459, 1.000000
2170.584478, -242.229192, 1.000000
2170.554957, -242.083806, 1.000000
2170.488137, -241.951372, 1.000000
2170.483725, -241.806753, 1.000000
2170.467364, -241.663498, 1.000000
2170.462952, -241.518880, 1.000000
2170.446602, -241.375625, 1.000000
2170.430253, -241.232369, 1.000000
2170.425841, -241.087751, 1.000000
2170.409491, -240.944496, 1.000000
2170.381214, -240.802601, 1.000000
2170.364864, -240.659344, 1.000000
2170.348514, -240.516088, 1.000000
2170.356029, -240.370109, 1.000000
2170.339679, -240.226853, 1.000000
2170.323329, -240.083598, 1.000000
2170.295041, -239.941705, 1.000000
2170.290629, -239.797087, 1.000000
2170.250415, -239.656555, 1.000000
2170.222127, -239.514661, 1.000000
2170.217715, -239.370042, 1.000000
2170.213292, -239.225424, 1.000000
2170.208880, -239.080806, 1.000000
2170.180592, -238.938914, 1.000000
2170.152304, -238.797021, 1.000000
2170.147892, -238.652403, 1.000000
2170.131554, -238.509146, 1.000000
2170.127142, -238.364527, 1.000000
2170.134668, -238.218545, 0.000000
2170.142182, -238.072565, 0.000000
2170.149708, -237.926585, 0.000000
2170.157234, -237.780605, 0.000000
2170.164760, -237.634624, 0.000000
2170.172286, -237.488644, 0.000000
2170.179812, -237.342663, 0.000000
2170.199289, -237.195318, 1.000000
2170.206815, -237.049336, 1.000000
2170.202390, -236.904719, 1.000000
2170.197978, -236.760101, 1.000000
2170.193566, -236.615483, 1.000000
2170.153340, -236.474953, 1.000000
2170.125053, -236.333060, 1.000000
2170.144517, -236.185717, 1.000000
2170.128180, -236.042459, 1.000000
2170.135706, -235.896478, 0.000000
2170.119356, -235.753221, 0.000000
2170.102993, -235.609967, 0.000000
2170.086643, -235.466711, 0.000000
2170.058355, -235.324819, 0.000000
2170.042005, -235.181563, 0.000000
2170.025655, -235.038308, 0.000000
2170.009319, -234.895050, 0.000000
2169.992969, -234.751794, 0.000000
2169.976619, -234.608537, 0.000000
2169.960255, -234.465283, 0.000000
2169.943906, -234.322027, 0.000000
2169.915618, -234.180134, 0.000000
2169.899268, -234.036879, 0.000000
2169.882918, -233.893623, 0.000000
2169.866582, -233.750366, 0.000000
2169.850232, -233.607110, 0.000000
2169.833882, -233.463853, 0.000000
2169.817518, -233.320599, 0.000000
2169.801168, -233.177343, 0.000000
2169.772880, -233.035450, 0.000000
2169.756531, -232.892195, 0.000000
2169.740181, -232.748939, 0.000000
2169.723831, -232.605684, 0.000000
2169.707494, -232.462426, 0.000000
2169.691144, -232.319170, 0.000000
2169.674781, -232.175915, 0.000000
2169.646493, -232.034022, 0.000000
2169.630143, -231.890766, 0.000000
2169.613793, -231.747511, 0.000000
2169.597443, -231.604255, 0.000000
2169.581094, -231.461000, 0.000000
2169.564757, -231.317742, 0.000000
2169.548407, -231.174486, 0.000000
2169.532057, -231.031229, 0.000000
2169.503756, -230.889338, 0.000000
2169.487406, -230.746082, 0.000000
2169.516044, -230.603053, 0.000000
2169.499736, -230.456223, 0.000000
2169.483428, -230.309392, 0.000000
2169.459083, -230.167868, 0.000000
2169.443175, -230.021689, 0.000000
2169.427267, -229.875511, 0.000000
2169.399164, -229.730660, 0.000000
2169.383256, -229.584483, 0.000000
2169.367348, -229.438305, 0.000000
2169.351440, -229.292128, 0.000000
2169.323350, -229.147276, 1.000000
2169.295274, -229.002423, 1.000000
2169.291547, -228.854918, 1.000000
2169.275639, -228.708740, 1.000000
2169.259718, -228.562564, 1.000000
2169.255991, -228.415061, 1.000000
2169.252265, -228.267557, 0.000000
2169.224175, -228.122706, 0.000000
2169.196086, -227.977854, 0.000000
2169.180191, -227.831675, 0.000000
2169.152102, -227.686822, 0.000000
2169.124012, -227.541969, 0.000000
2169.108091, -227.395793, 1.000000
2169.092183, -227.249615, 1.000000
2169.076275, -227.103438, 1.000000
2169.060367, -226.957260, 1.000000
2169.044459, -226.811083, 1.000000
2169.004201, -226.667555, 1.000000
2168.988293, -226.521377, 1.000000
2168.984566, -226.373872, 1.000000
2168.968645, -226.227696, 1.000000
2168.964918, -226.080193, 1.000000
2168.961192, -225.932690, 1.000000
2168.945284, -225.786513, 1.000000
2168.941557, -225.639009, 1.000000
2168.913481, -225.494156, 1.000000
2168.897573, -225.347977, 1.000000
2168.877925, -225.054297, 0.000000
2168.862017, -224.908120, 0.000000
2168.846109, -224.761942, 0.000000
2168.818019, -224.617090, 0.000000
2168.802111, -224.470913, 0.000000
2168.786217, -224.324734, 0.000000
2168.770308, -224.178555, 0.000000
2168.754400, -224.032377, 0.000000
2168.738479, -223.886200, 0.000000
2168.722571, -223.740023, 0.000000
2168.706663, -223.593846, 0.000000
2168.678574, -223.448994, 0.000000
2168.662666, -223.302816, 0.000000
2168.646771, -223.156637, 0.000000
2168.630862, -223.010459, 0.000000
2168.614954, -222.864280, 0.000000
2168.599033, -222.718104, 0.000000
2168.583125, -222.571926, 0.000000
2168.555036, -222.427075, 0.000000
2168.539128, -222.280897, 0.000000
2168.523220, -222.134720, 0.000000
2168.507325, -221.988541, 0.000000
2168.491417, -221.842362, 0.000000
2168.475508, -221.696184, 0.000000
2168.459587, -221.550007, 0.000000
2168.443679, -221.403830, 0.000000
2168.415590, -221.258978, 0.000000
2168.399682, -221.112801, 0.000000
2168.383774, -220.966623, 0.000000
2168.367879, -220.820444, 0.000000
2168.351971, -220.674265, 0.000000
2168.336062, -220.528087, 0.000000
2168.320142, -220.381911, 0.000000
2168.292052, -220.237059, 0.000000
2168.276144, -220.090882, 0.000000
2168.260236, -219.944704, 0.000000
2168.244328, -219.798527, 0.000000
2168.228433, -219.652347, 0.000000
2168.212525, -219.506169, 0.000000
2168.196617, -219.359990, 0.000000
2168.180696, -219.213814, 0.000000
2168.152606, -219.068962, 0.000000
2168.141164, -218.937510, 0.000000
2168.126494, -218.790966, 0.000000
2168.111825, -218.644423, 0.000000
2168.090219, -218.501020, 0.000000
2168.075788, -218.355069, 0.000000
2168.061357, -218.209117, 0.000000
2168.034751, -218.064370, 0.000000
2168.020320, -217.918420, 0.000000
2168.005889, -217.772470, 0.000000
2167.991458, -217.626519, 0.000000
2167.977027, -217.480569, 0.000000
2167.962609, -217.334616, 0.000000
2167.948178, -217.188665, 0.000000
2167.933734, -217.042715, 0.000000
2167.907140, -216.897967, 0.000000
2167.892709, -216.752016, 0.000000
2167.878279, -216.606066, 0.000000
2167.863848, -216.460115, 0.000000
2167.849429, -216.314164, 0.000000
2167.834998, -216.168212, 0.000000
2167.820567, -216.022261, 0.000000
2167.793961, -215.877513, 0.000000
2167.779530, -215.731563, 0.000000
2167.765099, -215.585612, 0.000000
2167.750668, -215.439662, 0.000000
2167.736237, -215.293712, 1.000000
2167.697493, -215.150165, 1.000000
2167.683062, -215.004213, 1.000000
2167.668631, -214.858262, 1.000000
2167.666350, -214.711110, 1.000000
2167.639757, -214.566362, 1.000000
2167.588838, -214.424019, 1.000000
2167.574407, -214.278069, 1.000000
2167.559976, -214.132118, 1.000000
2167.545557, -213.986166, 1.000000
2167.531126, -213.840214, 1.000000
2167.516695, -213.694263, 1.000000
2167.502252, -213.548314, 1.000000
2167.487821, -213.402363, 1.000000
2167.461228, -213.257615, 1.000000
2167.446797, -213.111665, 1.000000
2167.444528, -212.964512, 1.000000
2167.430109, -212.818559, 1.000000
2167.403516, -212.673810, 1.000000
2167.389073, -212.527860, 1.000000
2167.374642, -212.381910, 1.000000
2167.372373, -212.234757, 1.000000
2167.357942, -212.088806, 1.000000
2167.355674, -211.941653, 1.000000
2167.341255, -211.795702, 1.000000
2167.338987, -211.648548, 1.000000
2167.324556, -211.502596, 1.000000
2167.322275, -211.355444, 1.000000
2167.307844, -211.209493, 1.000000
2167.305576, -211.062340, 1.000000
2167.303307, -210.915187, 1.000000
2167.325364, -210.765629, 1.000000
2167.323108, -210.618474, 1.000000
2167.284352, -210.474928, 1.000000
2167.282083, -210.327774, 1.000000
2167.267640, -210.181824, 1.000000
2167.265371, -210.034671, 1.000000
2167.250940, -209.888721, 1.000000
2167.236509, -209.742771, 1.000000
2167.246403, -209.594415, 1.000000
2167.231985, -209.448463, 1.000000
2167.217554, -209.302511, 1.000000
2167.203123, -209.156560, 1.000000
2167.200842, -209.009408, 1.000000
2167.222898, -208.859850, 1.000000
2167.208467, -208.713899, 1.000000
2167.181874, -208.569151, 1.000000
2167.155281, -208.424403, 1.000000
2167.140863, -208.278451, 1.000000
2167.150757, -208.130094, 1.000000
2167.117454, -207.986991, 1.000000
2167.115265, -207.840389, 1.000000
2167.088842, -207.696172, 1.000000
2166.977426, -207.573866, 1.000000
2166.976427, -207.426388, 1.000000
2166.951045, -207.281108, 1.000000
2166.937848, -207.134729, 1.000000
2166.924651, -206.988350, 1.000000
2166.874847, -206.845272, 1.000000
2166.861650, -206.698894, 1.000000
2166.824057, -206.554715, 1.000000
2166.810861, -206.408337, 1.000000
2166.785466, -206.263059, 1.000000
2166.772281, -206.116679, 1.000000
2166.771282, -205.969200, 1.000000
2166.721479, -205.826122, 1.000000
2166.708282, -205.679744, 1.000000
2166.682887, -205.534466, 1.000000
2166.657492, -205.389187, 1.000000
2166.656493, -205.241709, 1.000000
2166.643308, -205.095330, 1.000000
2166.630111, -204.948951, 1.000000
2166.616903, -204.802573, 1.000000
2166.603706, -204.656195, 1.000000
2166.590509, -204.509817, 1.000000
2166.577312, -204.363439, 1.000000
2166.576314, -204.215961, 1.000000
2166.611922, -204.065182, 1.000000
2166.598725, -203.918803, 1.000000
2166.585516, -203.772425, 1.000000
2166.572319, -203.626047, 1.000000
2166.559122, -203.479669, 1.000000
2166.533727, -203.334391, 1.000000
2166.507346, -203.041634, 0.000000
2166.494149, -202.895255, 0.000000
2166.493150, -202.747776, 0.000000
2166.479941, -202.601399, 0.000000
2166.466745, -202.455020, 0.000000
2166.453548, -202.308642, 0.000000
2166.440351, -202.162264, 0.000000
2166.427154, -202.015886, 0.000000
2166.426168, -201.868407, 0.000000
2166.412971, -201.722027, 0.000000
2166.399762, -201.575650, 1.000000
2166.374367, -201.430372, 1.000000
2166.336774, -201.286193, 1.000000
2166.323577, -201.139815, 1.000000
2166.310380, -200.993437, 1.000000
2166.297195, -200.847057, 1.000000
2166.271800, -200.701778, 1.000000
2166.258592, -200.555400, 1.000000
2166.245395, -200.409022, 1.000000
2166.232198, -200.262644, 1.000000
2166.206803, -200.117366, 1.000000
2166.181408, -199.972087, 1.000000
2166.168223, -199.825708, 1.000000
2166.130630, -199.681528, 1.000000
2166.117421, -199.535150, 0.000000
2166.104224, -199.388772, 0.000000
2166.091028, -199.242394, 0.000000
2166.077831, -199.096016, 0.000000
2166.064634, -198.949638, 0.000000
2166.051449, -198.803259, 0.000000
2166.038252, -198.656880, 0.000000
2166.025055, -198.510501, 0.000000
2166.011847, -198.364123, 0.000000
2166.010848, -198.216646, 0.000000
2165.997651, -198.070268, 0.000000
2165.984455, -197.923890, 0.000000
2165.971258, -197.777512, 0.000000
2165.958073, -197.631132, 0.000000
2165.944876, -197.484752, 0.000000
2165.931667, -197.338375, 0.000000
2165.918470, -197.191997, 0.000000
2165.913209, -197.059070, 0.000000
2165.889001, -196.912965, 1.000000
2165.877051, -196.765864, 1.000000
2165.856795, -196.622618, 1.000000
2165.857341, -196.475341, 1.000000
2165.845683, -196.329035, 1.000000
2165.846228, -196.181759, 1.000000
2165.858967, -196.033512, 1.000000
2165.847320, -195.887206, 1.000000
2165.847866, -195.739929, 1.000000
2165.824040, -195.594592, 1.000000
2165.727047, -195.455079, 1.000000
2165.727582, -195.307803, 1.000000
2165.728128, -195.160526, 1.000000
2165.728674, -195.013250, 1.000000
2165.729220, -194.865973, 1.000000
2165.717573, -194.719667, 1.000000
2165.718131, -194.572389, 1.000000
2165.706485, -194.426082, 1.000000
2165.707019, -194.278806, 1.000000
2165.695373, -194.132500, 1.000000
2165.695918, -193.985224, 1.000000
2165.684272, -193.838918, 1.000000
2165.697010, -193.690671, 1.000000
2165.721953, -193.541451, 1.000000
2165.771268, -193.390292, 1.000000
2165.747416, -193.244957, 1.000000
2165.735770, -193.098651, 1.000000
2165.711932, -192.953315, 1.000000
2165.688093, -192.807980, 1.000000
2165.676447, -192.661674, 1.000000
2165.640429, -192.517307, 1.000000
2165.616590, -192.371971, 1.000000
2165.495202, -192.234400, 1.000000
2165.471364, -192.089065, 1.000000
2165.520678, -191.937906, 1.000000
2165.484648, -191.793541, 1.000000
2165.460809, -191.648206, 1.000000
2165.400405, -191.505780, 1.000000
2165.315605, -191.365296, 1.000000
2165.279564, -191.220932, 1.000000
2165.255726, -191.075596, 1.000000
2165.329425, -190.922497, 1.000000
2165.305586, -190.777161, 1.000000
2165.293940, -190.630855, 1.000000
2165.270112, -190.485518, 1.000000
2165.258466, -190.339211, 1.000000
2165.246809, -190.192906, 1.000000
2165.235162, -190.046600, 1.000000
2165.235708, -189.899323, 1.000000
2165.236254, -189.752047, 1.000000
2165.212416, -189.606711, 1.000000
2165.188588, -189.461374, 1.000000
2165.201326, -189.313126, 1.000000
2165.201861, -189.165850, 1.000000
2165.190215, -189.019544, 1.000000
2165.190761, -188.872268, 1.000000
2165.191307, -188.724991, 1.000000
2165.191853, -188.577715, 1.000000
2165.192410, -188.430437, 1.000000
2165.192956, -188.283159, 1.000000
2165.230067, -188.132971, 1.000000
2165.242805, -187.984724, 1.000000
2165.243350, -187.837448, 1.000000
2165.243896, -187.690172, 1.000000
2165.232250, -187.543866, 1.000000
2165.220616, -187.397558, 1.000000
2165.221162, -187.250280, 1.000000
2165.209503, -187.103975, 1.000000
2165.210049, -186.956698, 1.000000
2165.146246, -186.807162, 1.000000
2165.146112, -186.663326, 1.000000
2165.134075, -186.520492, 1.000000
2165.166432, -186.369161, 1.000000
2165.141715, -186.223503, 1.000000
2165.080311, -186.080970, 1.000000
2165.067819, -185.934272, 1.000000
2165.043102, -185.788615, 1.000000
2165.018385, -185.642959, 0.000000
2165.005904, -185.496259, 0.000000
2164.981187, -185.350602, 0.000000
2164.968683, -185.203904, 0.000000
2164.956191, -185.057206, 0.000000
2164.943699, -184.910508, 0.000000
2164.918982, -184.764852, 0.000000
2164.906490, -184.618154, 0.000000
2164.894009, -184.471454, 0.000000
2164.856788, -184.179099, 0.000000
2164.844296, -184.032401, 0.000000
2164.831804, -183.885704, 0.000000
2164.819312, -183.739006, 0.000000
2164.794606, -183.593348, 0.000000
2164.782114, -183.446649, 0.000000
2164.769610, -183.299951, 0.000000
2164.757118, -183.153254, 0.000000
2164.732401, -183.007597, 0.000000
2164.719909, -182.860899, 0.000000
2164.707417, -182.714201, 0.000000
2164.694936, -182.567502, 0.000000
2164.670219, -182.421844, 0.000000
2164.657715, -182.275147, 0.000000
2164.645223, -182.128449, 0.000000
2164.620506, -181.982792, 0.000000
2164.608014, -181.836094, 0.000000
2164.595533, -181.689395, 0.000000
2164.583041, -181.542696, 0.000000
2164.558312, -181.397040, 0.000000
2164.545820, -181.250342, 0.000000
2164.533328, -181.103644, 0.000000
2164.520836, -180.956946, 0.000000
2164.496119, -180.811290, 0.000000
2164.483638, -180.664590, 0.000000
2164.471146, -180.517891, 0.000000
2164.458642, -180.371194, 0.000000
2164.433925, -180.225537, 0.000000
2164.421433, -180.078839, 0.000000
2164.408941, -179.932142, 0.000000
2164.396460, -179.785443, 0.000000
2164.371743, -179.639785, 0.000000
2164.359239, -179.493087, 0.000000
2164.346747, -179.346389, 0.000000
2164.334255, -179.199691, 0.000000
2164.309538, -179.054035, 0.000000
2164.297046, -178.907337, 0.000000
2164.284565, -178.760637, 0.000000
2164.272072, -178.613938, 0.000000
2164.247345, -178.468282, 0.000000
2164.234852, -178.321585, 0.000000
2164.222360, -178.174887, 0.000000
2164.197643, -178.029230, 0.000000
2164.185162, -177.882531, 0.000000
2164.172669, -177.735832, 0.000000
2164.160167, -177.589134, 0.000000
2164.135450, -177.443478, 0.000000
2164.091578, -177.288211, 0.000000
2164.078207, -177.144732, 0.000000
2164.064836, -177.001253, 0.000000
2164.027741, -176.856735, 0.000000
2164.014045, -176.714445, 0.000000
2163.988481, -176.573298, 1.000000
2163.951070, -176.433292, 1.000000
2163.949232, -176.289862, 1.000000
2163.935536, -176.147573, 1.000000
2163.909992, -176.006424, 1.000000
2163.896296, -175.864134, 1.000000
2163.882590, -175.721845, 1.000000
2163.880751, -175.578414, 1.000000
2163.853359, -175.293836, 1.000000
2163.851521, -175.150406, 1.000000
2163.837835, -175.008115, 1.000000
2163.835996, -174.864684, 1.000000
2163.822290, -174.722395, 1.000000
2163.820451, -174.578965, 1.000000
2163.818613, -174.435535, 0.000000
2163.816774, -174.292104, 0.000000
2163.814946, -174.148673, 0.000000
2163.813107, -174.005241, 0.000000
2163.811258, -173.861811, 0.000000
2163.809419, -173.718381, 0.000000
2163.807581, -173.574950, 0.000000
2163.805742, -173.431520, 0.000000
2163.803904, -173.288089, 0.000000
2163.802076, -173.144657, 0.000000
2163.800237, -173.001226, 0.000000
2163.798387, -172.857796, 0.000000
2163.796549, -172.714366, 0.000000
2163.794710, -172.570935, 0.000000
2163.792872, -172.427505, 0.000000
2163.791045, -172.284073, 0.000000
2163.789206, -172.140642, 0.000000
2163.787356, -171.997212, 0.000000
2163.785517, -171.853781, 0.000000
2163.783678, -171.710351, 0.000000
2163.781840, -171.566921, 0.000000
2163.780001, -171.423490, 0.000000
2163.778175, -171.280058, 0.000000
2163.788194, -171.135485, 0.000000
2163.786343, -170.992056, 0.000000
2163.784504, -170.848625, 0.000000
2163.782665, -170.705195, 0.000000
2163.780827, -170.561765, 0.000000
2163.779001, -170.418333, 0.000000
2163.777162, -170.274901, 0.000000
2163.775311, -170.131471, 0.000000
2163.773472, -169.988041, 0.000000
2163.771634, -169.844611, 0.000000
2163.769795, -169.701180, 0.000000
2163.767956, -169.557750, 0.000000
2163.766131, -169.414317, 0.000000
2163.764292, -169.270886, 0.000000
2163.762440, -169.127457, 0.000000
2163.760602, -168.984026, 0.000000
2163.758763, -168.840596, 0.000000
2163.756924, -168.697166, 0.000000
2163.755100, -168.553733, 0.000000
2163.753261, -168.410302, 0.000000
2163.751408, -168.266872, 0.000000
2163.749570, -168.123442, 0.000000
2163.770364, -167.888050, 0.000000
2163.761934, -167.742403, 0.000000
2163.793593, -167.558999, 0.000000
2163.782676, -167.410226, 0.000000
2163.771744, -167.261456, 0.000000
2163.760826, -167.112685, 0.000000
2163.762146, -166.961984, 0.000000
2163.751228, -166.813212, 0.000000
2163.740327, -166.664438, 0.000000
2163.729409, -166.515665, 0.000000
2163.718476, -166.366896, 0.000000
2163.707559, -166.218124, 0.000000
2163.696641, -166.069353, 0.000000
2163.636777, -165.928299, 1.000000
2163.552454, -165.791102, 1.000000
2163.468115, -165.653907, 1.000000
2163.383761, -165.516714, 1.000000
2163.336134, -165.373731, 1.000000
2163.276269, -165.232678, 1.000000
2163.240878, -165.087765, 1.000000
2163.193264, -164.944780, 1.000000
2163.133399, -164.803725, 1.000000
2163.061284, -164.664603, 1.000000
2163.013656, -164.521620, 1.000000
2162.978265, -164.376708, 1.000000
2162.967360, -164.227934, 1.000000
2162.944206, -164.081091, 1.000000
2162.921039, -163.934250, 1.000000
2162.910122, -163.785479, 1.000000
2162.899204, -163.636707, 1.000000
2162.888287, -163.487936, 1.000000
2162.877383, -163.339162, 1.000000
2162.854228, -163.192319, 1.000000
2162.831061, -163.045478, 1.000000
2162.807907, -162.898636, 1.000000
2162.784753, -162.751794, 1.000000
2162.773835, -162.603023, 1.000000
2162.764251, -162.303547, 0.000000
2162.728846, -162.158636, 0.000000
2162.693455, -162.013724, 0.000000
2162.658064, -161.868811, 0.000000
2162.622673, -161.723899, 0.000000
2162.599532, -161.577054, 0.000000
2162.564141, -161.432140, 0.000000
2162.528737, -161.287230, 0.000000
2162.493346, -161.142317, 0.000000
2162.457955, -160.997405, 0.000000
2162.422576, -160.852490, 0.000000
2162.387185, -160.707577, 0.000000
2162.351781, -160.562666, 0.000000
2162.316391, -160.417753, 0.000000
2162.293236, -160.270911, 0.000000
2162.257845, -160.125999, 0.000000
2162.222467, -159.981084, 0.000000
2162.187075, -159.836171, 0.000000
2162.151672, -159.691259, 1.000000
2162.177465, -159.536699, 1.000000
2162.187291, -159.437003, 1.000000
2162.193098, -159.286462, 1.000000
2162.150070, -159.164540, 1.000000
2162.145491, -159.018885, 1.000000
2162.116854, -158.875999, 1.000000
2162.100253, -158.731729, 1.000000
2162.083652, -158.587458, 1.000000
2162.067051, -158.443188, 0.000000
2162.038439, -158.300299, 0.000000
2162.021838, -158.156028, 0.000000
2161.993202, -158.013142, 0.000000
2161.976600, -157.868871, 0.000000
2161.931375, -157.581714, 0.000000
2161.914774, -157.437444, 0.000000
2161.857539, -157.151666, 1.000000
2161.828903, -157.008781, 1.000000
2161.824324, -156.863127, 1.000000
2161.807723, -156.718856, 1.000000
2161.803144, -156.573203, 1.000000
2161.786555, -156.428930, 1.000000
2161.769954, -156.284659, 1.000000
2161.765363, -156.139006, 1.000000
2161.748761, -155.994735, 1.000000
2161.708115, -155.853232, 1.000000
2161.679491, -155.710345, 1.000000
2161.662902, -155.566073, 0.000000
2161.634278, -155.423185, 0.000000
2161.617665, -155.278915, 0.000000
