2162.227037, -195.414682, 0.000000
2162.203198, -195.269346, 0.000000
2162.191552, -195.123040, 0.000000
2162.179906, -194.976734, 0.000000
2162.156053, -194.831399, 0.000000
2162.144407, -194.685092, 0.000000
2162.132775, -194.538785, 0.000000
2162.108936, -194.393449, 0.000000
2162.097290, -194.247143, 0.000000
2162.085644, -194.100837, 0.000000
2162.061805, -193.955502, 0.000000
2162.050144, -193.809196, 0.000000
2162.038498, -193.662889, 0.000000
2162.014674, -193.517552, 0.000000
2162.003028, -193.371246, 0.000000
2161.991382, -193.224940, 0.000000
2161.967543, -193.079605, 0.000000
2161.955897, -192.933299, 0.000000
2161.944236, -192.786993, 1.000000
2161.932589, -192.640686, 1.000000
2161.945342, -192.492438, 1.000000
2161.933696, -192.346132, 1.000000
2161.934242, -192.198855, 1.000000
2161.922596, -192.052549, 1.000000
2161.923141, -191.905273, 1.000000
2161.923673, -191.757997, 1.000000
2161.912027, -191.611690, 1.000000
2161.912587, -191.464412, 1.000000
2161.900940, -191.318106, 1.000000
2161.889294, -191.171800, 1.000000
2161.877648, -191.025494, 1.000000
2161.866002, -190.879188, 1.000000
2161.866533, -190.731912, 1.000000
2161.854887, -190.585605, 0.000000
2161.843255, -190.439297, 0.000000
2161.831609, -190.292991, 0.000000
2161.819962, -190.146685, 0.000000
2161.796124, -190.001350, 0.000000
2161.784478, -189.855044, 0.000000
2161.772817, -189.708738, 0.000000
2161.761171, -189.562431, 0.000000
2161.749539, -189.416124, 0.000000
2161.737892, -189.269818, 0.000000
2161.726246, -189.123512, 0.000000
2161.702408, -188.978176, 0.000000
2161.690761, -188.831870, 0.000000
2161.679101, -188.685565, 0.000000
2161.667454, -188.539258, 0.000000
2161.655822, -188.392950, 0.000000
2161.644176, -188.246644, 0.000000
2161.620338, -188.101309, 0.000000
2161.608691, -187.955003, 0.000000
2161.597045, -187.808697, 0.000000
2161.585384, -187.662391, 0.000000
2161.573738, -187.516084, 0.000000
2161.562106, -187.369777, 0.000000
2161.550460, -187.223471, 0.000000
2161.573401, -187.084274, 0.000000
2161.561364, -186.941441, 0.000000
2161.497146, -186.804757, 0.000000
2161.484654, -186.658058, 0.000000
2161.472162, -186.511359, 0.000000
2161.459684, -186.364660, 0.000000
2161.447192, -186.217963, 0.000000
2161.422475, -186.072306, 0.000000
2161.409983, -185.925608, 0.000000
2161.397476, -185.778911, 0.000000
2161.384983, -185.632212, 0.000000
2161.372506, -185.485512, 0.000000
2161.360014, -185.338815, 0.000000
2161.347522, -185.192117, 0.000000
2161.322805, -185.046460, 0.000000
2161.310298, -184.899764, 0.000000
2161.297805, -184.753065, 0.000000
2161.285313, -184.606366, 0.000000
2161.297285, -184.457585, 1.000000
2161.297018, -184.309846, 1.000000
2161.284526, -184.163148, 1.000000
2161.284258, -184.015409, 1.000000
2161.271752, -183.868712, 1.000000
2161.259260, -183.722013, 1.000000
2161.259007, -183.574273, 1.000000
2161.258739, -183.426534, 1.000000
2161.246247, -183.279836, 1.000000
2161.245980, -183.132097, 1.000000
2161.245698, -182.984360, 1.000000
2161.233206, -182.837661, 1.000000
2161.220460, -182.543222, 1.000000
2161.195743, -182.397565, 0.000000
2161.183251, -182.250867, 0.000000
2161.158534, -182.105211, 0.000000
2161.146028, -181.958513, 0.000000
2161.133536, -181.811815, 0.000000
2161.121058, -181.665115, 0.000000
2161.096341, -181.519458, 0.000000
2161.083848, -181.372760, 0.000000
2161.071356, -181.226063, 0.000000
2161.058850, -181.079366, 0.000000
2161.046358, -180.932667, 0.000000
2161.021641, -180.787009, 0.000000
2161.009163, -180.640310, 0.000000
2160.996670, -180.493612, 0.000000
2160.984178, -180.346915, 0.000000
2160.959461, -180.201258, 0.000000
2160.946955, -180.054561, 0.000000
2160.934463, -179.907862, 0.000000
2160.921985, -179.761162, 0.000000
2160.909492, -179.614464, 0.000000
2160.884775, -179.468808, 0.000000
2160.872283, -179.322110, 0.000000
2160.859777, -179.175413, 0.000000
2160.847284, -179.028715, 0.000000
2160.822567, -178.883057, 0.000000
2160.810090, -178.736358, 0.000000
2160.797597, -178.589660, 0.000000
2160.785105, -178.442962, 0.000000
2160.772613, -178.296264, 0.000000
2160.747882, -178.150608, 0.000000
2160.735389, -178.003909, 0.000000
2160.722912, -177.857210, 0.000000
2160.710419, -177.710512, 0.000000
2160.729541, -177.577402, 0.000000
2160.716170, -177.433923, 0.000000
2160.719053, -177.294887, 0.000000
2160.705357, -177.152597, 0.000000
2160.691661, -177.010307, 0.000000
2160.666121, -176.869157, 0.000000
2160.652425, -176.726868, 0.000000
2160.638729, -176.584579, 0.000000
2160.625033, -176.442290, 0.000000
2160.599465, -176.301144, 0.000000
2160.585769, -176.158853, 0.000000
2160.572088, -176.016562, 0.000000
2160.558392, -175.874273, 0.000000
2160.544696, -175.731984, 0.000000
2160.519142, -175.590837, 0.000000
2160.505432, -175.448549, 0.000000
2160.503593, -175.305118, 1.000000
2160.489897, -175.162828, 1.000000
2160.476215, -175.020537, 1.000000
2160.462519, -174.878248, 1.000000
2160.436966, -174.737100, 1.000000
2160.423270, -174.594811, 1.000000
2160.409559, -174.452523, 1.000000
2160.395863, -174.310233, 1.000000
2160.382181, -174.167942, 1.000000
2160.368485, -174.025653, 1.000000
2160.342932, -173.884505, 1.000000
2160.329236, -173.742216, 1.000000
2160.315525, -173.599929, 1.000000
2160.301829, -173.457639, 1.000000
2160.288133, -173.315348, 1.000000
2160.274452, -173.173058, 1.000000
2160.260756, -173.030769, 1.000000
2160.247060, -172.888480, 1.000000
2160.233364, -172.746191, 1.000000
2160.207795, -172.605044, 0.000000
2160.194099, -172.462754, 0.000000
2160.192275, -172.319322, 0.000000
2160.178579, -172.177033, 0.000000
2160.164883, -172.034743, 0.000000
2160.163045, -171.891313, 0.000000
2160.149334, -171.749026, 0.000000
2160.135638, -171.606735, 0.000000
2160.121942, -171.464445, 0.000000
2160.120118, -171.321013, 0.000000
2160.106422, -171.178724, 0.000000
2160.092726, -171.036435, 0.000000
2160.079030, -170.894146, 0.000000
2160.077177, -170.750717, 0.000000
2160.063480, -170.608427, 0.000000
2160.049799, -170.466136, 0.000000
2160.047960, -170.322705, 0.000000
2160.034264, -170.180416, 0.000000
2160.020568, -170.038127, 0.000000
2160.006858, -169.895840, 0.000000
2160.005019, -169.752408, 0.000000
2159.991323, -169.610118, 0.000000
2159.977641, -169.467828, 0.000000
2159.975803, -169.324397, 0.000000
2159.962107, -169.182108, 0.000000
2159.948411, -169.039819, 0.000000
2159.934700, -168.897531, 0.000000
2159.932862, -168.754100, 0.000000
2159.919180, -168.611809, 0.000000
2159.905484, -168.469520, 0.000000
2159.868448, -168.417234, 0.000000
2159.860018, -168.271587, 0.000000
2159.800499, -168.163551, 0.000000
2159.777344, -168.016708, 0.000000
2159.766441, -167.867933, 0.000000
2159.743287, -167.721091, 0.000000
2159.720133, -167.574249, 0.000000
2159.696979, -167.427408, 0.000000
2159.686047, -167.278638, 0.000000
2159.662893, -167.131795, 0.000000
2159.651990, -166.983021, 1.000000
2159.628835, -166.836179, 1.000000
2159.582527, -166.542495, 1.000000
2159.571596, -166.393725, 1.000000
2159.548441, -166.246882, 1.000000
2159.537538, -166.098108, 1.000000
2159.514384, -165.951266, 1.000000
2159.503466, -165.802494, 1.000000
2159.480312, -165.655652, 1.000000
2159.457144, -165.508812, 1.000000
2159.434004, -165.361966, 1.000000
2159.410849, -165.215124, 1.000000
2159.387695, -165.068282, 1.000000
2159.352304, -164.923370, 1.000000
2159.329136, -164.776530, 1.000000
2159.305982, -164.629687, 1.000000
2159.282842, -164.482842, 1.000000
2159.259687, -164.336000, 1.000000
2159.224296, -164.191088, 1.000000
2159.176669, -164.048105, 0.000000
2159.165737, -163.899335, 0.000000
2159.142583, -163.752492, 0.000000
2159.131679, -163.603718, 0.000000
2159.108525, -163.456876, 0.000000
2159.085371, -163.310034, 0.000000
2159.074454, -163.161262, 0.000000
2159.051286, -163.014422, 0.000000
2159.040368, -162.865649, 0.000000
2159.017228, -162.718805, 0.000000
2159.006310, -162.570033, 0.000000
2158.983156, -162.423192, 0.000000
2158.972239, -162.274420, 0.000000
2158.949071, -162.127579, 0.000000
2158.938167, -161.978805, 0.000000
2158.915013, -161.831963, 0.000000
2158.891859, -161.685121, 0.000000
2158.880941, -161.536349, 0.000000
2158.857774, -161.389509, 0.000000
2158.846856, -161.240737, 0.000000
2158.823715, -161.093892, 0.000000
2158.812798, -160.945120, 0.000000
2158.789644, -160.798278, 0.000000
2158.778727, -160.649507, 0.000000
2158.755559, -160.502667, 0.000000
2158.732405, -160.355823, 0.000000
2158.721501, -160.207049, 0.000000
2158.698347, -160.060207, 0.000000
2158.683077, -159.858029, 0.000000
2158.664315, -159.710615, 0.000000
2158.696811, -159.537544, 0.000000
2158.680210, -159.393272, 0.000000
2158.675644, -159.247617, 0.000000
2158.659042, -159.103346, 0.000000
2158.654464, -158.957692, 0.000000
2158.637863, -158.813422, 0.000000
2158.621249, -158.669153, 0.000000
2158.616670, -158.523498, 0.000000
2158.600081, -158.379225, 0.000000
2158.595502, -158.233571, 0.000000
2158.590924, -158.087918, 1.000000
2158.574323, -157.943647, 1.000000
2158.557709, -157.799378, 1.000000
2158.541108, -157.655107, 1.000000
2158.524519, -157.510834, 1.000000
2158.507917, -157.366564, 1.000000
2158.491316, -157.222293, 1.000000
2158.474715, -157.078023, 1.000000
2158.470136, -156.932369, 1.000000
2158.453523, -156.788099, 1.000000
2158.424899, -156.645211, 1.000000
2158.408310, -156.500939, 1.000000
2158.403731, -156.355285, 1.000000
2158.387130, -156.211015, 1.000000
2158.382551, -156.065361, 1.000000
2158.365938, -155.921092, 1.000000
2158.349336, -155.776820, 1.000000
2158.332747, -155.632548, 1.000000
2158.316146, -155.488278, 1.000000
2158.287522, -155.345391, 0.000000
2158.282944, -155.199737, 0.000000
2158.249729, -154.911196, 0.000000
2158.245162, -154.765540, 0.000000
2158.228561, -154.621270, 0.000000
2158.223982, -154.475616, 0.000000
2158.207381, -154.331346, 0.000000
2158.202791, -154.185693, 0.000000
2158.186189, -154.041422, 0.000000
2158.169600, -153.897149, 0.000000
2158.165021, -153.751495, 0.000000
2158.148420, -153.607225, 0.000000
2158.143841, -153.461571, 0.000000
2158.127240, -153.317300, 0.000000
2158.110627, -153.173031, 0.000000
2158.106048, -153.027376, 0.000000
2158.089458, -152.883104, 0.000000
2158.084880, -152.737450, 0.000000
2158.068278, -152.593180, 0.000000
2158.063700, -152.447526, 0.000000
2158.047087, -152.303256, 0.000000
2158.030486, -152.158985, 0.000000
2158.025918, -152.013329, 0.000000
2158.009317, -151.869059, 0.000000
2158.004738, -151.723405, 0.000000
2157.988137, -151.579134, 0.000000
2157.983547, -151.433482, 0.000000
2157.966946, -151.289210, 0.000000
2157.950356, -151.144938, 0.000000
2157.945777, -150.999284, 0.000000
2157.922032, -150.834980, 0.000000
2157.919424, -150.688769, 0.000000
2157.928359, -150.532632, 0.000000
2157.926678, -150.388782, 0.000000
2157.913115, -150.246063, 0.000000
2157.899541, -150.103345, 0.000000
2157.897860, -149.959496, 0.000000
2157.884287, -149.816779, 0.000000
2157.882596, -149.672931, 0.000000
2157.880915, -149.529081, 1.000000
2157.855458, -149.387493, 1.000000
2157.829992, -149.245906, 1.000000
2157.816418, -149.103189, 1.000000
2157.802844, -148.960471, 1.000000
2157.801153, -148.816623, 1.000000
2157.799472, -148.672773, 1.000000
2157.797802, -148.528923, 1.000000
2157.784228, -148.386205, 1.000000
2157.782548, -148.242357, 1.000000
2157.768974, -148.099639, 1.000000
2157.767283, -147.955791, 1.000000
2157.765603, -147.811941, 1.000000
2157.752039, -147.669222, 1.000000
2157.750358, -147.525373, 1.000000
2157.736784, -147.382655, 1.000000
2157.723211, -147.239938, 1.000000
2157.721520, -147.096090, 1.000000
2157.707946, -146.953371, 1.000000
2157.706276, -146.809521, 1.000000
2157.692702, -146.666803, 1.000000
2157.667235, -146.525217, 1.000000
2157.641768, -146.383630, 1.000000
2157.640078, -146.239782, 0.000000
2157.626504, -146.097063, 0.000000
2157.624833, -145.953213, 0.000000
2157.623152, -145.809364, 0.000000
2157.609579, -145.666647, 0.000000
2157.607898, -145.522798, 0.000000
2157.606208, -145.378950, 0.000000
2157.592634, -145.236231, 0.000000
2157.590963, -145.092381, 0.000000
2157.589282, -144.948532, 0.000000
2157.575709, -144.805814, 0.000000
2157.574028, -144.661966, 0.000000
2157.572338, -144.518118, 0.000000
2157.558764, -144.375399, 0.000000
2157.557093, -144.231548, 0.000000
2157.555412, -144.087700, 0.000000
2157.541838, -143.944982, 0.000000
2157.540158, -143.801133, 0.000000
2157.538468, -143.657285, 0.000000
2157.536788, -143.513435, 0.000000
2157.523223, -143.370716, 0.000000
2157.521542, -143.226867, 0.000000
2157.519861, -143.083019, 0.000000
2157.506288, -142.940301, 0.000000
2157.504599, -142.796453, 0.000000
2157.502918, -142.652603, 0.000000
2157.489353, -142.509884, 0.000000
2157.487672, -142.366035, 0.000000
2157.464219, -142.248117, 0.000000
2157.447313, -142.102719, 0.000000
2157.431902, -141.968549, 0.000000
2157.425582, -141.820285, 0.000000
2157.407043, -141.673565, 0.000000
2157.400723, -141.525302, 0.000000
2157.394403, -141.377038, 0.000000
2157.375856, -141.230321, 1.000000
2157.357301, -141.083604, 1.000000
2157.338754, -140.936885, 1.000000
2157.320216, -140.790166, 1.000000
2157.301669, -140.643448, 1.000000
2157.283122, -140.496730, 1.000000
2157.276802, -140.348467, 1.000000
2157.258247, -140.201750, 1.000000
2157.239700, -140.055031, 1.000000
2157.221162, -139.908312, 1.000000
2157.190389, -139.763140, 1.000000
2157.171842, -139.616422, 1.000000
2157.153295, -139.469704, 1.000000
2157.134740, -139.322987, 1.000000
2157.116193, -139.176269, 1.000000
2157.097655, -139.029549, 1.000000
2157.066882, -138.884377, 1.000000
2157.048335, -138.737659, 1.000000
2157.042015, -138.589396, 1.000000
2157.023460, -138.442679, 1.000000
2157.004913, -138.295960, 1.000000
2156.986374, -138.149241, 1.000000
2156.432042, -135.238064, 0.000000
2156.401269, -135.092892, 0.000000
2156.370486, -134.947720, 0.000000
2156.351940, -134.801002, 0.000000
2156.321176, -134.655827, 0.000000
2156.290403, -134.510655, 0.000000
2156.259630, -134.365483, 0.000000
2156.241083, -134.218765, 0.000000
2156.210300, -134.073594, 0.000000
2156.179526, -133.928421, 0.000000
2156.148763, -133.783247, 0.000000
2156.142443, -133.634984, 1.000000
2156.124312, -133.434114, 1.000000
2156.099284, -133.288405, 1.000000
2156.129083, -133.116764, 1.000000
2156.106878, -132.974044, 1.000000
2156.096636, -132.830471, 1.000000
2156.098369, -132.686044, 1.000000
2156.088128, -132.542472, 1.000000
2156.077887, -132.398900, 1.000000
2156.067646, -132.255328, 0.000000
2156.057394, -132.111756, 0.000000
2156.047153, -131.968182, 0.000000
2156.036922, -131.824609, 0.000000
2156.026680, -131.681037, 0.000000
2156.016439, -131.537465, 0.000000
2156.006198, -131.393892, 0.000000
2155.995947, -131.250321, 0.000000
2155.985705, -131.106748, 0.000000
2155.975464, -130.963174, 0.000000
2155.965233, -130.819601, 0.000000
2155.966956, -130.675176, 0.000000
2155.956714, -130.531603, 0.000000
2155.946473, -130.388031, 0.000000
2155.936222, -130.244459, 0.000000
2155.925981, -130.100886, 0.000000
2155.915749, -129.957312, 0.000000
2155.905508, -129.813740, 0.000000
2155.895267, -129.670168, 0.000000
2155.885025, -129.526596, 0.000000
2155.874774, -129.383024, 0.000000
2155.864533, -129.239451, 0.000000
2155.854292, -129.095878, 0.000000
2155.844060, -128.952305, 1.000000
2155.821855, -128.809586, 1.000000
2155.811613, -128.666014, 1.000000
2155.789408, -128.523295, 1.000000
2155.803085, -128.378016, 1.000000
2155.780879, -128.235296, 1.000000
2155.770648, -128.091723, 1.000000
2155.748442, -127.949004, 1.000000
2155.738201, -127.805432, 0.000000
2155.727960, -127.661860, 0.000000
2155.729673, -127.517435, 0.000000
2155.719432, -127.373861, 0.000000
2155.709190, -127.230288, 0.000000
2155.698959, -127.086715, 0.000000
2155.700682, -126.942289, 0.000000
2155.690441, -126.798717, 0.000000
2155.680200, -126.655145, 0.000000
2155.669949, -126.511573, 0.000000
2155.659707, -126.368000, 0.000000
2155.661440, -126.223573, 0.000000
2155.651199, -126.080001, 0.000000
2155.640958, -125.936428, 0.000000
2155.630716, -125.792856, 0.000000
2155.632430, -125.648431, 0.000000
2155.622188, -125.504858, 0.000000
2155.611947, -125.361285, 0.000000
2155.601715, -125.217712, 0.000000
2155.603438, -125.073286, 0.000000
2155.593197, -124.929714, 0.000000
2155.582956, -124.786142, 0.000000
2155.572705, -124.642569, 0.000000
2155.562464, -124.498996, 0.000000
2155.564196, -124.354569, 0.000000
2155.553955, -124.210997, 0.000000
2155.547754, -124.159476, 0.000000
2155.527305, -124.016636, 0.000000
2155.495754, -123.925194, 0.000000
2155.469350, -123.779774, 0.000000
2155.442945, -123.634355, 1.000000
2155.404433, -123.491134, 1.000000
2155.365911, -123.347916, 1.000000
2155.339507, -123.202497, 1.000000
2155.300984, -123.059278, 1.000000
2155.262452, -122.916062, 1.000000
2155.223930, -122.772842, 1.000000
2155.197536, -122.627420, 1.000000
2155.159013, -122.484202, 1.000000
2155.132609, -122.338783, 1.000000
2155.094087, -122.195565, 1.000000
2155.067683, -122.050146, 1.000000
2155.029151, -121.906929, 1.000000
2155.002747, -121.761509, 1.000000
2154.964235, -121.618288, 1.000000
2154.937831, -121.472869, 1.000000
2154.899308, -121.329651, 1.000000
2154.872904, -121.184232, 1.000000
2154.834382, -121.041013, 1.000000
2154.807968, -120.895596, 1.000000
2154.781564, -120.750176, 1.000000
2154.743052, -120.606955, 1.000000
2154.716648, -120.461536, 1.000000
2154.726598, -120.309516, 1.000000
2154.712313, -120.161897, 0.000000
2154.673780, -120.018681, 0.000000
2154.647376, -119.873261, 0.000000
2154.620972, -119.727841, 0.000000
2154.582460, -119.584620, 0.000000
2154.556056, -119.439202, 0.000000
2154.529652, -119.293783, 0.000000
2154.491130, -119.150564, 0.000000
2154.464715, -119.005147, 0.000000
2154.426193, -118.861928, 0.000000
2154.399799, -118.716506, 0.000000
2154.373395, -118.571087, 0.000000
2154.334873, -118.427869, 0.000000
2154.308469, -118.282450, 0.000000
2154.269947, -118.139232, 0.000000
2154.243532, -117.993814, 0.000000
2154.217128, -117.848394, 0.000000
2154.178617, -117.705173, 0.000000
2154.152213, -117.559754, 0.000000
2154.125809, -117.414336, 0.000000
2154.087286, -117.271117, 0.000000
2154.060882, -117.125698, 0.000000
2154.022349, -116.982481, 0.000000
2153.995945, -116.837061, 0.000000
2153.969552, -116.691640, 0.000000
2153.931030, -116.548422, 0.000000
2153.904626, -116.403003, 0.000000
2153.878222, -116.257584, 0.000000
2153.839688, -116.114368, 0.000000
2153.813284, -115.968948, 0.000000
2153.774762, -115.825728, 0.000000
2153.748369, -115.680307, 0.000000
2153.721965, -115.534888, 0.000000
2153.683443, -115.391670, 0.000000
2153.657039, -115.246251, 0.000000
2153.618505, -115.103034, 0.000000
2153.592101, -114.957615, 0.000000
2153.565708, -114.812193, 0.000000
2153.527186, -114.668974, 0.000000
2153.500782, -114.523555, 1.000000
2153.489354, -114.184478, 1.000000
2153.468962, -114.041000, 1.000000
2153.445001, -113.815581, 1.000000
2153.443946, -113.669712, 1.000000
2153.442902, -113.523842, 1.000000
2153.429691, -113.378062, 1.000000
2153.440791, -113.232106, 1.000000
2153.451891, -113.086150, 1.000000
2153.450835, -112.940281, 1.000000
2153.449768, -112.794413, 1.000000
2153.448713, -112.648543, 1.000000
2153.459824, -112.502586, 1.000000
2153.470924, -112.356630, 1.000000
2153.482025, -112.210673, 1.000000
2153.493125, -112.064717, 1.000000
2153.492069, -111.918849, 1.000000
2153.503158, -111.772892, 1.000000
2153.526414, -111.626847, 0.000000
2153.513214, -111.481065, 0.000000
2153.512158, -111.335197, 0.000000
2153.511102, -111.189329, 0.000000
2153.497891, -111.043548, 0.000000
2153.496836, -110.897680, 0.000000
2153.495769, -110.751811, 0.000000
2153.482557, -110.606030, 0.000000
2153.468302, -110.314380, 0.000000
2153.467246, -110.168512, 0.000000
2153.466191, -110.022643, 0.000000
2153.452979, -109.876863, 0.000000
2153.451912, -109.730994, 0.000000
2153.450857, -109.585125, 0.000000
2153.437657, -109.439344, 0.000000
2153.436601, -109.293475, 0.000000
2153.423390, -109.147695, 0.000000
2153.422335, -109.001827, 0.000000
2153.421279, -108.855958, 0.000000
2153.408056, -108.710177, 0.000000
2153.407000, -108.564308, 0.000000
2153.405956, -108.418439, 0.000000
2153.392745, -108.272658, 0.000000
2153.391690, -108.126790, 0.000000
2153.378478, -107.981010, 0.000000
2153.377423, -107.835141, 0.000000
2153.376355, -107.689273, 0.000000
2153.363144, -107.543491, 0.000000
2153.362100, -107.397622, 0.000000
2153.361045, -107.251754, 0.000000
2153.347833, -107.105973, 0.000000
2153.346778, -106.960105, 0.000000
2153.333567, -106.814324, 0.000000
2153.332499, -106.668456, 0.000000
2153.006862, -97.258983, 1.000000
2152.996630, -97.115899, 1.000000
2152.998311, -96.971963, 1.000000
2152.976144, -96.829734, 1.000000
2152.989749, -96.684945, 1.000000
2152.979506, -96.541862, 1.000000
2152.969252, -96.398780, 1.000000
2152.970933, -96.254842, 1.000000
2152.948777, -96.112612, 1.000000
2152.938534, -95.969529, 1.000000
2152.928291, -95.826447, 1.000000
2152.918048, -95.683364, 1.000000
2152.907805, -95.540282, 1.000000
2152.873704, -95.398907, 1.000000
2152.863461, -95.255823, 1.000000
2152.853229, -95.112739, 1.000000
2152.866833, -94.967949, 1.000000
2152.868514, -94.824013, 1.000000
2152.894042, -94.678370, 1.000000
2152.907646, -94.533580, 1.000000
2152.909316, -94.389645, 1.000000
2152.910997, -94.245708, 1.000000
2152.900754, -94.102624, 1.000000
2152.890521, -93.959541, 1.000000
2152.880278, -93.816458, 1.000000
2152.848078, -93.708794, 0.000000
2152.822228, -93.565952, 0.000000
2152.808378, -93.421956, 0.000000
2152.765605, -93.294589, 0.000000
2152.749810, -93.147793, 0.000000
2152.721793, -93.002312, 0.000000
2152.705998, -92.855517, 0.000000
2152.690203, -92.708722, 0.000000
2152.662175, -92.563243, 0.000000
2152.646380, -92.416447, 0.000000
2152.614779, -92.122857, 0.000000
2152.586751, -91.977377, 0.000000
2152.570967, -91.830580, 0.000000
2152.555172, -91.683785, 0.000000
2152.527144, -91.538306, 0.000000
2152.511350, -91.391511, 0.000000
2152.495555, -91.244715, 0.000000
2152.479749, -91.097920, 0.000000
2152.451721, -90.952440, 0.000000
2152.435937, -90.805643, 0.000000
2152.420142, -90.658848, 0.000000
2152.392114, -90.513369, 0.000000
2152.376319, -90.366574, 0.000000
2152.360524, -90.219778, 0.000000
2152.344718, -90.072984, 0.000000
2152.316690, -89.927504, 0.000000
2152.300895, -89.780708, 0.000000
2152.285111, -89.633911, 0.000000
2152.257084, -89.488432, 0.000000
2152.241289, -89.341637, 0.000000
2152.225494, -89.194841, 0.000000
2152.209699, -89.048046, 0.000000
2152.181660, -88.902567, 0.000000
2152.165865, -88.755771, 0.000000
2152.150081, -88.608974, 0.000000
2152.122053, -88.463495, 0.000000
2152.106258, -88.316700, 0.000000
2152.102696, -88.168588, 1.000000
2152.086901, -88.021793, 1.000000
2152.071095, -87.874999, 1.000000
2152.055300, -87.728202, 1.000000
2152.027272, -87.582722, 1.000000
2152.011489, -87.435926, 1.000000
2151.995694, -87.289130, 1.000000
2151.979899, -87.142335, 1.000000
2151.964104, -86.995540, 1.000000
2151.948309, -86.848745, 1.000000
2151.944736, -86.700633, 1.000000
2151.916708, -86.555153, 1.000000
2151.900924, -86.408356, 1.000000
2151.885129, -86.261561, 1.000000
2151.869334, -86.114766, 1.000000
2151.853539, -85.967970, 1.000000
2151.837744, -85.821175, 1.000000
2151.821938, -85.674381, 1.000000
2151.806143, -85.527584, 1.000000
2151.790348, -85.380788, 1.000000
2151.774565, -85.233991, 1.000000
2151.746537, -85.088512, 0.000000
2151.730742, -84.941717, 0.000000
2151.727180, -84.793606, 0.000000
2151.711385, -84.646811, 0.000000
2151.695579, -84.500016, 0.000000
2151.679784, -84.353219, 0.000000
2151.664000, -84.206422, 0.000000
2151.660438, -84.058311, 0.000000
2151.644643, -83.911515, 0.000000
2151.628848, -83.764720, 0.000000
2151.613053, -83.617925, 0.000000
2151.597247, -83.471130, 0.000000
2151.593685, -83.323018, 0.000000
2151.577890, -83.176222, 0.000000
2151.562106, -83.029425, 0.000000
2151.546312, -82.882630, 0.000000
2151.566276, -82.737402, 0.000000
2151.562388, -82.592721, 0.000000
2151.546552, -82.449360, 0.000000
2151.499798, -82.309431, 0.000000
2151.483393, -82.163124, 0.000000
2151.466999, -82.016816, 0.000000
2151.462786, -81.869143, 0.000000
2151.446381, -81.722837, 0.000000
2151.429975, -81.576531, 0.000000
2151.413570, -81.430224, 0.000000
2151.397154, -81.283919, 0.000000
2151.392941, -81.136245, 0.000000
2151.376547, -80.989936, 0.000000
2151.360142, -80.843630, 0.000000
2151.343737, -80.697324, 0.000000
2151.339524, -80.549651, 0.000000
2151.323119, -80.403345, 0.000000
2151.306703, -80.257039, 0.000000
2151.290298, -80.110732, 0.000000
2151.273892, -79.964425, 0.000000
2151.269690, -79.816750, 0.000000
2151.253285, -79.670444, 0.000000
2151.236880, -79.524138, 0.000000
2151.220475, -79.377832, 1.000000
2151.204059, -79.231527, 1.000000
2151.199846, -79.083853, 1.000000
2151.195633, -78.936178, 1.000000
2151.203623, -78.787136, 1.000000
2151.187218, -78.640830, 1.000000
2151.170813, -78.494524, 1.000000
2151.154408, -78.348218, 1.000000
2151.138002, -78.201912, 1.000000
2151.121587, -78.055606, 1.000000
2151.105182, -77.909299, 1.000000
2151.088787, -77.762991, 1.000000
2151.072382, -77.616685, 1.000000
2151.055977, -77.470378, 1.000000
2151.039572, -77.324072, 1.000000
2151.023166, -77.177766, 1.000000
2151.006751, -77.031461, 1.000000
2150.990346, -76.885153, 1.000000
2150.949567, -76.741579, 1.000000
2150.920969, -76.596640, 0.000000
2150.904564, -76.450334, 0.000000
2150.888159, -76.304028, 0.000000
2150.871754, -76.157722, 0.000000
2150.855338, -76.011417, 0.000000
2150.838933, -75.865109, 0.000000
2150.822528, -75.718802, 0.000000
2150.806133, -75.572495, 0.000000
2150.789728, -75.426188, 0.000000
2150.773323, -75.279882, 0.000000
2150.744726, -75.134943, 0.000000
2150.728310, -74.988638, 0.000000
2150.711905, -74.842331, 0.000000
2150.695499, -74.696024, 0.000000
2150.679105, -74.549716, 0.000000
2150.662700, -74.403410, 0.000000
2150.646295, -74.257104, 0.000000
2150.629890, -74.110798, 0.000000
2150.613485, -73.964492, 0.000000
2150.597069, -73.818186, 0.000000
2150.580664, -73.671878, 0.000000
2150.564269, -73.525570, 0.000000
2150.547864, -73.379264, 0.000000
2150.531459, -73.232958, 0.000000
2150.515054, -73.086652, 0.000000
2150.498649, -72.940346, 0.000000
2150.482233, -72.794040, 0.000000
2150.465828, -72.647733, 0.000000
2150.449433, -72.501425, 0.000000
2150.420836, -72.356486, 0.000000
2150.404431, -72.210180, 0.000000
2150.386065, -72.073655, 0.000000
2150.368681, -71.927227, 0.000000
2150.380878, -71.781386, 0.000000
2150.363508, -71.637892, 0.000000
2150.346138, -71.494398, 0.000000
2150.328779, -71.350902, 0.000000
2150.311410, -71.207409, 0.000000
2150.294040, -71.063916, 0.000000
2150.300586, -70.917527, 1.000000
2150.331048, -70.768244, 1.000000
2150.325626, -70.623304, 1.000000
2150.296298, -70.481257, 1.000000
2150.278928, -70.337762, 1.000000
2150.261569, -70.194268, 1.000000
2150.244199, -70.050774, 1.000000
2150.226830, -69.907281, 1.000000
2150.209460, -69.763787, 1.000000
2150.204048, -69.618847, 1.000000
2150.174711, -69.476801, 1.000000
2150.169299, -69.331859, 1.000000
2150.139982, -69.189811, 1.000000
2150.122612, -69.046318, 1.000000
2150.105242, -68.902824, 1.000000
2150.099831, -68.757883, 1.000000
2150.070503, -68.615837, 1.000000
2150.053124, -68.472345, 1.000000
2150.035754, -68.328851, 1.000000
2150.018384, -68.185356, 1.000000
2150.001025, -68.041861, 1.000000
2149.971697, -67.899815, 1.000000
2149.954328, -67.756322, 1.000000
2149.936958, -67.612828, 1.000000
2149.907631, -67.470782, 0.000000
2149.890251, -67.327290, 0.000000
2149.872881, -67.183795, 0.000000
2149.855512, -67.040301, 0.000000
2149.838152, -66.896806, 0.000000
2149.820783, -66.753312, 0.000000
2149.803413, -66.609819, 0.000000
2149.786043, -66.466326, 0.000000
2149.768674, -66.322832, 0.000000
2149.751294, -66.179340, 0.000000
2149.733924, -66.035845, 0.000000
2149.716555, -65.892351, 0.000000
2149.699195, -65.748856, 0.000000
2149.681826, -65.605362, 0.000000
2149.664456, -65.461869, 0.000000
2149.647086, -65.318376, 0.000000
2149.629717, -65.174882, 0.000000
2149.612337, -65.031389, 0.000000
2149.594967, -64.887895, 0.000000
2149.577608, -64.744399, 0.000000
2149.560238, -64.600906, 0.000000
2149.542869, -64.457412, 0.000000
2149.525499, -64.313919, 0.000000
2149.508129, -64.170426, 0.000000
2149.490750, -64.026933, 0.000000
2149.473380, -63.883439, 0.000000
2149.456010, -63.739944, 0.000000
2149.438651, -63.596449, 0.000000
2149.421281, -63.452956, 0.000000
2149.386542, -63.165969, 0.000000
2149.369173, -63.022475, 0.000000
2149.351793, -62.878983, 0.000000
2149.334423, -62.735489, 0.000000
2149.317053, -62.591994, 0.000000
2149.299694, -62.448499, 0.000000
2148.824678, -57.365568, 0.000000
2148.814786, -57.222396, 0.000000
2148.792964, -57.080048, 0.000000
2148.783061, -56.936875, 0.000000
2148.773170, -56.793702, 0.000000
2148.763289, -56.650528, 0.000000
2148.753397, -56.507356, 0.000000
2148.731575, -56.365008, 0.000000
2148.721683, -56.221836, 0.000000
2148.711791, -56.078664, 0.000000
2148.701900, -55.935492, 0.000000
2148.691997, -55.792320, 0.000000
2148.670175, -55.649971, 0.000000
2148.660283, -55.506798, 0.000000
2148.650402, -55.363625, 0.000000
2148.618688, -55.078105, 0.000000
2148.608797, -54.934932, 0.000000
2148.598905, -54.791760, 0.000000
2148.589002, -54.648589, 0.000000
2148.579111, -54.505415, 0.000000
2148.557288, -54.363066, 0.000000
2148.547408, -54.219893, 0.000000
2148.537516, -54.076721, 0.000000
2148.527624, -53.933549, 0.000000
2148.517733, -53.790377, 0.000000
2148.495910, -53.648029, 0.000000
2148.486007, -53.504857, 0.000000
2148.476116, -53.361684, 0.000000
2148.466224, -53.218511, 0.000000
2148.444413, -53.076162, 0.000000
2148.434521, -52.932989, 0.000000
2148.424630, -52.789817, 0.000000
2148.414738, -52.646645, 1.000000
2148.392915, -52.504297, 1.000000
2148.371093, -52.361949, 1.000000
2148.361190, -52.218777, 1.000000
2148.351298, -52.075604, 1.000000
2148.329487, -51.933254, 1.000000
2148.319595, -51.790082, 1.000000
2148.309704, -51.646910, 1.000000
2148.311743, -51.502914, 1.000000
2148.301852, -51.359741, 1.000000
2148.291960, -51.216569, 1.000000
2148.282057, -51.073397, 1.000000
2148.260234, -50.931048, 1.000000
2148.250343, -50.787875, 1.000000
2148.252394, -50.643878, 1.000000
2148.242502, -50.500706, 1.000000
2148.232610, -50.357533, 1.000000
2148.222719, -50.214361, 1.000000
2148.212827, -50.071189, 1.000000
2148.202924, -49.928017, 1.000000
2148.181101, -49.785669, 1.000000
2148.148754, -49.502945, 0.000000
2148.138607, -49.359728, 0.000000
2148.128461, -49.216511, 0.000000
2148.095398, -49.163420, 0.000000
2148.077011, -49.018755, 0.000000
2148.058612, -48.874091, 0.000000
2148.040225, -48.729425, 0.000000
2148.021838, -48.584759, 0.000000
2148.003463, -48.440092, 0.000000
2147.985076, -48.295427, 0.000000
2147.966689, -48.150762, 0.000000
2147.948302, -48.006097, 0.000000
2147.929915, -47.861432, 0.000000
2147.911528, -47.716767, 0.000000
2147.893129, -47.572102, 0.000000
2147.874742, -47.427436, 0.000000
2147.856366, -47.282769, 0.000000
2147.837980, -47.138104, 0.000000
2147.819593, -46.993439, 0.000000
2147.801206, -46.848774, 0.000000
2147.610992, -45.255925, 0.000000
2147.592605, -45.111259, 0.000000
2147.574218, -44.966592, 0.000000
2147.555843, -44.821925, 0.000000
2147.537456, -44.677260, 0.000000
2147.519069, -44.532595, 0.000000
2147.500682, -44.387930, 0.000000
2147.482295, -44.243265, 0.000000
2147.463896, -44.098602, 0.000000
2147.445509, -43.953936, 0.000000
2147.427122, -43.809270, 0.000000
2147.408747, -43.664602, 0.000000
2147.390360, -43.519937, 1.000000
2147.359917, -43.376805, 1.000000
2147.341530, -43.232140, 1.000000
2147.323143, -43.087475, 1.000000
2147.304756, -42.942810, 1.000000
2147.298413, -42.796613, 1.000000
2147.280026, -42.651947, 1.000000
2147.261651, -42.507279, 1.000000
2147.255319, -42.361082, 1.000000
2147.236932, -42.216417, 1.000000
2147.218545, -42.071752, 1.000000
2147.200158, -41.927087, 1.000000
2147.181771, -41.782422, 1.000000
2147.175428, -41.636226, 1.000000
2147.157041, -41.491560, 1.000000
2147.138654, -41.346894, 1.000000
2147.120278, -41.202227, 1.000000
2147.101891, -41.057562, 1.000000
2147.071449, -40.914429, 1.000000
2147.041007, -40.771296, 0.000000
2147.022620, -40.626631, 0.000000
2147.004221, -40.481967, 0.000000
2146.985834, -40.337301, 0.000000
2146.955391, -40.194168, 0.000000
2146.937016, -40.049501, 0.000000
2146.918629, -39.904836, 0.000000
2146.900242, -39.760171, 0.000000
2146.881855, -39.615506, 0.000000
2146.863468, -39.470841, 0.000000
2146.845069, -39.326177, 0.000000
2146.826682, -39.181511, 0.000000
2146.808295, -39.036845, 0.000000
2146.777864, -38.893710, 0.000000
2146.759477, -38.749045, 0.000000
2146.741090, -38.604380, 0.000000
2146.722704, -38.459715, 0.000000
2146.704317, -38.315050, 0.000000
2146.685930, -38.170385, 0.000000
2146.667531, -38.025720, 0.000000
2146.649144, -37.881054, 0.000000
2146.630768, -37.736387, 0.000000
2146.600326, -37.593254, 0.000000
2146.581939, -37.448589, 0.000000
2146.559500, -37.239427, 0.000000
2146.546830, -37.094232, 0.000000
2146.534161, -36.949038, 0.000000
2146.513611, -36.609952, 0.000000
2146.518093, -36.463168, 0.000000
2146.522576, -36.316383, 0.000000
2146.527071, -36.169600, 0.000000
2146.519322, -36.022443, 0.000000
2146.523804, -35.875659, 0.000000
2146.528287, -35.728876, 0.000000
2146.532770, -35.582093, 0.000000
2146.537240, -35.435309, 0.000000
2146.541723, -35.288524, 0.000000
2146.546206, -35.141740, 0.000000
2146.550701, -34.994956, 0.000000
2146.555183, -34.848173, 0.000000
2146.547434, -34.701016, 0.000000
2146.551917, -34.554232, 0.000000
2146.556399, -34.407449, 0.000000
2146.560870, -34.260665, 0.000000
2146.577585, -34.114254, 1.000000
2146.582067, -33.967470, 1.000000
2146.586562, -33.820686, 1.000000
2146.591045, -33.673902, 1.000000
2146.595528, -33.527119, 1.000000
2146.600010, -33.380336, 1.000000
2146.580029, -33.232805, 1.000000
2146.596744, -33.086395, 1.000000
2146.601214, -32.939611, 1.000000
2146.605697, -32.792826, 1.000000
2146.610192, -32.646042, 1.000000
2146.614675, -32.499259, 1.000000
2146.619158, -32.352475, 1.000000
2146.623640, -32.205692, 1.000000
2146.628123, -32.058908, 1.000000
2146.632606, -31.912125, 1.000000
2146.649308, -31.765714, 1.000000
2146.653791, -31.618930, 1.000000
2146.658274, -31.472145, 1.000000
2146.662769, -31.325362, 1.000000
2146.655019, -31.178205, 1.000000
2146.647270, -31.031048, 0.000000
2146.651753, -30.884265, 0.000000
2146.656236, -30.737481, 0.000000
2146.660706, -30.590697, 0.000000
2146.665189, -30.443913, 0.000000
2146.669671, -30.297128, 0.000000
2146.661934, -30.149971, 0.000000
2146.666417, -30.003188, 0.000000
2146.670900, -29.856404, 0.000000
2146.675383, -29.709621, 0.000000
2146.679865, -29.562837, 0.000000
2146.684336, -29.416054, 0.000000
2146.688818, -29.269269, 0.000000
2146.693301, -29.122485, 0.000000
2146.697796, -28.975701, 0.000000
2146.702279, -28.828918, 0.000000
2146.706762, -28.682134, 0.000000
2146.711244, -28.535351, 0.000000
2146.703495, -28.388194, 0.000000
2146.707978, -28.241410, 0.000000
2146.712448, -28.094626, 0.000000
2146.716931, -27.947841, 0.000000
2146.721426, -27.801057, 0.000000
2146.725909, -27.654274, 0.000000
2146.730391, -27.507490, 0.000000
2146.734874, -27.360707, 0.000000
2146.739357, -27.213924, 0.000000
2146.743840, -27.067140, 0.000000
2146.748310, -26.920356, 0.000000
2146.757275, -26.626787, 0.000000
2146.749539, -26.479630, 0.000000
2146.754021, -26.332847, 0.000000
2146.758504, -26.186063, 0.000000
2146.762987, -26.039280, 0.000000
2146.767469, -25.892496, 0.000000
2146.771939, -25.745712, 0.000000
2146.776422, -25.598928, 0.000000
2146.780905, -25.452143, 0.000000
2146.785400, -25.305360, 0.000000
2146.789883, -25.158576, 0.000000
2146.794366, -25.011793, 0.000000
2146.782239, -24.937260, 0.000000
2146.768191, -24.789649, 0.000000
2146.818019, -24.936859, 0.000000
2146.791389, -24.793636, 0.000000
2146.764759, -24.650413, 0.000000
2146.738141, -24.507187, 0.000000
2146.711511, -24.363965, 0.000000
2146.684882, -24.220743, 0.000000
2146.658252, -24.077521, 0.000000
2146.631622, -23.934299, 0.000000
2146.604992, -23.791077, 0.000000
2146.578350, -23.647856, 0.000000
2146.551720, -23.504633, 0.000000
2146.513154, -23.363629, 0.000000
2146.486537, -23.220404, 0.000000
2146.459907, -23.077182, 0.000000
2146.433277, -22.933960, 0.000000
2146.406647, -22.790738, 0.000000
2146.380017, -22.647516, 0.000000
2146.353388, -22.504293, 0.000000
2146.326745, -22.361073, 0.000000
2146.300115, -22.217850, 0.000000
2146.273485, -22.074627, 0.000000
2146.246868, -21.931402, 0.000000
2146.220238, -21.788180, 0.000000
2146.181673, -21.647177, 0.000000
2146.155043, -21.503955, 0.000000
2146.128413, -21.360732, 0.000000
2146.101783, -21.217510, 0.000000
2146.075141, -21.074290, 0.000000
2146.048510, -20.931066, 0.000000
2146.021880, -20.787843, 0.000000
2145.995263, -20.644619, 0.000000
2145.968633, -20.501397, 0.000000
2145.942003, -20.358174, 0.000000
2145.915374, -20.214952, 0.000000
2145.888744, -20.071730, 0.000000
2145.850166, -19.930729, 0.000000
2145.823536, -19.787506, 0.000000
2145.796906, -19.644283, 0.000000
2145.770289, -19.501058, 0.000000
2145.743659, -19.357836, 0.000000
2145.717029, -19.214613, 0.000000
2145.690399, -19.071391, 0.000000
2145.663769, -18.928169, 0.000000
2145.637139, -18.784947, 0.000000
2145.610497, -18.641727, 0.000000
2145.583867, -18.498504, 0.000000
2145.557237, -18.355280, 0.000000
2145.518684, -18.214275, 0.000000
2145.492054, -18.071052, 0.000000
2145.465424, -17.927830, 0.000000
2145.438794, -17.784608, 0.000000
2145.412165, -17.641386, 0.000000
2145.385535, -17.498164, 0.000000
2145.358892, -17.354943, 0.000000
2145.332262, -17.211720, 0.000000
2145.305632, -17.068497, 0.000000
2145.279015, -16.925272, 0.000000
2145.252385, -16.782050, 0.000000
2145.225755, -16.638828, 0.000000
2145.187190, -16.497825, 0.000000
2145.160560, -16.354603, 0.000000
2145.133930, -16.211381, 0.000000
2145.107287, -16.068160, 0.000000
2145.080657, -15.924937, 0.000000
2145.054027, -15.781714, 0.000000
2145.027410, -15.638489, 1.000000
2144.988845, -15.497486, 1.000000
2144.962215, -15.354264, 1.000000
2144.935586, -15.211042, 1.000000
2144.908956, -15.067820, 1.000000
2144.882313, -14.924600, 1.000000
2144.867618, -14.779158, 1.000000
2144.840988, -14.635934, 1.000000
2144.814371, -14.492709, 1.000000
2144.787741, -14.349487, 1.000000
2144.761111, -14.206265, 1.000000
2144.758352, -14.058604, 1.000000
2144.743657, -13.913163, 1.000000
2144.705092, -13.772160, 1.000000
2144.654579, -13.633378, 1.000000
2144.616014, -13.492374, 1.000000
2144.601319, -13.346932, 1.000000
2144.622442, -13.194830, 1.000000
2144.607748, -13.049389, 1.000000
2144.581118, -12.906167, 1.000000
2144.535193, -12.708319, 1.000000
2144.513299, -12.564281, 0.000000
2144.503409, -12.418418, 0.000000
2144.458305, -12.237791, 0.000000
2144.439383, -12.091624, 0.000000
2144.432642, -11.943880, 0.000000
2144.413733, -11.797712, 0.000000
2144.394811, -11.651546, 0.000000
2144.375889, -11.505380, 0.000000
2144.369148, -11.357637, 0.000000
2144.350226, -11.211471, 0.000000
2144.331292, -11.065306, 0.000000
2144.324551, -10.917562, 0.000000
2144.305629, -10.771395, 0.000000
2144.286719, -10.625227, 0.000000
2144.279978, -10.477484, 0.000000
2144.261056, -10.331317, 0.000000
2144.242134, -10.185151, 0.000000
2144.235393, -10.037408, 0.000000
2144.216459, -9.891244, 0.000000
2144.197537, -9.745076, 0.000000
2144.178615, -9.598909, 0.000000
2144.171886, -9.451164, 0.000000
2144.152964, -9.304998, 0.000000
2144.134042, -9.158832, 0.000000
2144.127301, -9.011089, 0.000000
2144.108379, -8.864923, 0.000000
2144.089458, -8.718757, 0.000000
2144.082704, -8.571014, 0.000000
2144.063782, -8.424847, 0.000000
2144.044872, -8.278678, 0.000000
2144.038131, -8.130935, 0.000000
2144.019209, -7.984769, 0.000000
2144.000287, -7.838603, 0.000000
2143.993546, -7.690860, 0.000000
2143.974624, -7.544694, 0.000000
2143.955691, -7.398529, 0.000000
2143.936769, -7.252361, 0.000000
2143.930027, -7.104617, 0.000000
2143.911117, -6.958450, 0.000000
2143.892196, -6.812283, 0.000000
2143.885454, -6.664541, 0.000000
2143.847611, -6.372208, 1.000000
2143.816497, -6.227620, 1.000000
2143.797575, -6.081453, 1.000000
2143.790833, -5.933709, 1.000000
2143.784104, -5.785964, 1.000000
2143.765182, -5.639798, 1.000000
2143.746260, -5.493632, 1.000000
2143.727338, -5.347465, 1.000000
2143.708416, -5.201299, 1.000000
2143.689483, -5.055135, 1.000000
2143.682742, -4.907390, 1.000000
2143.651639, -4.762800, 1.000000
2143.620548, -4.618209, 1.000000
2143.601627, -4.472043, 1.000000
2143.570524, -4.327453, 1.000000
2143.551602, -4.181287, 1.000000
2143.532681, -4.035121, 1.000000
2143.513759, -3.888955, 1.000000
2143.507006, -3.741212, 1.000000
2143.475903, -3.596622, 1.000000
2143.456993, -3.450453, 1.000000
2143.425891, -3.305864, 1.000000
2143.406969, -3.159698, 1.000000
2143.375867, -3.015109, 0.000000
2143.356945, -2.868942, 0.000000
2143.338023, -2.722776, 0.000000
2143.319089, -2.576611, 0.000000
2143.312348, -2.428867, 0.000000
2143.293426, -2.282700, 0.000000
2143.274516, -2.136532, 0.000000
2143.255594, -1.990366, 0.000000
2143.236672, -1.844200, 0.000000
2143.217751, -1.698034, 0.000000
2143.198829, -1.551867, 0.000000
2143.179895, -1.405702, 0.000000
2143.160973, -1.259535, 0.000000
2143.154232, -1.111791, 0.000000
2143.135322, -0.965623, 0.000000
2143.116400, -0.819457, 0.000000
2143.097478, -0.673291, 0.000000
2143.086294, -0.596336, 0.000000
2143.061135, -0.451403, 0.000000
2143.067058, -0.329737, 0.000000
2143.039790, -0.187666, 0.000000
2143.024362, -0.043323, 0.000000
2142.997105, 0.098749, 0.000000
2142.969838, 0.240819, 0.000000
2142.942570, 0.382888, 0.000000
2142.915302, 0.524957, 0.000000
2142.888035, 0.667027, 0.000000
2142.860767, 0.809096, 0.000000
2142.833488, 0.951164, 0.000000
2142.806220, 1.093234, 0.000000
2142.790791, 1.237577, 0.000000
2142.763535, 1.379649, 0.000000
2142.736267, 1.521719, 0.000000
2142.709000, 1.663788, 0.000000
2142.681732, 1.805858, 0.000000
2142.654464, 1.947927, 0.000000
2142.627197, 2.089997, 0.000000
2142.599918, 2.232065, 0.000000
2142.584489, 2.376407, 0.000000
2142.557221, 2.518478, 0.000000
2142.529965, 2.660550, 0.000000
2142.502697, 2.802619, 0.000000
2142.475429, 2.944689, 0.000000
2142.436323, 3.084486, 1.000000
2142.409055, 3.226555, 1.000000
2142.369948, 3.366352, 1.000000
2142.354508, 3.510693, 1.000000
2142.327240, 3.652763, 1.000000
2142.299973, 3.794834, 1.000000
2142.272716, 3.936906, 1.000000
2142.245448, 4.078975, 1.000000
2142.230020, 4.223317, 1.000000
2142.202752, 4.365386, 1.000000
2142.175485, 4.507456, 1.000000
2142.148206, 4.649523, 1.000000
2142.120938, 4.791593, 1.000000
2142.105509, 4.935936, 1.000000
2142.078253, 5.078009, 1.000000
2142.050985, 5.220078, 1.000000
2142.023717, 5.362148, 1.000000
2142.008289, 5.506489, 1.000000
2141.941914, 5.788356, 0.000000
2141.914636, 5.930424, 0.000000
2141.887368, 6.072494, 0.000000
2141.860100, 6.214565, 0.000000
2141.832843, 6.356637, 0.000000
2141.805576, 6.498706, 0.000000
2141.778308, 6.640776, 0.000000
2141.751040, 6.782845, 0.000000
2141.723773, 6.924914, 0.000000
2141.696505, 7.066984, 0.000000
2141.681065, 7.211324, 0.000000
2141.653798, 7.353395, 0.000000
2141.626530, 7.495465, 0.000000
2141.599273, 7.637537, 0.000000
2141.572005, 7.779606, 0.000000
2141.544738, 7.921676, 0.000000
2141.517470, 8.063745, 0.000000
2141.490202, 8.205815, 0.000000
2141.462935, 8.347884, 0.000000
2141.435656, 8.489952, 0.000000
2141.408388, 8.632023, 0.000000
2141.381120, 8.774093, 0.000000
2141.353864, 8.916165, 0.000000
2141.326596, 9.058235, 0.000000
2141.299328, 9.200304, 0.000000
2141.272061, 9.342373, 0.000000
2141.244793, 9.484443, 0.000000
2141.217514, 9.626510, 0.000000
2141.162979, 9.910651, 0.000000
2141.135722, 10.052724, 0.000000
2141.108454, 10.194793, 0.000000
2141.093026, 10.339135, 0.000000
2141.065758, 10.481204, 0.000000
2141.038490, 10.623274, 0.000000
2141.011223, 10.765343, 0.000000
2140.983944, 10.907411, 0.000000
2140.956676, 11.049481, 0.000000
2140.929408, 11.191552, 0.000000
2140.902151, 11.333624, 0.000000
2140.874884, 11.475693, 0.000000
2140.847616, 11.617763, 0.000000
2140.788090, 11.787129, 0.000000
2140.763289, 11.932414, 1.000000
2140.726380, 12.075632, 1.000000
2140.728253, 12.227494, 1.000000
2140.704467, 12.369170, 1.000000
2140.680682, 12.510847, 1.000000
2140.645101, 12.650542, 1.000000
2140.621315, 12.792217, 1.000000
2140.597530, 12.933892, 1.000000
2140.573744, 13.075567, 1.000000
2140.549958, 13.217243, 1.000000
2140.526173, 13.358918, 1.000000
2140.502376, 13.500592, 1.000000
2140.478590, 13.642268, 1.000000
2140.442998, 13.781962, 1.000000
2140.419224, 13.923639, 1.000000
2140.395438, 14.065315, 1.000000
2140.371652, 14.206990, 1.000000
2140.347867, 14.348665, 1.000000
2140.324081, 14.490340, 1.000000
2140.288489, 14.630033, 0.000000
2140.264693, 14.771707, 0.000000
2140.240907, 14.913383, 0.000000
2140.217121, 15.055059, 0.000000
2140.193347, 15.196737, 0.000000
2140.169561, 15.338412, 0.000000
2140.145775, 15.480087, 0.000000
2140.121990, 15.621763, 0.000000
2140.098204, 15.763438, 0.000000
2140.074419, 15.905113, 0.000000
2140.050622, 16.046787, 0.000000
2140.026836, 16.188463, 0.000000
2140.003050, 16.330139, 0.000000
2139.979276, 16.471817, 0.000000
2139.955490, 16.613492, 0.000000
2139.931705, 16.755167, 0.000000
2139.907919, 16.896842, 0.000000
2139.884133, 17.038517, 0.000000
2139.860348, 17.180193, 0.000000
2139.836551, 17.321866, 0.000000
2139.812765, 17.463543, 0.000000
2139.788979, 17.605219, 0.000000
2139.765205, 17.746896, 0.000000
2139.729613, 17.886589, 0.000000
2139.705828, 18.028265, 0.000000
2139.682042, 18.169940, 0.000000
2139.658256, 18.311615, 0.000000
2139.634471, 18.453290, 0.000000
2139.610674, 18.594964, 0.000000
2139.586888, 18.736640, 0.000000
2139.563102, 18.878316, 0.000000
2139.539328, 19.019994, 0.000000
2139.515542, 19.161669, 0.000000
2139.491757, 19.303344, 0.000000
2139.467971, 19.445019, 0.000000
2139.444186, 19.586695, 0.000000
2139.420400, 19.728370, 0.000000
2139.396603, 19.870044, 0.000000
2139.372817, 20.011720, 0.000000
2139.349031, 20.153396, 0.000000
2139.325257, 20.295074, 0.000000
2139.301471, 20.436749, 0.000000
2139.277686, 20.578424, 0.000000
2139.253900, 20.720099, 0.000000
2139.230115, 20.861774, 0.000000
2139.206329, 21.003449, 0.000000
2139.182532, 21.145123, 0.000000
2139.170553, 21.288782, 1.000000
2139.146767, 21.430458, 1.000000
2139.122993, 21.572135, 1.000000
2139.099207, 21.713811, 1.000000
2139.075421, 21.855486, 1.000000
2139.051636, 21.997161, 1.000000
2139.039656, 22.140818, 1.000000
2139.015871, 22.282493, 1.000000
2138.992074, 22.424167, 1.000000
2138.980095, 22.567826, 1.000000
2138.956309, 22.709502, 1.000000
2138.920728, 22.849197, 1.000000
2138.908749, 22.992855, 1.000000
2138.873157, 23.132548, 1.000000
2138.849371, 23.274223, 1.000000
2138.825586, 23.415898, 1.000000
2138.801800, 23.557573, 1.000000
2138.766197, 23.697265, 1.000000
2138.742411, 23.838941, 1.000000
2138.718625, 23.980617, 1.000000
2138.671238, 24.118330, 0.000000
2138.647453, 24.260006, 0.000000
2138.623667, 24.401681, 0.000000
2138.557676, 24.566564, 0.000000
2138.535792, 24.712177, 0.000000
2138.513907, 24.857789, 0.000000
2138.492937, 25.012342, 0.000000
2138.471867, 25.157921, 0.000000
2138.450797, 25.303500, 0.000000
2138.429739, 25.449080, 0.000000
2138.408669, 25.594659, 0.000000
2138.387600, 25.740237, 0.000000
2138.366530, 25.885815, 0.000000
2138.345460, 26.031393, 0.000000
2138.324391, 26.176971, 0.000000
2138.303309, 26.322548, 0.000000
2138.282239, 26.468127, 0.000000
2138.261181, 26.613708, 0.000000
2138.240111, 26.759286, 0.000000
2138.219042, 26.904864, 0.000000
2138.197972, 27.050442, 0.000000
2138.176902, 27.196020, 0.000000
2138.155833, 27.341598, 0.000000
2138.134751, 27.487175, 0.000000
2138.113681, 27.632754, 0.000000
2138.092612, 27.778333, 0.000000
2138.071553, 27.923913, 0.000000
2164.970273, -195.196314, 0.000000
2164.995203, -195.047097, 0.000000
2165.020133, -194.897879, 0.000000
2165.032871, -194.749632, 0.000000
2165.057808, -194.600413, 0.000000
2165.070547, -194.452165, 1.000000
2165.071085, -194.304889, 1.000000
2165.059439, -194.158583, 1.000000
2165.059985, -194.011306, 1.000000
2165.048339, -193.865000, 1.000000
2165.024500, -193.719665, 1.000000
2165.025053, -193.572387, 1.000000
2165.025599, -193.425110, 1.000000
2165.013946, -193.278804, 1.000000
2164.990107, -193.133468, 1.000000
2164.954077, -192.989103, 1.000000
2164.930238, -192.843768, 1.000000
2164.906400, -192.698433, 1.000000
2164.882568, -192.553096, 1.000000
2164.846537, -192.408730, 1.000000
2164.810500, -192.264365, 1.000000
2164.798854, -192.118059, 1.000000
2164.750631, -191.974665, 1.000000
2164.738985, -191.828359, 1.000000
2164.715146, -191.683023, 1.000000
2164.691314, -191.537686, 1.000000
2164.679667, -191.391379, 1.000000
2164.643631, -191.247015, 1.000000
2164.644177, -191.099738, 1.000000
2164.608146, -190.955373, 1.000000
2164.596500, -190.809067, 1.000000
2164.572661, -190.663732, 1.000000
2164.561021, -190.517425, 1.000000
2164.549374, -190.371118, 1.000000
2164.549915, -190.223841, 1.000000
2164.574845, -190.074624, 1.000000
2164.502238, -189.933170, 1.000000
2164.478399, -189.787835, 1.000000
2164.491137, -189.639588, 1.000000
2164.491689, -189.492310, 1.000000
2164.504427, -189.344062, 1.000000
2164.492775, -189.197756, 1.000000
2164.444552, -189.054362, 1.000000
2164.445098, -188.907085, 1.000000
2164.445644, -188.759809, 1.000000
2164.433998, -188.613503, 1.000000
2164.434549, -188.466225, 1.000000
2164.422903, -188.319918, 1.000000
2164.460019, -188.169730, 1.000000
2164.448373, -188.023424, 1.000000
2164.436727, -187.877118, 1.000000
2164.437273, -187.729842, 1.000000
2164.401242, -187.585477, 1.000000
2164.401794, -187.438199, 1.000000
2164.390148, -187.291892, 1.000000
2165.195370, -187.080561, 1.000000
2165.183724, -186.934255, 1.000000
2165.132337, -186.784360, 1.000000
2165.120300, -186.641526, 1.000000
2165.152392, -186.493492, 1.000000
2165.139900, -186.346793, 1.000000
2165.102958, -186.202176, 1.000000
2165.053779, -186.058602, 1.000000
2165.041287, -185.911904, 1.000000
2165.016570, -185.766248, 1.000000
2164.991853, -185.620591, 1.000000
2164.967148, -185.474933, 0.000000
2164.954655, -185.328234, 0.000000
2164.929927, -185.182577, 0.000000
2164.905210, -185.036921, 0.000000
2164.892718, -184.890223, 0.000000
2164.868001, -184.744566, 0.000000
2164.843295, -184.598908, 0.000000
2164.818578, -184.453251, 0.000000
2164.806085, -184.306552, 0.000000
2164.781357, -184.160896, 0.000000
2164.756640, -184.015239, 0.000000
2164.744148, -183.868541, 0.000000
2164.719431, -183.722884, 0.000000
2164.694725, -183.577226, 0.000000
2164.670008, -183.431568, 0.000000
2164.657505, -183.284871, 1.000000
2164.645013, -183.138173, 1.000000
2164.632521, -182.991475, 1.000000
2164.632253, -182.843736, 1.000000
2164.595322, -182.699120, 1.000000
2164.558380, -182.554503, 1.000000
2164.533385, -182.261107, 0.000000
2164.520893, -182.114409, 0.000000
2164.520626, -181.966671, 0.000000
2164.508133, -181.819973, 0.000000
2164.507877, -181.672233, 0.000000
2164.495384, -181.525534, 0.000000
2164.495106, -181.377795, 0.000000
2164.494839, -181.230056, 0.000000
2164.482347, -181.083359, 0.000000
2164.482080, -180.935620, 0.000000
2164.469598, -180.788921, 0.000000
2164.469331, -180.641181, 0.000000
2164.456839, -180.494482, 0.000000
2164.456560, -180.346744, 0.000000
2164.444068, -180.200047, 0.000000
2164.443801, -180.052308, 0.000000
2164.431309, -179.905610, 0.000000
2164.431052, -179.757870, 0.000000
2164.430785, -179.610130, 0.000000
2164.418282, -179.463432, 0.000000
2164.418014, -179.315693, 0.000000
2164.405522, -179.168996, 0.000000
2164.405255, -179.021257, 0.000000
2164.392774, -178.874558, 0.000000
2164.392507, -178.726818, 0.000000
2164.380014, -178.580119, 0.000000
2164.379735, -178.432381, 0.000000
2164.379468, -178.284643, 0.000000
2164.366976, -178.137945, 0.000000
2164.366709, -177.990206, 0.000000
2164.354228, -177.843507, 0.000000
2164.353961, -177.695767, 0.000000
2164.341457, -177.549069, 0.000000
2164.341189, -177.401331, 0.000000
2164.292612, -177.245356, 0.000000
2164.291198, -177.100762, 0.000000
2164.276304, -176.952484, 0.000000
2164.262608, -176.810194, 0.000000
2164.260770, -176.666762, 0.000000
2164.247062, -176.524474, 0.000000
2164.245223, -176.381044, 0.000000
2164.231527, -176.238755, 0.000000
2164.229688, -176.095324, 0.000000
2164.216004, -175.953034, 0.000000
2164.214166, -175.809602, 0.000000
2164.200458, -175.667314, 0.000000
2164.198619, -175.523883, 0.000000
2164.196780, -175.380453, 0.000000
2164.183084, -175.238164, 0.000000
2164.181258, -175.094732, 0.000000
2164.167562, -174.952442, 0.000000
2164.165723, -174.809011, 0.000000
2164.152015, -174.666723, 0.000000
2164.150176, -174.523293, 0.000000
2164.136480, -174.381004, 0.000000
2164.134642, -174.237573, 0.000000
2164.132816, -174.094141, 0.000000
2164.119120, -173.951851, 0.000000
2164.117268, -173.808421, 0.000000
2164.103572, -173.666132, 0.000000
2164.101733, -173.522702, 0.000000
2164.088037, -173.380413, 0.000000
2164.086212, -173.236981, 0.000000
2164.072516, -173.094691, 0.000000
2164.070677, -172.951260, 0.000000
2164.068825, -172.807831, 0.000000
2164.055129, -172.665542, 0.000000
2164.053291, -172.522111, 0.000000
2164.039595, -172.379822, 0.000000
2164.037769, -172.236390, 0.000000
2164.024073, -172.094100, 0.000000
2164.022221, -171.950670, 0.000000
2164.008525, -171.808381, 0.000000
2164.006687, -171.664951, 0.000000
2163.992991, -171.522662, 0.000000
2163.991166, -171.379230, 0.000000
2163.989327, -171.235799, 0.000000
2163.975631, -171.093509, 0.000000
2163.973779, -170.950079, 0.000000
2163.960083, -170.807790, 0.000000
2163.958244, -170.664360, 0.000000
2163.944548, -170.522071, 0.000000
2163.942723, -170.378639, 0.000000
2163.929027, -170.236349, 0.000000
2163.927174, -170.092919, 0.000000
2163.925336, -169.949489, 0.000000
2163.911640, -169.807200, 0.000000
2163.909801, -169.663769, 0.000000
2163.896119, -169.521479, 0.000000
2163.894281, -169.378048, 0.000000
2163.880585, -169.235758, 0.000000
2163.878732, -169.092328, 0.000000
2163.865036, -168.950039, 0.000000
2163.863197, -168.806609, 0.000000
2163.861359, -168.663179, 0.000000
2163.847677, -168.520888, 0.000000
2163.845838, -168.377456, 0.000000
2163.832128, -168.235168, 0.000000
2163.830289, -168.091738, 0.000000
2163.838932, -167.853847, 0.000000
2163.830502, -167.708200, 0.000000
2163.850919, -167.524877, 0.000000
2163.840002, -167.376105, 0.000000
2163.816832, -167.229264, 0.000000
2163.805915, -167.080493, 0.000000
2163.794997, -166.931722, 0.000000
2163.771843, -166.784880, 0.000000
2163.760941, -166.636105, 0.000000
2163.737787, -166.489262, 0.000000
2163.726854, -166.340493, 0.000000
2163.703700, -166.193651, 0.000000
2163.620681, -165.905755, 1.000000
2163.548594, -165.766628, 1.000000
2163.452019, -165.631362, 1.000000
2163.379902, -165.492241, 1.000000
2163.320038, -165.351187, 1.000000
2163.272410, -165.208204, 1.000000
2163.224782, -165.065221, 1.000000
2163.177168, -164.922235, 1.000000
2163.117289, -164.781183, 1.000000
2163.057425, -164.640129, 1.000000
2163.009797, -164.497146, 1.000000
2162.974406, -164.352234, 1.000000
2162.963501, -164.203460, 1.000000
2162.940347, -164.056617, 1.000000
2162.917180, -163.909777, 1.000000
2162.906263, -163.761005, 1.000000
2162.907582, -163.610304, 1.000000
2162.896665, -163.461533, 1.000000
2162.873524, -163.314688, 1.000000
2162.850369, -163.167845, 1.000000
2162.839439, -163.019075, 1.000000
2162.816285, -162.872233, 0.000000
2162.780894, -162.727321, 0.000000
2162.757739, -162.580479, 0.000000
2162.722361, -162.435564, 0.000000
2162.686970, -162.290650, 0.000000
2162.663803, -162.143810, 0.000000
2162.628412, -161.998898, 0.000000
2162.593021, -161.853985, 0.000000
2162.569867, -161.707143, 0.000000
2162.534488, -161.562228, 0.000000
2162.499085, -161.417316, 0.000000
2162.475930, -161.270474, 0.000000
2162.440539, -161.125562, 0.000000
2162.405148, -160.980649, 0.000000
2162.382007, -160.833805, 0.000000
2162.346615, -160.688892, 0.000000
2162.311212, -160.543980, 0.000000
2162.288058, -160.397138, 0.000000
2162.252667, -160.252226, 0.000000
2162.217276, -160.107314, 0.000000
2162.194134, -159.960469, 0.000000
2162.158742, -159.815556, 1.000000
2162.160050, -159.664856, 1.000000
2162.185843, -159.510296, 1.000000
2162.196449, -159.410871, 1.000000
2162.189971, -159.261893, 1.000000
2162.159325, -159.139111, 1.000000
2162.154747, -158.993457, 1.000000
2162.126110, -158.850571, 1.000000
2162.097486, -158.707684, 1.000000
2162.080885, -158.563413, 1.000000
2162.064284, -158.419143, 0.000000
2162.035673, -158.276254, 0.000000
2162.019071, -158.131983, 0.000000
2161.990435, -157.989096, 0.000000
2161.973834, -157.844826, 0.000000
2161.945210, -157.701939, 0.000000
2161.928609, -157.557669, 0.000000
2161.899997, -157.414780, 0.000000
2161.883396, -157.270509, 1.000000
2161.854760, -157.127622, 1.000000
2161.838158, -156.983352, 1.000000
2161.821557, -156.839082, 1.000000
2161.804956, -156.694811, 1.000000
2161.800377, -156.549157, 1.000000
2161.783788, -156.404885, 1.000000
2161.779209, -156.259230, 1.000000
2161.762596, -156.114961, 1.000000
2161.745995, -155.970690, 1.000000
2161.717371, -155.827803, 1.000000
2161.676725, -155.686300, 1.000000
2161.648113, -155.543411, 0.000000
2161.631511, -155.399140, 0.000000
2161.614898, -155.254870, 0.000000
2161.586274, -155.111983, 0.000000
2161.569673, -154.967713, 0.000000
2161.553072, -154.823442, 0.000000
2161.531904, -154.533515, 1.000000
2161.539336, -154.386479, 1.000000
2161.522734, -154.242208, 1.000000
2161.506133, -154.097938, 1.000000
2161.489532, -153.953668, 1.000000
2161.460920, -153.810779, 1.000000
2161.444319, -153.666508, 1.000000
2161.439728, -153.520854, 1.000000
2161.423127, -153.376584, 1.000000
2161.406526, -153.232314, 1.000000
2161.389924, -153.088043, 1.000000
2161.397368, -152.941006, 1.000000
2161.368757, -152.798117, 1.000000
2161.352155, -152.653845, 0.000000
2161.347564, -152.508193, 0.000000
2161.330963, -152.363922, 0.000000
2161.314362, -152.219652, 0.000000
2161.309783, -152.073998, 0.000000
2161.293194, -151.929726, 0.000000
2161.288615, -151.784071, 0.000000
2161.272002, -151.639801, 0.000000
2161.255400, -151.495531, 0.000000
2161.250822, -151.349877, 0.000000
2161.234221, -151.205607, 0.000000
2161.229654, -151.059951, 0.000000
2161.213053, -150.915680, 0.000000
2161.196439, -150.771410, 0.000000
2161.191860, -150.625756, 0.000000
2161.184235, -150.504467, 0.000000
2161.181628, -150.358256, 0.000000
2161.139528, -150.227221, 0.000000
2161.125954, -150.084502, 0.000000
2161.124261, -149.940654, 0.000000
2161.110687, -149.797936, 0.000000
2161.109006, -149.654087, 0.000000
2161.095433, -149.511370, 0.000000
2161.081872, -149.368651, 0.000000
2161.080191, -149.224801, 0.000000
2161.066604, -149.082084, 0.000000
2161.053031, -148.939366, 0.000000
2161.051350, -148.795517, 0.000000
2161.037776, -148.652800, 0.000000
2161.036109, -148.508950, 0.000000
2161.022535, -148.366231, 0.000000
2161.008948, -148.223514, 0.000000
2161.007267, -148.079665, 0.000000
2160.993694, -147.936947, 0.000000
2160.992013, -147.793099, 0.000000
2160.978453, -147.650380, 0.000000
2160.964879, -147.507661, 0.000000
2160.963185, -147.363813, 0.000000
2160.949611, -147.221095, 0.000000
2160.947930, -147.077246, 0.000000
2160.934357, -146.934529, 0.000000
2160.920797, -146.791810, 0.000000
2160.919116, -146.647960, 0.000000
2160.905528, -146.505243, 0.000000
2160.903848, -146.361394, 0.000000
2160.890274, -146.218676, 0.000000
2160.876700, -146.075959, 0.000000
2160.875034, -145.932108, 0.000000
2160.861460, -145.789390, 0.000000
2160.847872, -145.646673, 0.000000
2160.846192, -145.502824, 0.000000
2160.832618, -145.360106, 0.000000
2160.830937, -145.216258, 0.000000
2160.817377, -145.073538, 0.000000
2160.803804, -144.930820, 0.000000
2160.802109, -144.786972, 0.000000
2160.788535, -144.644254, 0.000000
2160.786855, -144.500405, 0.000000
2160.773281, -144.357688, 0.000000
2160.759721, -144.214968, 0.000000
2160.758041, -144.071119, 0.000000
2160.744453, -143.928402, 0.000000
2160.742772, -143.784553, 0.000000
2160.729198, -143.641835, 0.000000
2160.715624, -143.499118, 0.000000
2160.713958, -143.355267, 0.000000
2160.700384, -143.212549, 0.000000
2160.698689, -143.068700, 0.000000
2160.685116, -142.925983, 0.000000
2160.671542, -142.783265, 0.000000
2160.669861, -142.639416, 0.000000
2160.656302, -142.496697, 0.000000
2160.642728, -142.353979, 0.000000
2160.641033, -142.210130, 0.000000
2160.627459, -142.067413, 0.000000
2160.662967, -141.876193, 0.000000
2160.646062, -141.730796, 0.000000
2160.647488, -141.562064, 0.000000
2160.641168, -141.413800, 0.000000
2160.622606, -141.267083, 0.000000
2160.616286, -141.118820, 0.000000
2160.597739, -140.972102, 0.000000
2160.579192, -140.825385, 0.000000
2160.572888, -140.677119, 0.000000
2160.554341, -140.530400, 0.000000
2160.548005, -140.382138, 0.000000
2160.529458, -140.235420, 0.000000
2160.510912, -140.088703, 0.000000
2160.504591, -139.940440, 0.000000
2160.486060, -139.793720, 0.000000
2160.479740, -139.645455, 0.000000
2160.461177, -139.498739, 0.000000
2160.442631, -139.352021, 0.000000
2160.436310, -139.203758, 0.000000
2160.417764, -139.057040, 0.000000
2160.399233, -138.910320, 0.000000
2160.392913, -138.762056, 0.000000
2160.423256, -138.609157, 1.000000
2160.441389, -138.457803, 1.000000
2160.447295, -138.307994, 1.000000
2160.465428, -138.156640, 1.000000
2160.471351, -138.006828, 1.000000
2160.489484, -137.855473, 1.000000
2160.495372, -137.705665, 1.000000
2159.219679, -134.885676, 1.000000
2159.201132, -134.738959, 1.000000
2159.145916, -134.596876, 1.000000
2159.090690, -134.454794, 1.000000
2159.011000, -134.315805, 1.000000
2158.955774, -134.173724, 1.000000
2158.925001, -134.028551, 1.000000
2158.930907, -133.878743, 1.000000
2158.936823, -133.728932, 1.000000
2158.930503, -133.580668, 1.000000
2158.936399, -133.430860, 1.000000
2158.942305, -133.281051, 1.000000
2158.937505, -133.188837, 1.000000
2158.949170, -133.039929, 1.000000
2158.928762, -132.917058, 1.000000
2158.942449, -132.771778, 1.000000
2158.956137, -132.626498, 1.000000
2158.945885, -132.482926, 0.000000
2158.935643, -132.339354, 0.000000
2158.925402, -132.195782, 0.000000
2158.915161, -132.052209, 0.000000
2158.904930, -131.908636, 0.000000
2158.906654, -131.764209, 0.000000
2158.896401, -131.620637, 0.000000
2158.886160, -131.477065, 0.000000
2158.875919, -131.333493, 0.000000
2158.865677, -131.189921, 0.000000
2158.855447, -131.046347, 0.000000
2158.845206, -130.902774, 0.000000
2158.834964, -130.759201, 0.000000
2158.824712, -130.615629, 0.000000
2158.814471, -130.472057, 0.000000
2158.804230, -130.328485, 0.000000
2158.805953, -130.184059, 0.000000
2158.795723, -130.040486, 0.000000
2158.785481, -129.896913, 0.000000
2158.775229, -129.753341, 0.000000
2158.764988, -129.609768, 0.000000
2158.754746, -129.466196, 0.000000
2158.744505, -129.322624, 0.000000
2158.734275, -129.179051, 0.000000
2158.724034, -129.035478, 0.000000
2158.713792, -128.891904, 0.000000
2158.703540, -128.748333, 0.000000
2158.705263, -128.603907, 0.000000
2158.695022, -128.460335, 0.000000
2158.684780, -128.316763, 0.000000
2158.674550, -128.173189, 0.000000
2158.664309, -128.029616, 0.000000
2158.654056, -127.886044, 0.000000
2158.643815, -127.742472, 0.000000
2158.633574, -127.598900, 0.000000
2158.623333, -127.455327, 0.000000
2158.613103, -127.311754, 0.000000
2158.602861, -127.168181, 0.000000
2158.604584, -127.023754, 0.000000
2158.594332, -126.880183, 0.000000
2158.584090, -126.736611, 0.000000
2158.573849, -126.593039, 0.000000
2158.563608, -126.449466, 0.000000
2158.553378, -126.305893, 0.000000
2158.543137, -126.162319, 0.000000
2158.532884, -126.018747, 0.000000
2158.522643, -125.875175, 0.000000
2158.512401, -125.731603, 0.000000
2158.502160, -125.588031, 0.000000
2158.503895, -125.443604, 0.000000
2158.493653, -125.300031, 0.000000
2158.483412, -125.156458, 0.000000
2158.473159, -125.012886, 0.000000
2158.462918, -124.869314, 0.000000
2158.452677, -124.725742, 0.000000
2158.442436, -124.582170, 0.000000
2158.432206, -124.438596, 0.000000
2158.421964, -124.295023, 0.000000
2158.411712, -124.151451, 0.000000
2158.401470, -124.007879, 0.000000
2158.392645, -123.752204, 0.000000
2158.372196, -123.609364, 0.000000
2158.379914, -123.401512, 0.000000
2158.353510, -123.256092, 0.000000
2158.327106, -123.110672, 0.000000
2158.300690, -122.965255, 0.000000
2158.274286, -122.819837, 0.000000
2158.247882, -122.674418, 0.000000
2158.221478, -122.528999, 0.000000
2158.195086, -122.383578, 0.000000
2158.168682, -122.238158, 0.000000
2158.154384, -122.090540, 0.000000
2158.127980, -121.945121, 0.000000
2158.101576, -121.799702, 0.000000
2158.075172, -121.654284, 0.000000
2158.048768, -121.508865, 0.000000
2158.022376, -121.363443, 0.000000
2157.995972, -121.218023, 0.000000
2157.969556, -121.072606, 0.000000
2157.943152, -120.927187, 0.000000
2157.916748, -120.781768, 0.000000
2157.890344, -120.636350, 0.000000
2157.876058, -120.488731, 0.000000
2157.849666, -120.343309, 0.000000
2157.823262, -120.197889, 0.000000
2157.796846, -120.052472, 0.000000
2157.770442, -119.907053, 0.000000
2157.744038, -119.761634, 0.000000
2157.717634, -119.616216, 0.000000
2157.691242, -119.470795, 0.000000
2157.664838, -119.325375, 0.000000
2157.638434, -119.179955, 0.000000
2157.612018, -119.034538, 0.000000
2157.597732, -118.886919, 0.000000
2157.571328, -118.741500, 0.000000
2157.544924, -118.596081, 0.000000
2157.518532, -118.450660, 0.000000
2157.492128, -118.305240, 0.000000
2157.465712, -118.159823, 0.000000
2157.439308, -118.014404, 0.000000
2157.412904, -117.868985, 0.000000
2157.386500, -117.723566, 0.000000
2157.360096, -117.578147, 0.000000
2157.333704, -117.432726, 0.000000
2157.319418, -117.285106, 0.000000
2157.293002, -117.139688, 0.000000
2157.266598, -116.994270, 0.000000
2157.240194, -116.848851, 0.000000
2157.213790, -116.703432, 0.000000
2157.187386, -116.558013, 0.000000
2157.160994, -116.412592, 0.000000
2157.134590, -116.267172, 0.000000
2157.108174, -116.121755, 0.000000
2157.081770, -115.976336, 0.000000
2157.055366, -115.830917, 0.000000
2157.041080, -115.683298, 0.000000
2157.014688, -115.537877, 0.000000
2156.988284, -115.392457, 0.000000
2156.961880, -115.247037, 0.000000
2156.935464, -115.101620, 0.000000
2156.909060, -114.956202, 0.000000
2156.882656, -114.810783, 0.000000
2156.856252, -114.665364, 0.000000
2156.829860, -114.519943, 0.000000
2156.803456, -114.374523, 0.000000
2156.777040, -114.229105, 0.000000
2156.762754, -114.081486, 0.000000
2156.736350, -113.936067, 0.000000
2156.709271, -113.997386, 0.000000
2156.700894, -113.853211, 0.000000
2156.714907, -113.791918, 0.000000
2156.713851, -113.646049, 0.000000
2156.712784, -113.500180, 0.000000
2156.711728, -113.354311, 0.000000
2156.710672, -113.208443, 0.000000
2156.709617, -113.062575, 0.000000
2156.708561, -112.916706, 0.000000
2156.719674, -112.770750, 0.000000
2156.718618, -112.624880, 0.000000
2156.717550, -112.479011, 0.000000
2156.716495, -112.333143, 0.000000
2156.715439, -112.187274, 0.000000
2156.714383, -112.041406, 0.000000
2156.713328, -111.895538, 0.000000
2156.712285, -111.749669, 0.000000
2156.711229, -111.603800, 0.000000
2156.710161, -111.457930, 0.000000
2156.709105, -111.312062, 0.000000
2156.720206, -111.166106, 0.000000
2156.719150, -111.020237, 0.000000
2156.718094, -110.874369, 0.000000
2156.717051, -110.728500, 0.000000
2156.715996, -110.582631, 0.000000
2156.738183, -110.290717, 1.000000
2156.773595, -110.144585, 1.000000
2156.821162, -109.998365, 1.000000
2156.856574, -109.852233, 1.000000
2156.904155, -109.706012, 1.000000
2156.939566, -109.559879, 1.000000
2156.987119, -109.413658, 1.000000
2157.034687, -109.267437, 1.000000
2157.070098, -109.121305, 1.000000
2157.129821, -108.974997, 1.000000
2157.165233, -108.828865, 1.000000
2157.249283, -108.682380, 1.000000
2157.284695, -108.536247, 1.000000
2157.235000, -108.390730, 1.000000
2157.246100, -108.244773, 1.000000
2157.269356, -108.098729, 1.000000
2157.292612, -107.952685, 1.000000
2157.303712, -107.806728, 1.000000
2157.314829, -107.660772, 1.000000
2157.338085, -107.514726, 1.000000
2157.397791, -107.368417, 1.000000
2157.408891, -107.222461, 1.000000
2157.407835, -107.076593, 1.000000
2157.406779, -106.930724, 1.000000
2157.430035, -106.784680, 1.000000
2157.428998, -106.638811, 1.000000
2156.357402, -97.019126, 0.000000
2156.335222, -96.876898, 0.000000
2156.324979, -96.733815, 0.000000
2156.314736, -96.590733, 0.000000
2156.304493, -96.447650, 0.000000
2156.282327, -96.305421, 0.000000
2156.272097, -96.162337, 0.000000
2156.261854, -96.019254, 0.000000
2156.251598, -95.876171, 0.000000
2156.229431, -95.733942, 0.000000
2156.219188, -95.590860, 0.000000
2156.208946, -95.447777, 0.000000
2156.198703, -95.304695, 0.000000
2156.176549, -95.162465, 0.000000
2156.166306, -95.019381, 0.000000
2156.156050, -94.876298, 0.000000
2156.145807, -94.733216, 0.000000
2156.123641, -94.590987, 0.000000
2156.113398, -94.447904, 0.000000
2156.103155, -94.304822, 0.000000
2156.092925, -94.161738, 0.000000
2156.070759, -94.019508, 0.000000
2156.060516, -93.876425, 0.000000
2156.050260, -93.733343, 0.000000
2156.040017, -93.590260, 0.000000
2156.027992, -93.402938, 0.000000
2156.014142, -93.258942, 0.000000
2156.000292, -93.114946, 0.000000
2156.019590, -92.944467, 0.000000
2156.003795, -92.797670, 0.000000
2155.975754, -92.652192, 0.000000
2155.959959, -92.505397, 0.000000
2155.944164, -92.358602, 0.000000
2155.928369, -92.211806, 0.000000
2155.900341, -92.066327, 0.000000
2155.880998, -91.771418, 1.000000
2155.901902, -91.620673, 1.000000
2155.898326, -91.472562, 1.000000
2155.894764, -91.324451, 1.000000
2155.842270, -91.181604, 1.000000
2155.814243, -91.036125, 1.000000
2155.786215, -90.890646, 1.000000
2155.770433, -90.743849, 1.000000
2155.779104, -90.594420, 1.000000
2155.812227, -90.442360, 0.000000
2155.784200, -90.296881, 0.000000
2155.756172, -90.151402, 0.000000
2155.728144, -90.005923, 0.000000
2155.700116, -89.860444, 0.000000
2155.672102, -89.714964, 0.000000
2155.644074, -89.569484, 0.000000
2155.616045, -89.424004, 0.000000
2155.588004, -89.278526, 0.000000
2155.559977, -89.133047, 0.000000
2155.544182, -88.986252, 1.000000
2155.552853, -88.836824, 1.000000
2155.549291, -88.688712, 1.000000
2155.533509, -88.541915, 1.000000
2155.529947, -88.393802, 1.000000
2155.538605, -88.244375, 1.000000
2155.535043, -88.096264, 1.000000
2155.519248, -87.949468, 1.000000
2155.503453, -87.802673, 1.000000
2155.487658, -87.655878, 1.000000
2155.471877, -87.509081, 1.000000
2155.419383, -87.366233, 1.000000
2155.366888, -87.223386, 1.000000
2155.338848, -87.077908, 1.000000
2155.310820, -86.932429, 1.000000
2155.307258, -86.784317, 1.000000
2155.303696, -86.636206, 1.000000
2155.312367, -86.486778, 1.000000
2155.308818, -86.338664, 1.000000
2155.317489, -86.189236, 1.000000
2155.326146, -86.039809, 1.000000
2155.322585, -85.891697, 1.000000
2155.294557, -85.746218, 1.000000
2155.266529, -85.600739, 1.000000
2155.275200, -85.451311, 1.000000
2155.271652, -85.303198, 1.000000
2155.280323, -85.153769, 1.000000
2155.288994, -85.004340, 1.000000
2155.285418, -84.856230, 1.000000
2155.257390, -84.710751, 1.000000
2155.241595, -84.563956, 1.000000
2155.225800, -84.417161, 1.000000
2155.210005, -84.270366, 1.000000
2155.169758, -84.126200, 1.000000
2155.166196, -83.978088, 0.000000
2155.162620, -83.829977, 0.000000
2155.159058, -83.681866, 0.000000
2155.143263, -83.535070, 0.000000
2155.139701, -83.386959, 0.000000
2155.136139, -83.238847, 0.000000
2155.132592, -83.090734, 0.000000
2155.129030, -82.942621, 0.000000
2155.125468, -82.794509, 0.000000
2155.121891, -82.646399, 0.000000
2155.106096, -82.499603, 0.000000
2155.054728, -82.352072, 0.000000
2155.050839, -82.207392, 0.000000
2155.046951, -82.062711, 0.000000
2155.084325, -81.907503, 0.000000
2155.080112, -81.759829, 0.000000
2155.075884, -81.612157, 0.000000
2155.059478, -81.465851, 0.000000
2155.055266, -81.318178, 0.000000
2155.051053, -81.170504, 1.000000
2155.034648, -81.024198, 1.000000
2155.006066, -80.879257, 1.000000
2154.989660, -80.732950, 1.000000
2154.961048, -80.588011, 1.000000
2154.627646, -80.477250, 1.000000
2154.599049, -80.332311, 1.000000
2154.594836, -80.184637, 1.000000
2154.590623, -80.036964, 1.000000
2154.574231, -79.890656, 1.000000
2154.570018, -79.742982, 1.000000
2154.529228, -79.599409, 1.000000
2154.500618, -79.454471, 1.000000
2154.496405, -79.306798, 1.000000
2154.455615, -79.163226, 1.000000
2154.439210, -79.016920, 1.000000
2154.447202, -78.867878, 1.000000
2154.430797, -78.721571, 1.000000
2154.402200, -78.576630, 1.000000
2154.349205, -78.434427, 1.000000
2154.344992, -78.286753, 1.000000
2154.328587, -78.140447, 1.000000
2154.324374, -77.992774, 1.000000
2154.307969, -77.846468, 1.000000
2154.267192, -77.702894, 1.000000
2154.262979, -77.555219, 1.000000
2154.246561, -77.408914, 1.000000
2154.242348, -77.261241, 1.000000
2154.225943, -77.114935, 1.000000
2154.221730, -76.967261, 1.000000
2154.217517, -76.819588, 1.000000
2154.188933, -76.674647, 1.000000
2154.160335, -76.529707, 1.000000
2154.119533, -76.386135, 1.000000
2154.127512, -76.237095, 1.000000
2154.147684, -76.086688, 1.000000
2154.155663, -75.937647, 1.000000
2154.175834, -75.787240, 1.000000
2154.196020, -75.636831, 1.000000
2154.203999, -75.487789, 1.000000
2154.224171, -75.337381, 1.000000
2154.219943, -75.189709, 1.000000
2154.179154, -75.046137, 1.000000
2154.235902, -74.891628, 1.000000
2154.243881, -74.742588, 0.000000
2154.227491, -74.596280, 0.000000
2154.211086, -74.449973, 0.000000
2154.194680, -74.303666, 0.000000
2154.166068, -74.158728, 0.000000
2154.149663, -74.012422, 0.000000
2154.133258, -73.866116, 0.000000
2153.336554, -73.807303, 1.000000
2153.320148, -73.660997, 1.000000
2153.303752, -73.514689, 1.000000
2153.299539, -73.367015, 1.000000
2153.283125, -73.220709, 1.000000
2153.217951, -73.079871, 1.000000
2153.201546, -72.933565, 1.000000
2153.197333, -72.785892, 1.000000
2153.168736, -72.640953, 1.000000
2153.152340, -72.494645, 1.000000
2153.135934, -72.348338, 1.000000
2153.119520, -72.202032, 1.000000
2153.103115, -72.055726, 1.000000
2153.086710, -71.909419, 1.000000
2153.082776, -71.753496, 1.000000
2153.126404, -71.599825, 1.000000
2153.095315, -71.452810, 0.000000
2153.077945, -71.309315, 0.000000
2153.060575, -71.165821, 0.000000
2153.043196, -71.022328, 0.000000
2153.025827, -70.878835, 0.000000
2153.008457, -70.735341, 0.000000
2152.991088, -70.591848, 0.000000
2152.973718, -70.448354, 0.000000
2152.956358, -70.304859, 0.000000
2152.938988, -70.161365, 0.000000
2152.921618, -70.017870, 0.000000
2152.904239, -69.874378, 0.000000
2152.886870, -69.730885, 0.000000
2152.869500, -69.587391, 0.000000
2152.852131, -69.443898, 0.000000
2152.834761, -69.300404, 0.000000
2152.817401, -69.156909, 0.000000
2152.800031, -69.013414, 0.000000
2152.782652, -68.869921, 0.000000
2152.765282, -68.726428, 0.000000
2152.747913, -68.582934, 0.000000
2152.730543, -68.439441, 0.000000
2152.713174, -68.295948, 0.000000
2152.695813, -68.152453, 0.000000
2152.678444, -68.008959, 0.000000
2152.661074, -67.865464, 0.000000
2152.643695, -67.721971, 0.000000
2152.626325, -67.578478, 0.000000
2152.608956, -67.434984, 0.000000
2152.591586, -67.291491, 0.000000
2152.574217, -67.147998, 0.000000
2152.556856, -67.004503, 0.000000
2152.539487, -66.861008, 0.000000
2152.522117, -66.717514, 0.000000
2152.504738, -66.574021, 0.000000
2152.487369, -66.430528, 0.000000
2152.469999, -66.287034, 0.000000
2152.452629, -66.143541, 0.000000
2152.435260, -66.000048, 0.000000
2152.417899, -65.856552, 0.000000
2152.400530, -65.713058, 0.000000
2152.383160, -65.569564, 0.000000
2152.365781, -65.426071, 0.000000
2152.348412, -65.282578, 0.000000
2152.331042, -65.139084, 0.000000
2152.313672, -64.995591, 0.000000
2152.296303, -64.852098, 0.000000
2152.278942, -64.708602, 0.000000
2152.261573, -64.565108, 0.000000
2152.244194, -64.421615, 0.000000
2152.226824, -64.278121, 0.000000
2152.209455, -64.134628, 0.000000
2152.192085, -63.991134, 0.000000
2152.174715, -63.847641, 0.000000
2152.157355, -63.704146, 0.000000
2152.139985, -63.560652, 0.000000
2152.122616, -63.417157, 0.000000
2152.105237, -63.273665, 0.000000
2152.087867, -63.130171, 0.000000
2152.053128, -62.843184, 1.000000
2152.035759, -62.699691, 1.000000
2152.006440, -62.557644, 1.000000
2151.977113, -62.415597, 1.000000
2151.947785, -62.273550, 1.000000
2151.918449, -62.131504, 1.000000
2152.833498, -57.088604, 1.000000
2152.835538, -56.944607, 1.000000
2152.813715, -56.802259, 1.000000
2152.803842, -56.659085, 1.000000
2152.782019, -56.516736, 1.000000
2152.760178, -56.374389, 1.000000
2152.738355, -56.232041, 1.000000
2152.728464, -56.088869, 1.000000
2152.694710, -55.947345, 1.000000
2152.660957, -55.805821, 1.000000
2152.627203, -55.664298, 1.000000
2152.605398, -55.521948, 1.000000
2152.607438, -55.377951, 1.000000
2152.609477, -55.233953, 1.000000
2152.635361, -55.088309, 1.000000
2152.663302, -54.798668, 0.000000
2152.653410, -54.655496, 0.000000
2152.631587, -54.513148, 0.000000
2152.621714, -54.369974, 0.000000
2152.611823, -54.226801, 0.000000
2152.601931, -54.083627, 0.000000
2152.592021, -53.940456, 0.000000
2152.582129, -53.797284, 0.000000
2152.560307, -53.654936, 0.000000
2152.550415, -53.511764, 0.000000
2152.540524, -53.368592, 0.000000
2152.530650, -53.225418, 0.000000
2152.520759, -53.082245, 0.000000
2152.510867, -52.939072, 0.000000
2152.489026, -52.796725, 0.000000
2152.479135, -52.653552, 0.000000
2152.469243, -52.510380, 0.000000
2152.459351, -52.367208, 0.000000
2152.449460, -52.224036, 0.000000
2152.427637, -52.081688, 0.000000
2152.417764, -51.938514, 0.000000
2152.407872, -51.795341, 0.000000
2152.397962, -51.652169, 0.000000
2152.388071, -51.508997, 0.000000
2152.378179, -51.365824, 0.000000
2152.356357, -51.223477, 0.000000
2152.346465, -51.080304, 0.000000
2152.336573, -50.937132, 0.000000
2152.326700, -50.793958, 0.000000
2152.316808, -50.650785, 0.000000
2152.294986, -50.508436, 0.000000
2152.285076, -50.365265, 0.000000
2152.275184, -50.222093, 0.000000
2152.217569, -50.082218, 1.000000
2152.148022, -49.943167, 1.000000
2152.126200, -49.800819, 1.000000
2152.128256, -49.656821, 1.000000
2152.154158, -49.511175, 1.000000
2152.134959, -49.220536, 1.000000
2152.100943, -49.079010, 1.000000
2152.078861, -48.936638, 1.000000
2152.073686, -48.657778, 1.000000
2152.055299, -48.513113, 1.000000
2152.036929, -48.368446, 1.000000
2152.030598, -48.222248, 1.000000
2152.060432, -48.071452, 1.000000
2152.029972, -47.928321, 1.000000
2151.963364, -47.789785, 1.000000
2151.932921, -47.646652, 1.000000
2151.902479, -47.503520, 1.000000
2151.872036, -47.360387, 1.000000
2151.829539, -47.218786, 1.000000
2151.799113, -47.075651, 1.000000
2151.780726, -46.930985, 1.000000
2151.786433, -46.783256, 1.000000
2151.792157, -46.635527, 1.000000
2151.821991, -46.484733, 1.000000
2151.887992, -46.329342, 1.000000
2150.178815, -44.929554, 1.000000
2150.172484, -44.783355, 1.000000
2150.142041, -44.640221, 1.000000
2150.123647, -44.495557, 1.000000
2150.093204, -44.352424, 1.000000
2150.074817, -44.207759, 1.000000
2150.080541, -44.060030, 1.000000
2150.062154, -43.915365, 1.000000
2150.031719, -43.772231, 1.000000
2150.013332, -43.627565, 1.000000
2149.994945, -43.482899, 1.000000
2149.976551, -43.338234, 1.000000
2149.946108, -43.195101, 1.000000
2149.927721, -43.050436, 1.000000
2149.921390, -42.904239, 1.000000
2149.890947, -42.761106, 1.000000
2149.848450, -42.619505, 1.000000
2149.818014, -42.476371, 1.000000
2149.799627, -42.331705, 1.000000
2149.769177, -42.188572, 1.000000
2149.750790, -42.043907, 1.000000
2149.744459, -41.897710, 1.000000
2149.714017, -41.754577, 1.000000
2149.695630, -41.609912, 1.000000
2149.677243, -41.465247, 1.000000
2149.658862, -41.320580, 1.000000
2149.628420, -41.177447, 1.000000
2149.622088, -41.031248, 1.000000
2149.603694, -40.886584, 1.000000
2149.561197, -40.744983, 1.000000
2149.542810, -40.600318, 1.000000
2149.536478, -40.454121, 1.000000
2149.530146, -40.307924, 1.000000
2149.511766, -40.163258, 1.000000
2149.493379, -40.018592, 1.000000
2149.487047, -39.872393, 1.000000
2149.480709, -39.726196, 1.000000
2149.462322, -39.581531, 1.000000
2149.431880, -39.438399, 1.000000
2149.437604, -39.290669, 1.000000
2149.407161, -39.147536, 1.000000
2149.388781, -39.002870, 1.000000
2149.382450, -38.856672, 1.000000
2149.376118, -38.710474, 1.000000
2149.381835, -38.562744, 1.000000
2149.375503, -38.416547, 1.000000
2149.357116, -38.271882, 1.000000
2149.338729, -38.127217, 0.000000
2149.320342, -37.982552, 0.000000
2149.301955, -37.837887, 0.000000
2149.283575, -37.693220, 0.000000
2149.265188, -37.548554, 0.000000
2149.246794, -37.403889, 1.000000
2149.240462, -37.257692, 1.000000
2149.210020, -37.114559, 1.000000
2149.197202, -37.009263, 1.000000
2149.184532, -36.864068, 1.000000
2149.171863, -36.718874, 1.000000
2149.180195, -36.691388, 1.000000
2149.184678, -36.544604, 1.000000
2149.189161, -36.397820, 1.000000
2149.181404, -36.250662, 1.000000
2149.185887, -36.103879, 1.000000
2149.190370, -35.957095, 1.000000
2149.194852, -35.810312, 1.000000
2149.199335, -35.663529, 1.000000
2149.216057, -35.517119, 1.000000
2149.208308, -35.369960, 1.000000
2149.225023, -35.223550, 1.000000
2149.229498, -35.076765, 1.000000
2149.233981, -34.929982, 1.000000
2149.238463, -34.783199, 1.000000
2149.267410, -34.637162, 1.000000
2149.259661, -34.490005, 1.000000
2149.251919, -34.342849, 1.000000
2149.268634, -34.196438, 1.000000
2149.273116, -34.049653, 1.000000
2149.240896, -33.901748, 1.000000
2149.269842, -33.755712, 1.000000
2149.274325, -33.608928, 1.000000
2149.291040, -33.462519, 1.000000
2149.295522, -33.315735, 0.000000
2149.287773, -33.168578, 0.000000
2149.280031, -33.021421, 0.000000
2149.260050, -32.873889, 0.000000
2149.264525, -32.727104, 1.000000
2149.269008, -32.580321, 1.000000
2149.261259, -32.433164, 1.000000
2149.277974, -32.286754, 1.000000
2149.282456, -32.139971, 1.000000
2149.262475, -31.992440, 1.000000
2149.279197, -31.846030, 1.000000
2149.271448, -31.698872, 1.000000
2149.275930, -31.552087, 1.000000
2149.280406, -31.405304, 1.000000
2149.284889, -31.258520, 1.000000
2149.301603, -31.112110, 1.000000
2149.306086, -30.965327, 0.000000
2149.310569, -30.818544, 0.000000
2149.315059, -30.671760, 0.000000
2149.319541, -30.524976, 0.000000
2149.311792, -30.377817, 0.000000
2149.316268, -30.231033, 0.000000
2149.320750, -30.084250, 0.000000
2149.325233, -29.937467, 0.000000
2149.329716, -29.790683, 0.000000
2149.334199, -29.643900, 0.000000
2149.338688, -29.497117, 0.000000
2149.343171, -29.350332, 0.000000
2149.335422, -29.203174, 0.000000
2149.339898, -29.056390, 0.000000
2149.344380, -28.909606, 0.000000
2149.348863, -28.762823, 0.000000
2149.353346, -28.616039, 1.000000
2149.345596, -28.468882, 1.000000
2149.350079, -28.322099, 1.000000
2149.342337, -28.174941, 1.000000
2149.334587, -28.027783, 1.000000
2149.314600, -27.880252, 1.000000
2149.306850, -27.733095, 1.000000
2149.299101, -27.585938, 1.000000
2149.328048, -27.439901, 1.000000
2149.332530, -27.293118, 1.000000
2149.324781, -27.145961, 1.000000
2149.329270, -26.999177, 1.000000
2149.362700, -26.706355, 0.000000
2149.379408, -26.559945, 0.000000
2149.408355, -26.413909, 0.000000
2149.437301, -26.267873, 0.000000
2149.454016, -26.121463, 0.000000
2149.482962, -25.975426, 0.000000
2149.511916, -25.829390, 0.000000
2149.528631, -25.682979, 0.000000
2149.557578, -25.536942, 0.000000
2149.586517, -25.390905, 0.000000
2149.603232, -25.244495, 0.000000
2149.632178, -25.098459, 0.000000
2149.663481, -24.903423, 0.000000
2149.674058, -24.755522, 0.000000
2149.658612, -24.408696, 0.000000
2149.643917, -24.263254, 0.000000
2149.641158, -24.115592, 0.000000
2149.638390, -23.967933, 0.000000
2149.623695, -23.822491, 0.000000
2149.620935, -23.674831, 0.000000
2149.618176, -23.527170, 0.000000
2149.603481, -23.381729, 0.000000
2149.600722, -23.234069, 0.000000
2149.597972, -23.086406, 0.000000
2149.583277, -22.940964, 0.000000
2149.580518, -22.793302, 0.000000
2149.577748, -22.645643, 0.000000
2149.563053, -22.500202, 0.000000
2149.560294, -22.352541, 0.000000
2149.557534, -22.204881, 0.000000
2149.542840, -22.059440, 0.000000
2149.540080, -21.911779, 0.000000
2149.525396, -21.766335, 0.000000
2149.522637, -21.618674, 0.000000
2149.519877, -21.471012, 0.000000
2149.505171, -21.325573, 0.000000
2149.502412, -21.177912, 0.000000
2149.499652, -21.030252, 0.000000
2149.484958, -20.884810, 0.000000
2149.470263, -20.739369, 1.000000
2149.431698, -20.598366, 1.000000
2149.381209, -20.459579, 1.000000
2149.354579, -20.316356, 1.000000
2149.339884, -20.170914, 1.000000
2149.325178, -20.025474, 1.000000
2149.298548, -19.882252, 1.000000
2149.283853, -19.736811, 1.000000
2149.269159, -19.591370, 1.000000
2149.254464, -19.445928, 1.000000
2149.227846, -19.302704, 1.000000
2149.201216, -19.159481, 1.000000
2149.186521, -19.014038, 1.000000
2149.183749, -18.866379, 1.000000
2149.157120, -18.723157, 0.000000
2149.130490, -18.579935, 0.000000
2149.103860, -18.436713, 0.000000
2149.077230, -18.293491, 0.000000
2149.050600, -18.150269, 0.000000
2149.023983, -18.007044, 0.000000
2148.997353, -17.863821, 0.000000
2148.970722, -17.720598, 0.000000
2148.956015, -17.575158, 0.000000
2148.929385, -17.431936, 0.000000
2148.902756, -17.288714, 0.000000
2148.876126, -17.145492, 0.000000
2148.849496, -17.002269, 0.000000
2148.822866, -16.859047, 0.000000
2148.796248, -16.715822, 0.000000
2148.769618, -16.572599, 0.000000
2148.742988, -16.429376, 1.000000
2148.704411, -16.288375, 1.000000
2148.677781, -16.145153, 1.000000
2148.639216, -16.004150, 1.000000
2148.612586, -15.860928, 1.000000
2148.585956, -15.717705, 1.000000
2148.571262, -15.572264, 1.000000
2148.532709, -15.431258, 1.000000
2148.494143, -15.290254, 1.000000
2148.467513, -15.147031, 1.000000
2148.440871, -15.003811, 1.000000
2148.438112, -14.856150, 1.000000
2148.411482, -14.712928, 0.000000
2148.372917, -14.571925, 0.000000
2148.346287, -14.428703, 0.000000
2148.319669, -14.285479, 0.000000
2148.281104, -14.144475, 0.000000
2148.254474, -14.001251, 1.000000
2148.203961, -13.862469, 1.000000
2148.177332, -13.719247, 1.000000
2148.150702, -13.576025, 1.000000
2148.112137, -13.435022, 1.000000
2148.085507, -13.291800, 1.000000
2148.070812, -13.146358, 1.000000
2147.972583, -13.016449, 1.000000
2147.922082, -12.877664, 1.000000
2147.907387, -12.732221, 1.000000
2147.964292, -12.573467, 1.000000
2147.925727, -12.432464, 1.000000
2147.899097, -12.289242, 1.000000
2147.800064, -12.212057, 1.000000
2147.766167, -12.069843, 1.000000
2147.732270, -11.927629, 1.000000
2147.722706, -11.815202, 1.000000
2147.715965, -11.667458, 1.000000
2147.709224, -11.519714, 1.000000
2147.702471, -11.371972, 1.000000
2147.671369, -11.227383, 1.000000
2147.603725, -11.087524, 1.000000
2147.572623, -10.942934, 0.000000
2147.578062, -10.793615, 0.000000
2147.583512, -10.644293, 0.000000
2147.588952, -10.494972, 0.000000
2147.594391, -10.345651, 0.000000
2147.563277, -10.201063, 1.000000
2147.568716, -10.051743, 1.000000
2147.586336, -9.900847, 1.000000
2147.591775, -9.751527, 1.000000
2147.548492, -9.608514, 1.000000
2147.505221, -9.465500, 1.000000
2147.474119, -9.320910, 1.000000
2147.467377, -9.173166, 1.000000
2147.484985, -9.022270, 1.000000
2147.478244, -8.874527, 1.000000
2147.471503, -8.726784, 1.000000
2147.452581, -8.580618, 1.000000
2147.445840, -8.432875, 1.000000
2147.451279, -8.283555, 1.000000
2147.444550, -8.135810, 1.000000
2147.437809, -7.988066, 1.000000
2147.418874, -7.841900, 1.000000
2147.412133, -7.694157, 1.000000
2147.405392, -7.546414, 1.000000
2147.398650, -7.398671, 1.000000
2147.391909, -7.250928, 1.000000
2147.385168, -7.103185, 1.000000
2147.378440, -6.955440, 1.000000
2147.359518, -6.809273, 1.000000
2147.328415, -6.664682, 1.000000
2147.285119, -6.521672, 1.000000
2147.266197, -6.375505, 1.000000
2147.235095, -6.230916, 1.000000
2147.197251, -5.938584, 1.000000
2147.153981, -5.795569, 1.000000
2147.122879, -5.650979, 1.000000
2147.091776, -5.506388, 1.000000
2147.085022, -5.358647, 1.000000
2147.066101, -5.212481, 1.000000
2147.059359, -5.064738, 1.000000
2147.040437, -4.918572, 1.000000
2147.021516, -4.772405, 1.000000
2147.002607, -4.626237, 1.000000
2146.983685, -4.480070, 1.000000
2146.989124, -4.330749, 1.000000
2146.994550, -4.181431, 1.000000
2146.975628, -4.035264, 1.000000
2146.956707, -3.889098, 1.000000
2146.949965, -3.741355, 1.000000
2146.943224, -3.593612, 1.000000
2146.924302, -3.447446, 1.000000
2146.905394, -3.301277, 1.000000
2146.886472, -3.155110, 1.000000
2146.891897, -3.005791, 1.000000
2146.897337, -2.856471, 1.000000
2146.878415, -2.710305, 1.000000
2146.847313, -2.565716, 1.000000
2146.828391, -2.419550, 1.000000
2146.797289, -2.274961, 1.000000
2146.778380, -2.128792, 1.000000
2146.771639, -1.981048, 1.000000
2146.752717, -1.834881, 1.000000
2146.745962, -1.687139, 1.000000
2146.727040, -1.540973, 1.000000
2146.708118, -1.394807, 1.000000
2146.689197, -1.248641, 1.000000
2146.670275, -1.102475, 1.000000
2146.663547, -0.954730, 1.000000
2146.644625, -0.808562, 1.000000
2146.625703, -0.662395, 1.000000
2146.618948, -0.514654, 1.000000
2146.600026, -0.368488, 1.000000
2146.581105, -0.222321, 1.000000
2146.552625, 0.005367, 1.000000
2146.527467, 0.150300, 1.000000
2146.464911, 0.322419, 1.000000
2146.437643, 0.464490, 1.000000
2146.398536, 0.604288, 0.000000
2146.359415, 0.744083, 0.000000
2146.308469, 0.881608, 0.000000
2146.269363, 1.021405, 0.000000
2146.230256, 1.161203, 0.000000
2146.191149, 1.301000, 0.000000
2146.140203, 1.438525, 0.000000
2146.101109, 1.578324, 0.000000
2146.062002, 1.718123, 0.000000
2146.011056, 1.855648, 0.000000
2145.971936, 1.995444, 0.000000
2145.932830, 2.135241, 0.000000
2145.881884, 2.272766, 0.000000
2145.842777, 2.412563, 0.000000
2145.803670, 2.552360, 0.000000
2145.752724, 2.689885, 0.000000
2145.713629, 2.829685, 0.000000
2145.674522, 2.969483, 0.000000
2145.623576, 3.107009, 0.000000
2145.939631, 3.314973, 0.000000
2145.569029, 3.391146, 1.000000
2145.529922, 3.530943, 1.000000
2145.490816, 3.670740, 1.000000
2145.475387, 3.815082, 1.000000
2145.448119, 3.957151, 1.000000
2145.409024, 4.096952, 1.000000
2145.393595, 4.241294, 1.000000
2145.366327, 4.383365, 1.000000
2145.303531, 4.518615, 1.000000
2145.288102, 4.662957, 1.000000
2145.248996, 4.802754, 1.000000
2145.221728, 4.944824, 1.000000
2145.206299, 5.089165, 1.000000
2145.167204, 5.228965, 1.000000
2145.139936, 5.371035, 1.000000
2145.148186, 5.519923, 1.000000
2145.144585, 5.666535, 1.000000
2145.117317, 5.808605, 1.000000
2145.078210, 5.948402, 1.000000
2144.991747, 6.079110, 1.000000
2144.937212, 6.363249, 1.000000
2144.909955, 6.505321, 1.000000
2144.894526, 6.649663, 1.000000
2144.879098, 6.794006, 1.000000
2144.839980, 6.933802, 1.000000
2144.800873, 7.073599, 1.000000
2144.797284, 7.220213, 1.000000
2144.770016, 7.362283, 1.000000
2144.730909, 7.502080, 1.000000
2144.644446, 7.632788, 1.000000
2144.617189, 7.774860, 1.000000
2144.625438, 7.923747, 1.000000
2144.621849, 8.070362, 1.000000
2144.594570, 8.212430, 1.000000
2144.579142, 8.356772, 1.000000
2144.540035, 8.496569, 1.000000
2144.512767, 8.638638, 1.000000
2144.485500, 8.780708, 1.000000
2144.458232, 8.922777, 1.000000
2144.442815, 9.067122, 1.000000
2144.427386, 9.211465, 1.000000
2144.423796, 9.358080, 1.000000
2144.396517, 9.500147, 1.000000
2144.381089, 9.644489, 0.000000
2144.341982, 9.784286, 0.000000
2144.314714, 9.926355, 0.000000
2144.275608, 10.066153, 0.000000
2144.248351, 10.208224, 0.000000
2144.170137, 10.487821, 1.000000
2144.142858, 10.629889, 1.000000
2144.115591, 10.771958, 1.000000
2144.112001, 10.918572, 1.000000
2144.096573, 11.062914, 1.000000
2144.045627, 11.200439, 1.000000
2144.018359, 11.342508, 1.000000
2144.026620, 11.491397, 0.000000
2144.023031, 11.638012, 0.000000
2144.019441, 11.784628, 0.000000
2144.027679, 11.933512, 0.000000
2144.024090, 12.080126, 0.000000
2144.020500, 12.226740, 0.000000
2144.069101, 12.347229, 0.000000
2143.366305, 12.376774, 1.000000
2143.353610, 12.524125, 1.000000
2143.313844, 12.661584, 1.000000
2143.313671, 12.807225, 1.000000
2143.372530, 12.962776, 1.000000
2143.395960, 13.112379, 1.000000
2143.372175, 13.254054, 1.000000
2143.348389, 13.395729, 1.000000
2143.324604, 13.537404, 1.000000
2143.312624, 13.681062, 1.000000
2143.277032, 13.820755, 1.000000
2143.241449, 13.960450, 1.000000
2143.253083, 14.108072, 1.000000
2143.241103, 14.251731, 0.000000
2143.205502, 14.391423, 0.000000
2143.181716, 14.533098, 0.000000
2143.157931, 14.674773, 0.000000
2143.122339, 14.814466, 0.000000
2143.098553, 14.956141, 0.000000
2143.074768, 15.097816, 0.000000
2143.039185, 15.237512, 0.000000
2143.015399, 15.379188, 0.000000
2142.991613, 15.520864, 0.000000
2142.956012, 15.660556, 0.000000
2142.932227, 15.802231, 0.000000
2142.908441, 15.943906, 0.000000
2142.872849, 16.083599, 0.000000
2142.849064, 16.225275, 0.000000
2142.825278, 16.366950, 0.000000
2142.789695, 16.506645, 0.000000
2142.765909, 16.648321, 0.000000
2142.742124, 16.789997, 0.000000
2142.706523, 16.929689, 0.000000
2142.682737, 17.071364, 0.000000
2142.658952, 17.213040, 0.000000
2142.623360, 17.352733, 0.000000
2142.599574, 17.494408, 0.000000
2142.575789, 17.636083, 0.000000
2142.540205, 17.775778, 0.000000
2142.516419, 17.917454, 1.000000
2142.492634, 18.059130, 1.000000
2142.457033, 18.198823, 1.000000
2142.445054, 18.342480, 1.000000
2142.433075, 18.486137, 1.000000
2142.421095, 18.629794, 1.000000
2142.397310, 18.771470, 1.000000
2142.361718, 18.911163, 1.000000
2142.326134, 19.050858, 1.000000
2142.302349, 19.192534, 1.000000
2142.278563, 19.334210, 1.000000
2142.266575, 19.477866, 1.000000
2142.254596, 19.621524, 1.000000
2142.207198, 19.759235, 1.000000
2142.171606, 19.898928, 1.000000
2142.147820, 20.040603, 1.000000
2142.124034, 20.182278, 1.000000
2142.100257, 20.323955, 1.000000
2142.076472, 20.465631, 1.000000
2142.052686, 20.607308, 1.000000
2142.017085, 20.747000, 1.000000
2141.993300, 20.888675, 1.000000
2141.969514, 21.030350, 1.000000
2141.945729, 21.172025, 1.000000
2141.921943, 21.313700, 1.000000
2141.898157, 21.455376, 1.000000
2141.838961, 21.591106, 1.000000
2141.826982, 21.734765, 1.000000
2141.826809, 21.880405, 1.000000
2142.050946, 22.063704, 1.000000
2142.003548, 22.201415, 1.000000
2142.050600, 22.354983, 1.000000
2142.015008, 22.494676, 1.000000
2142.003029, 22.638333, 1.000000
2141.979243, 22.780009, 1.000000
2141.943662, 22.919704, 1.000000
2141.919876, 23.061380, 1.000000
2141.896090, 23.203056, 1.000000
2141.872294, 23.344730, 1.000000
2141.860315, 23.488388, 1.000000
2141.836529, 23.630063, 1.000000
2141.800937, 23.769756, 1.000000
2141.788958, 23.913413, 1.000000
2141.765172, 24.055088, 1.000000
2141.753204, 24.198748, 1.000000
2141.729418, 24.340424, 1.000000
2141.717438, 24.484083, 1.000000
2141.693642, 24.625756, 1.000000
2141.681663, 24.769414, 1.000000
2141.657877, 24.911089, 1.000000
2141.688352, 25.037083, 1.000000
2141.605796, 25.173577, 1.000000
2141.596045, 25.321014, 1.000000
2141.574361, 25.458320, 1.000000
2141.553291, 25.603900, 1.000000
2141.532221, 25.749479, 1.000000
2141.511141, 25.895055, 1.000000
2141.502203, 26.042389, 1.000000
2141.493264, 26.189723, 1.000000
2141.472195, 26.335301, 1.000000
2141.438994, 26.479123, 1.000000
2141.417924, 26.624701, 1.000000
2141.384733, 26.768526, 1.000000
2141.351532, 26.912349, 1.000000
2141.330451, 27.057927, 1.000000
2141.309382, 27.203505, 1.000000
2141.288312, 27.349083, 1.000000
2141.279374, 27.496417, 1.000000
2141.258304, 27.641995, 1.000000
2141.237234, 27.787573, 1.000000
2141.216176, 27.933153, 1.000000
2141.195106, 28.078732, 1.000000
2141.186168, 28.226067, 1.000000
2141.165087, 28.371644, 1.000000
