1987.382204, 98.649706, 1.000000
1987.396777, 98.505237, 1.000000
1987.392659, 98.358674, 1.000000
1987.407274, 98.213792, 0.000000
1987.421889, 98.068910, 0.000000
1987.436503, 97.924028, 0.000000
1987.451118, 97.779146, 0.000000
1987.465733, 97.634264, 0.000000
1987.480347, 97.489382, 0.000000
1987.494962, 97.344500, 0.000000
1987.509577, 97.199618, 0.000000
1987.536265, 97.055953, 0.000000
1987.550880, 96.911071, 0.000000
1987.565495, 96.766189, 0.000000
1987.578165, 96.621236, 0.000000
1987.592764, 96.476501, 0.000000
1987.607364, 96.331767, 0.000000
1987.621964, 96.187032, 0.000000
1987.636564, 96.042298, 0.000000
1987.651164, 95.897564, 0.000000
1987.665764, 95.752829, 0.000000
1987.680363, 95.608095, 0.000000
1987.694963, 95.463361, 0.000000
1987.706075, 95.318475, 0.000000
1987.720648, 95.174006, 0.000000
1987.735221, 95.029537, 0.000000
1987.749794, 94.885067, 0.000000
1987.776406, 94.741813, 0.000000
1987.790979, 94.597343, 0.000000
1987.805552, 94.452874, 0.000000
1987.820126, 94.308405, 0.000000
1987.834699, 94.163936, 0.000000
1987.849272, 94.019466, 0.000000
1987.863845, 93.874997, 0.000000
1987.878418, 93.730528, 0.000000
1987.896160, 93.585503, 1.000000
1987.922986, 93.441102, 1.000000
1987.949811, 93.296701, 1.000000
1987.928094, 93.147403, 1.000000
1987.942784, 93.001778, 1.000000
1987.957473, 92.856153, 1.000000
1987.984298, 92.711752, 1.000000
1987.998988, 92.566127, 1.000000
1987.983941, 92.461092, 1.000000
1988.001801, 92.316923, 1.000000
1988.019660, 92.172753, 1.000000
1988.049534, 92.030072, 1.000000
1988.067393, 91.885902, 1.000000
1988.097267, 91.743221, 1.000000
1988.115126, 91.599052, 1.000000
1988.132986, 91.454882, 1.000000
1988.162859, 91.312201, 1.000000
1988.180719, 91.168032, 1.000000
1988.169761, 91.021892, 1.000000
1988.175767, 90.875666, 1.000000
1988.193832, 90.730946, 1.000000
1988.223958, 90.587732, 1.000000
1988.254083, 90.444517, 1.000000
1988.320389, 90.305819, 1.000000
1988.350514, 90.162605, 1.000000
1988.392700, 90.020896, 1.000000
1988.422825, 89.877681, 0.000000
1988.440891, 89.732961, 0.000000
1988.446896, 89.586735, 0.000000
1988.464962, 89.442015, 0.000000
1988.483027, 89.297295, 0.000000
1988.496831, 89.151561, 0.000000
1988.514968, 89.006272, 0.000000
1988.533105, 88.860982, 0.000000
1988.551241, 88.715692, 0.000000
1988.557270, 88.568891, 0.000000
1988.575407, 88.423601, 0.000000
1988.570433, 88.275716, 0.000000
1988.576391, 88.130642, 0.000000
1988.594314, 87.987061, 0.000000
1988.612237, 87.843481, 0.000000
1988.630161, 87.699900, 0.000000
1988.636119, 87.554826, 0.000000
1988.654042, 87.411246, 0.000000
1988.688191, 87.268567, 0.000000
1988.694199, 87.122274, 0.000000
1988.712273, 86.977487, 0.000000
1988.730347, 86.832700, 0.000000
1988.748421, 86.687913, 0.000000
1988.754429, 86.541620, 0.000000
1988.772503, 86.396833, 0.000000
1988.786938, 86.251823, 0.000000
1988.792934, 86.105807, 0.000000
1988.810974, 85.961294, 0.000000
1988.829014, 85.816782, 0.000000
1988.847053, 85.672269, 0.000000
1988.853050, 85.526253, 0.000000
1988.871090, 85.381740, 0.000000
1988.889129, 85.237227, 0.000000
1988.907169, 85.092714, 0.000000
1988.916464, 84.946938, 0.000000
1988.934535, 84.802172, 0.000000
1988.952607, 84.657405, 0.000000
1988.958614, 84.511133, 0.000000
1987.348062, 84.163064, 1.000000
1987.366133, 84.018297, 1.000000
1987.384205, 83.873531, 1.000000
1987.402276, 83.728764, 1.000000
1987.420646, 83.583943, 1.000000
1987.438740, 83.438995, 1.000000
1987.456834, 83.294047, 1.000000
1987.474928, 83.149099, 1.000000
1987.493021, 83.004151, 1.000000
1987.511115, 82.859203, 1.000000
1987.517130, 82.712748, 1.000000
1987.535224, 82.567800, 1.000000
1987.565397, 82.424360, 1.000000
1987.583491, 82.279412, 1.000000
1987.612908, 82.135915, 1.000000
1987.618904, 81.989915, 1.000000
1987.636941, 81.845419, 1.000000
1987.654979, 81.700922, 1.000000
1987.660975, 81.554922, 1.000000
1987.666972, 81.408922, 1.000000
1987.685009, 81.264425, 1.000000
1987.691005, 81.118425, 1.000000
1987.708395, 80.973848, 1.000000
1987.714372, 80.828338, 1.000000
1987.732349, 80.684327, 1.000000
1987.750326, 80.540316, 1.000000
1987.768303, 80.396305, 1.000000
1987.786280, 80.252294, 1.000000
1987.804257, 80.108282, 1.000000
1987.822234, 79.964271, 1.000000
1987.852212, 79.821758, 1.000000
1987.858188, 79.676249, 1.000000
1987.876165, 79.532238, 1.000000
1987.893982, 79.387197, 1.000000
1987.911179, 79.243054, 1.000000
1987.928377, 79.098911, 1.000000
1987.957586, 78.956202, 0.000000
1987.974784, 78.812059, 0.000000
1987.991981, 78.667916, 0.000000
1988.009179, 78.523773, 0.000000
1988.026376, 78.379630, 0.000000
1988.043574, 78.235487, 0.000000
1988.060772, 78.091344, 0.000000
1988.077969, 77.947201, 0.000000
1988.095167, 77.803058, 0.000000
1988.113250, 77.657276, 0.000000
1988.129862, 77.512103, 0.000000
1988.146473, 77.366930, 0.000000
1988.163085, 77.221757, 0.000000
1988.179697, 77.076584, 0.000000
1988.196309, 76.931411, 0.000000
1988.212921, 76.786238, 0.000000
1988.229533, 76.641065, 0.000000
1988.245753, 76.495990, 0.000000
1988.262333, 76.351098, 0.000000
1988.278913, 76.206206, 0.000000
1988.295492, 76.061315, 0.000000
1988.312072, 75.916423, 0.000000
1988.328652, 75.771531, 0.000000
1988.345231, 75.626640, 0.000000
1988.361811, 75.481748, 0.000000
1988.366316, 75.335475, 0.000000
1988.382896, 75.190583, 0.000000
1988.399492, 75.045687, 0.000000
1988.416073, 74.900783, 0.000000
1988.432654, 74.755879, 0.000000
1988.449235, 74.610975, 0.000000
1988.465816, 74.466071, 0.000000
1988.482398, 74.321167, 0.000000
1988.498979, 74.176263, 0.000000
1988.515560, 74.031358, 0.000000
1988.532141, 73.886454, 0.000000
1988.549246, 73.741575, 0.000000
1988.565874, 73.596255, 0.000000
1988.582503, 73.450936, 0.000000
1988.599132, 73.305616, 0.000000
1988.615760, 73.160296, 0.000000
1988.632389, 73.014976, 0.000000
1988.649018, 72.869656, 0.000000
1988.665646, 72.724337, 0.000000
1988.682275, 72.579017, 0.000000
1988.698904, 72.433697, 0.000000
1988.714710, 72.288602, 0.000000
1988.731267, 72.143911, 0.000000
1988.747823, 71.999220, 0.000000
1988.764380, 71.854530, 0.000000
1988.768879, 71.708459, 1.000000
1988.773378, 71.562389, 1.000000
1988.777877, 71.416319, 1.000000
1988.794434, 71.271628, 1.000000
1988.798933, 71.125557, 1.000000
1988.803432, 70.979487, 1.000000
1988.819824, 70.834886, 1.000000
1988.824318, 70.689000, 1.000000
1988.845347, 70.398606, 1.000000
1988.861883, 70.254098, 1.000000
1988.866376, 70.108212, 1.000000
1988.870870, 69.962326, 1.000000
1988.875363, 69.816440, 1.000000
1988.879857, 69.670554, 1.000000
1988.884350, 69.524668, 1.000000
1988.900886, 69.380160, 1.000000
1990.735179, 69.443683, 0.000000
1988.921898, 69.089843, 0.000000
1988.938428, 68.945384, 0.000000
1988.954958, 68.800925, 0.000000
1988.983527, 68.657844, 0.000000
1989.000057, 68.513385, 0.000000
1989.016587, 68.368926, 0.000000
1989.033117, 68.224467, 0.000000
1989.049647, 68.080008, 0.000000
1989.066483, 67.934785, 0.000000
1989.083112, 67.789465, 0.000000
1989.111850, 67.645531, 0.000000
1989.128479, 67.500211, 0.000000
1989.145108, 67.354892, 0.000000
1989.161736, 67.209572, 0.000000
1989.178365, 67.064252, 0.000000
1989.194994, 66.918932, 0.000000
1989.211622, 66.773613, 0.000000
1989.239992, 66.629910, 0.000000
1989.256527, 66.485402, 0.000000
1989.273063, 66.340894, 0.000000
1989.289599, 66.196386, 0.000000
1989.306135, 66.051878, 0.000000
1989.322671, 65.907370, 0.000000
1989.339206, 65.762862, 0.000000
1989.367784, 65.619732, 0.000000
1989.384320, 65.475224, 0.000000
1989.400856, 65.330716, 0.000000
1989.417392, 65.186208, 0.000000
1989.433658, 65.040849, 0.000000
1989.448766, 64.895929, 0.000000
1989.463874, 64.751009, 0.000000
1989.491058, 64.607347, 0.000000
1989.506166, 64.462427, 0.000000
1989.521274, 64.317507, 0.000000
1989.536382, 64.172587, 0.000000
1989.551490, 64.027667, 0.000000
1989.566598, 63.882746, 0.000000
1989.582449, 63.737475, 0.000000
1989.597651, 63.591334, 0.000000
1989.625032, 63.446460, 0.000000
1989.639360, 63.300444, 0.000000
1989.654430, 63.155581, 0.000000
1989.669499, 63.010719, 0.000000
1989.684568, 62.865857, 0.000000
1989.699638, 62.720994, 0.000000
1989.714707, 62.576132, 0.000000
1989.741848, 62.432526, 0.000000
1989.756918, 62.287663, 0.000000
1989.771987, 62.142801, 0.000000
1989.787056, 61.997939, 0.000000
1989.802126, 61.853076, 0.000000
1989.817195, 61.708214, 0.000000
1989.832265, 61.563352, 0.000000
1989.859406, 61.419745, 0.000000
1989.874475, 61.274883, 0.000000
1989.889545, 61.130020, 0.000000
1989.904380, 60.985134, 0.000000
1989.919420, 60.840552, 0.000000
1989.934460, 60.695971, 0.000000
1989.949500, 60.551390, 0.000000
1989.976589, 60.408062, 0.000000
1989.991629, 60.263480, 0.000000
1990.006801, 60.118901, 0.000000
1990.021856, 59.974177, 0.000000
1990.036911, 59.829454, 0.000000
1990.051966, 59.684730, 0.000000
1990.067021, 59.540007, 0.000000
1990.094517, 59.396255, 0.000000
1990.109608, 59.251183, 0.000000
1990.124700, 59.106111, 0.000000
1990.139791, 58.961040, 0.000000
1990.154882, 58.815968, 0.000000
1990.169973, 58.670896, 0.000000
1990.185064, 58.525824, 0.000000
1990.212245, 58.382010, 0.000000
1990.227336, 58.236939, 0.000000
1990.241948, 58.091926, 0.000000
1990.256994, 57.947286, 0.000000
1990.272041, 57.802646, 0.000000
1990.287087, 57.658006, 0.000000
1990.302133, 57.513366, 0.000000
1990.329233, 57.369980, 0.000000
1990.344279, 57.225340, 0.000000
1990.359325, 57.080699, 0.000000
1990.374372, 56.936059, 0.000000
1990.389418, 56.791419, 0.000000
1990.404438, 56.646780, 0.000000
1990.419482, 56.502162, 0.000000
1990.446578, 56.358797, 0.000000
1990.461622, 56.214179, 0.000000
1990.476666, 56.069560, 0.000000
1990.491710, 55.924942, 0.000000
1990.494702, 55.779070, 1.000000
1990.509746, 55.634452, 1.000000
1990.524790, 55.489833, 1.000000
1990.539834, 55.345215, 1.000000
1990.554878, 55.200597, 1.000000
1990.570796, 55.055707, 1.000000
1990.585915, 54.910371, 1.000000
1990.613145, 54.766296, 1.000000
1992.251176, 54.789784, 1.000000
1992.278406, 54.645709, 1.000000
1992.329859, 54.504153, 1.000000
1992.344977, 54.358818, 1.000000
1992.360096, 54.213482, 1.000000
1992.387326, 54.069406, 1.000000
1992.392966, 53.923333, 0.000000
1992.408008, 53.778734, 0.000000
1992.423050, 53.634135, 0.000000
1992.453134, 53.344938, 0.000000
1992.468176, 53.200339, 0.000000
1992.483218, 53.055740, 0.000000
1992.498260, 52.911141, 0.000000
1992.513302, 52.766542, 0.000000
1992.528344, 52.621943, 0.000000
1992.543386, 52.477344, 0.000000
1992.563755, 52.323860, 0.000000
1992.578107, 52.178841, 0.000000
1992.592460, 52.033823, 0.000000
1992.606812, 51.888804, 0.000000
1992.621164, 51.743786, 0.000000
1992.635517, 51.598767, 0.000000
1992.649869, 51.453749, 0.000000
1992.664221, 51.308730, 0.000000
1992.677422, 51.148445, 0.000000
1992.690583, 51.003477, 0.000000
1992.703744, 50.858510, 0.000000
1992.716905, 50.713542, 0.000000
1992.730066, 50.568575, 0.000000
1992.743227, 50.423607, 0.000000
1992.756388, 50.278640, 0.000000
1992.769549, 50.133673, 0.000000
1992.782710, 49.988705, 0.000000
1992.795871, 49.843738, 0.000000
1992.805706, 49.698577, 0.000000
1992.818844, 49.553868, 0.000000
1992.831981, 49.409159, 0.000000
1992.846582, 49.264516, 0.000000
1992.847662, 49.118598, 1.000000
1992.860809, 48.973775, 1.000000
1992.886026, 48.830048, 1.000000
1992.899174, 48.685225, 1.000000
1992.924390, 48.541498, 1.000000
1992.947879, 48.251598, 1.000000
1992.948963, 48.104953, 1.000000
1992.974306, 47.960510, 1.000000
1992.987519, 47.814965, 1.000000
1993.012861, 47.670522, 1.000000
1993.026074, 47.524978, 1.000000
1993.039288, 47.379434, 1.000000
1993.064630, 47.234991, 1.000000
1993.065714, 47.088345, 1.000000
1993.057258, 46.941393, 1.000000
1993.070404, 46.796588, 1.000000
1993.095617, 46.652879, 1.000000
1993.108764, 46.508074, 1.000000
1993.133977, 46.364365, 1.000000
1993.196471, 46.078042, 0.000000
1993.209617, 45.933237, 0.000000
1993.222763, 45.788432, 0.000000
1993.234635, 45.643584, 0.000000
1993.247772, 45.498875, 0.000000
1993.260910, 45.354166, 0.000000
1993.261988, 45.208362, 0.000000
1993.275126, 45.063653, 0.000000
1993.288263, 44.918944, 0.000000
1993.301401, 44.774235, 0.000000
1993.314538, 44.629526, 0.000000
1993.327676, 44.484817, 0.000000
1993.340813, 44.340108, 0.000000
1993.357373, 44.195493, 0.000000
1993.370534, 44.050525, 0.000000
1993.383695, 43.905558, 0.000000
1993.396856, 43.760590, 0.000000
1993.410017, 43.615623, 0.000000
1993.423178, 43.470656, 0.000000
1993.424258, 43.324591, 0.000000
1993.437419, 43.179624, 0.000000
1993.450580, 43.034656, 0.000000
1993.463741, 42.889689, 0.000000
1993.474997, 42.744670, 0.000000
1993.488144, 42.599848, 0.000000
1993.501292, 42.455025, 0.000000
1993.514440, 42.310202, 0.000000
1993.527588, 42.165380, 0.000000
1993.540736, 42.020557, 0.000000
1993.553884, 41.875735, 0.000000
1993.572128, 41.731277, 0.000000
1993.585311, 41.586065, 0.000000
1993.586394, 41.439755, 0.000000
1993.599577, 41.294544, 0.000000
1993.612760, 41.149332, 0.000000
1993.625943, 41.004121, 0.000000
1993.639126, 40.858909, 0.000000
1993.652309, 40.713698, 0.000000
1993.665493, 40.568486, 0.000000
1993.678676, 40.423275, 1.000000
1993.703960, 40.279162, 1.000000
1993.717143, 40.133950, 1.000000
1993.699623, 39.986078, 1.000000
1993.712760, 39.841369, 1.000000
1993.725898, 39.696660, 1.000000
1993.751094, 39.553046, 1.000000
1993.764232, 39.408337, 1.000000
1993.777370, 39.263628, 1.000000
1993.790507, 39.118918, 1.000000
1993.815704, 38.975304, 1.000000
1993.828841, 38.830595, 1.000000
1993.841979, 38.685886, 1.000000
1993.843967, 38.542248, 1.000000
1993.845209, 38.396364, 1.000000
1993.870579, 38.252698, 1.000000
1993.883885, 38.107924, 1.000000
1993.909255, 37.964258, 1.000000
1993.922561, 37.819483, 1.000000
1993.935867, 37.674708, 1.000000
1993.961237, 37.531042, 1.000000
1993.962478, 37.385159, 1.000000
1993.965120, 37.246695, 1.000000
1993.991072, 37.103002, 1.000000
1994.004953, 36.958153, 1.000000
1994.030904, 36.814461, 1.000000
1994.044785, 36.669611, 1.000000
1994.058666, 36.524762, 1.000000
1994.084618, 36.381070, 1.000000
1994.110569, 36.237377, 1.000000
1994.124450, 36.092528, 1.000000
1994.146210, 35.948564, 0.000000
1994.160061, 35.804027, 0.000000
1994.173912, 35.659489, 0.000000
1994.187763, 35.514951, 0.000000
1994.201614, 35.370413, 0.000000
1994.215465, 35.225876, 0.000000
1994.229316, 35.081338, 0.000000
1994.243167, 34.936800, 0.000000
1994.257018, 34.792262, 0.000000
1994.272508, 34.647800, 0.000000
1994.286370, 34.503140, 0.000000
1994.300233, 34.358481, 0.000000
1994.314095, 34.213822, 0.000000
1994.327958, 34.069162, 0.000000
1994.341821, 33.924503, 0.000000
1994.355683, 33.779844, 0.000000
1994.367003, 33.634344, 0.000000
1994.380933, 33.488976, 0.000000
1994.394864, 33.343607, 0.000000
1994.408794, 33.198239, 0.000000
1994.422725, 33.052870, 0.000000
1994.436656, 32.907502, 0.000000
1994.450586, 32.762133, 0.000000
1994.464517, 32.616765, 0.000000
1994.478447, 32.471397, 0.000000
1994.492378, 32.326028, 0.000000
1994.506309, 32.180660, 0.000000
1994.520239, 32.035291, 0.000000
1994.534170, 31.889923, 0.000000
1994.548100, 31.744554, 0.000000
1994.562031, 31.599186, 0.000000
1994.575962, 31.453817, 0.000000
1994.581625, 31.307865, 0.000000
1994.595496, 31.163115, 1.000000
1994.621430, 31.019521, 1.000000
1994.647364, 30.875927, 1.000000
1994.661235, 30.731177, 1.000000
1994.687169, 30.587583, 1.000000
1994.714911, 30.298083, 1.000000
1994.740845, 30.154489, 1.000000
1994.766779, 30.010896, 1.000000
1994.780650, 29.866146, 1.000000
1994.782459, 29.720240, 1.000000
1994.768477, 29.572457, 1.000000
1994.782408, 29.427088, 1.000000
1994.808452, 29.282881, 1.000000
1994.822383, 29.137512, 1.000000
1994.848427, 28.993305, 1.000000
1994.862358, 28.847936, 1.000000
1994.876289, 28.702568, 1.000000
1994.902333, 28.558360, 1.000000
1994.916264, 28.412992, 1.000000
1994.930194, 28.267623, 1.000000
1994.896592, 28.118189, 1.000000
1994.910443, 27.973651, 1.000000
1994.924294, 27.829113, 1.000000
1994.950189, 27.685730, 1.000000
1994.964040, 27.541192, 1.000000
1994.989936, 27.397808, 1.000000
1995.015832, 27.254425, 1.000000
1995.041728, 27.111041, 1.000000
1995.079668, 26.968812, 0.000000
1995.093519, 26.824274, 0.000000
1995.107370, 26.679736, 0.000000
1995.121221, 26.535199, 0.000000
1995.146706, 26.391007, 0.000000
1995.160636, 26.245639, 0.000000
1995.162453, 26.099109, 0.000000
1995.176383, 25.953741, 0.000000
1995.190314, 25.808372, 0.000000
1995.204245, 25.663004, 0.000000
1995.218175, 25.517636, 0.000000
1995.232106, 25.372267, 0.000000
1995.246036, 25.226899, 0.000000
1993.550785, 24.917958, 1.000000
1993.564666, 24.773109, 1.000000
1993.578547, 24.628260, 1.000000
1993.592428, 24.483410, 1.000000
1993.606309, 24.338561, 1.000000
1993.620190, 24.193712, 1.000000
1993.634070, 24.048863, 1.000000
1993.647951, 23.904013, 1.000000
1993.661832, 23.759164, 1.000000
1993.676658, 23.620591, 1.000000
1993.693565, 23.475409, 1.000000
1993.710472, 23.330227, 1.000000
1993.739477, 23.186454, 1.000000
1993.756384, 23.041272, 1.000000
1993.773290, 22.896090, 1.000000
1993.790197, 22.750908, 1.000000
1993.807104, 22.605726, 1.000000
1993.824011, 22.460544, 1.000000
1993.839090, 22.316922, 1.000000
1993.856341, 22.172716, 1.000000
1993.861575, 22.027072, 1.000000
1993.881190, 21.882410, 1.000000
1993.898572, 21.737111, 1.000000
1993.915954, 21.591813, 1.000000
1993.933335, 21.446514, 1.000000
1993.950717, 21.301216, 1.000000
1993.968099, 21.155918, 1.000000
1993.985481, 21.010619, 1.000000
1994.002164, 20.865348, 1.000000
1994.019506, 20.720379, 1.000000
1994.036849, 20.575410, 1.000000
1994.054191, 20.430441, 1.000000
1994.071534, 20.285472, 1.000000
1994.076796, 20.139058, 1.000000
1994.094138, 19.994089, 1.000000
1994.111481, 19.849120, 1.000000
1994.128823, 19.704151, 1.000000
1994.146166, 19.559182, 1.000000
1994.175589, 19.415658, 1.000000
1994.193651, 19.270497, 1.000000
1994.235249, 19.128095, 0.000000
1994.252631, 18.982797, 0.000000
1994.270013, 18.837498, 0.000000
1995.922003, 18.887747, 0.000000
1994.292669, 18.545453, 1.000000
1994.310051, 18.400154, 1.000000
1994.339541, 18.256304, 1.000000
1994.368041, 18.112680, 1.000000
1994.385374, 17.967789, 1.000000
1994.402708, 17.822897, 1.000000
1994.420041, 17.678006, 1.000000
1994.437374, 17.533114, 1.000000
1994.454708, 17.388223, 1.000000
1994.472041, 17.243331, 1.000000
1994.501448, 17.099884, 1.000000
1994.506491, 16.953553, 1.000000
1994.523813, 16.808753, 1.000000
1994.541136, 16.663952, 1.000000
1994.558458, 16.519152, 1.000000
1994.563714, 16.372908, 1.000000
1994.581036, 16.228108, 1.000000
1994.598359, 16.083308, 1.000000
1994.615681, 15.938507, 1.000000
1996.334407, 15.997245, 0.000000
1996.351729, 15.852445, 0.000000
1996.356985, 15.706201, 0.000000
1996.361885, 15.560738, 0.000000
1996.379102, 15.416823, 0.000000
1996.396318, 15.272908, 0.000000
1996.413535, 15.128994, 0.000000
1996.430751, 14.985079, 0.000000
1996.447967, 14.841164, 0.000000
1996.465184, 14.697250, 0.000000
1996.490131, 14.554026, 0.000000
1996.507414, 14.409558, 0.000000
1996.524696, 14.265090, 0.000000
1996.541979, 14.120621, 0.000000
1996.559262, 13.976153, 0.000000
1996.564505, 13.830245, 0.000000
1996.581788, 13.685777, 0.000000
1996.599070, 13.541308, 0.000000
1996.612723, 13.396428, 0.000000
1996.629975, 13.252222, 0.000000
1996.647226, 13.108016, 0.000000
1996.652460, 12.962372, 1.000000
1996.681729, 12.819604, 1.000000
1996.710997, 12.676836, 1.000000
1996.728248, 12.532630, 1.000000
1996.757517, 12.389861, 1.000000
1996.774768, 12.245655, 1.000000
1996.792019, 12.101449, 1.000000
1996.781432, 11.953561, 1.000000
1996.798755, 11.808761, 1.000000
1996.816077, 11.663961, 1.000000
1996.845466, 11.520604, 1.000000
1996.862788, 11.375804, 1.000000
1996.892177, 11.232447, 1.000000
1996.909500, 11.087646, 1.000000
1996.926822, 10.942846, 1.000000
1996.956211, 10.799489, 1.000000
1996.973534, 10.654689, 1.000000
1996.952868, 10.486822, 1.000000
1996.956769, 10.340806, 1.000000
1996.972728, 10.196119, 1.000000
1997.000743, 10.052762, 1.000000
1997.028759, 9.909405, 1.000000
1997.068832, 9.767378, 0.000000
1997.084790, 9.622691, 0.000000
1997.100749, 9.478004, 0.000000
1997.116707, 9.333317, 0.000000
1997.132665, 9.188631, 0.000000
1997.142260, 9.034690, 0.000000
1997.145518, 8.889156, 0.000000
1997.160797, 8.744895, 0.000000
1997.176077, 8.600635, 0.000000
1997.191357, 8.456374, 0.000000
1997.206636, 8.312114, 0.000000
1997.221916, 8.167853, 0.000000
1997.237196, 8.023593, 0.000000
1997.252475, 7.879332, 0.000000
1997.287717, 7.736945, 0.000000
1997.303148, 7.591251, 0.000000
1997.318579, 7.445558, 0.000000
1997.334011, 7.299865, 0.000000
1997.349442, 7.154172, 0.000000
1997.344133, 7.006751, 0.000000
1997.359499, 6.861676, 0.000000
1997.374865, 6.716601, 0.000000
1997.390231, 6.571526, 0.000000
1997.405597, 6.426451, 0.000000
1997.420963, 6.281376, 0.000000
1997.436329, 6.136301, 0.000000
1997.451694, 5.991226, 0.000000
1997.467060, 5.846151, 0.000000
1997.479046, 5.700861, 0.000000
1997.494386, 5.556029, 0.000000
1997.509726, 5.411198, 0.000000
1997.512997, 5.265088, 0.000000
1997.528337, 5.120256, 0.000000
1997.543677, 4.975424, 0.000000
1997.559017, 4.830592, 0.000000
1997.574357, 4.685761, 0.000000
1997.589697, 4.540929, 0.000000
1997.590469, 4.394646, 1.000000
1997.617844, 4.251274, 1.000000
1997.645219, 4.107901, 1.000000
1997.687915, 3.819878, 1.000000
1997.703236, 3.675229, 1.000000
1997.718557, 3.530579, 1.000000
1997.745932, 3.387206, 1.000000
1997.761252, 3.242557, 1.000000
1997.776573, 3.097907, 1.000000
1997.768520, 2.950759, 1.000000
1997.783847, 2.806057, 1.000000
1997.799173, 2.661354, 1.000000
1997.814500, 2.516652, 1.000000
1997.841884, 2.373227, 1.000000
1997.857211, 2.228524, 1.000000
1997.872537, 2.083822, 1.000000
1997.899922, 1.940396, 1.000000
1997.915249, 1.795694, 1.000000
1997.942634, 1.652269, 1.000000
1997.957960, 1.507566, 1.000000
1997.932782, 1.358652, 1.000000
1997.948076, 1.214262, 1.000000
1997.975401, 1.071147, 0.000000
1997.990695, 0.926756, 0.000000
1998.005988, 0.782366, 0.000000
1998.021282, 0.637976, 0.000000
1998.036575, 0.493586, 0.000000
1998.055878, 0.349499, 0.000000
1998.071202, 0.204822, 0.000000
1998.086526, 0.060145, 0.000000
1998.101849, -0.084533, 0.000000
1998.117173, -0.229210, 0.000000
1998.132497, -0.373888, 0.000000
1998.147821, -0.518565, 0.000000
1998.163145, -0.663242, 0.000000
1998.178468, -0.807920, 0.000000
1998.196497, -0.952490, 0.000000
1998.211842, -1.097360, 0.000000
1998.227186, -1.242230, 0.000000
1998.242530, -1.387101, 0.000000
1998.257874, -1.531971, 0.000000
1998.273219, -1.676842, 0.000000
1998.288563, -1.821712, 0.000000
1998.303907, -1.966583, 0.000000
1998.319251, -2.111453, 0.000000
1998.334596, -2.256323, 0.000000
1998.343706, -2.401516, 0.000000
1998.359003, -2.545941, 0.000000
1998.374300, -2.690366, 0.000000
1998.389597, -2.834792, 0.000000
1998.404894, -2.979217, 0.000000
1998.420191, -3.123642, 0.000000
1998.435488, -3.268067, 0.000000
1998.450785, -3.412492, 0.000000
1998.466082, -3.556917, 0.000000
1998.481380, -3.701342, 0.000000
1998.502850, -3.802688, 0.000000
1998.521257, -3.947389, 0.000000
1998.539664, -4.092090, 0.000000
1998.558072, -4.236791, 0.000000
1998.576479, -4.381492, 0.000000
1998.594887, -4.526193, 0.000000
1998.613294, -4.670894, 0.000000
1998.631701, -4.815595, 0.000000
1998.650109, -4.960296, 0.000000
1998.668516, -5.104997, 0.000000
1998.686924, -5.249698, 0.000000
1998.705331, -5.394399, 0.000000
1998.714425, -5.534576, 0.000000
1998.721151, -5.680166, 1.000000
1998.739879, -5.824196, 1.000000
1998.770610, -5.966665, 1.000000
1998.789339, -6.110695, 1.000000
1998.820070, -6.253164, 1.000000
1998.838798, -6.397194, 1.000000
1998.869529, -6.539663, 1.000000
1998.888258, -6.683693, 1.000000
1998.906986, -6.827723, 1.000000
1998.937717, -6.970192, 1.000000
1998.932441, -7.117343, 1.000000
1998.934053, -7.263976, 1.000000
1998.952846, -7.408500, 1.000000
1998.971639, -7.553025, 1.000000
1999.002475, -7.695983, 1.000000
1999.021268, -7.840507, 1.000000
1999.052105, -7.983466, 1.000000
1999.070897, -8.127990, 1.000000
1999.089690, -8.272514, 1.000000
1999.120527, -8.415473, 1.000000
1999.141093, -8.559767, 1.000000
1999.171956, -8.702849, 0.000000
1999.190765, -8.847500, 0.000000
1999.209574, -8.992150, 0.000000
1999.228384, -9.136800, 0.000000
1999.247193, -9.281451, 0.000000
1999.266002, -9.426101, 0.000000
1999.284811, -9.570751, 0.000000
1999.303620, -9.715401, 0.000000
1999.322429, -9.860052, 0.000000
1999.341238, -10.004702, 0.000000
1999.357432, -10.149583, 0.000000
1999.376218, -10.294050, 0.000000
1999.395003, -10.438517, 0.000000
1999.413788, -10.582983, 0.000000
1999.432574, -10.727450, 0.000000
1999.451359, -10.871917, 0.000000
1999.470144, -11.016383, 0.000000
1999.488929, -11.160850, 0.000000
1999.507715, -11.305317, 0.000000
1999.526500, -11.449783, 0.000000
1999.551184, -11.593589, 0.000000
1999.570023, -11.738471, 0.000000
1999.588863, -11.883353, 0.000000
1999.607702, -12.028235, 0.000000
1999.626541, -12.173117, 0.000000
1999.645381, -12.317999, 0.000000
1999.664220, -12.462881, 0.000000
1999.683059, -12.607763, 0.000000
1999.701898, -12.752645, 0.000000
1999.712163, -12.898285, 0.000000
1999.730924, -13.042565, 0.000000
1999.749685, -13.186845, 0.000000
1999.768446, -13.331125, 0.000000
1999.787207, -13.475405, 0.000000
1999.805968, -13.619685, 0.000000
1999.824729, -13.763966, 0.000000
1999.843490, -13.908246, 0.000000
1999.862251, -14.052526, 0.000000
1999.881012, -14.196806, 0.000000
1999.905034, -14.340527, 0.000000
1999.923843, -14.485177, 0.000000
1999.942653, -14.629828, 0.000000
1999.961462, -14.774478, 0.000000
1999.980271, -14.919128, 0.000000
1999.999080, -15.063779, 0.000000
2000.017889, -15.208429, 0.000000
2000.024644, -15.354647, 1.000000
2000.043453, -15.499297, 1.000000
2000.074317, -15.642380, 1.000000
2000.081072, -15.788597, 1.000000
2000.083262, -15.935107, 1.000000
2000.102029, -16.079434, 1.000000
2000.120796, -16.223761, 1.000000
2000.139563, -16.368088, 1.000000
2000.170358, -16.510851, 1.000000
2000.189125, -16.655178, 1.000000
2000.207892, -16.799505, 1.000000
2000.238686, -16.942268, 1.000000
2000.245426, -17.088159, 1.000000
2000.230689, -17.229977, 1.000000
2000.237938, -17.376088, 1.000000
2000.257228, -17.520592, 1.000000
2000.276519, -17.665096, 1.000000
2000.295810, -17.809599, 1.000000
2000.327143, -17.952496, 1.000000
2000.346434, -18.096999, 1.000000
2000.377767, -18.239896, 1.000000
2000.397058, -18.384400, 1.000000
2000.428391, -18.527296, 1.000000
2000.459724, -18.670192, 0.000000
2000.479015, -18.814696, 0.000000
2000.494142, -18.958106, 0.000000
2000.501481, -19.103925, 0.000000
2000.520838, -19.248130, 0.000000
2000.540194, -19.392336, 0.000000
2000.559550, -19.536541, 0.000000
2000.578906, -19.680747, 0.000000
2000.586245, -19.826565, 0.000000
2000.605601, -19.970771, 0.000000
2000.624111, -20.115074, 0.000000
2000.643459, -20.259219, 0.000000
2000.662807, -20.403364, 0.000000
2000.682155, -20.547509, 0.000000
2000.689491, -20.693266, 0.000000
2000.708839, -20.837411, 0.000000
2000.728187, -20.981556, 0.000000
2000.747535, -21.125700, 0.000000
2000.766883, -21.269845, 0.000000
2000.771128, -21.415960, 0.000000
2000.790446, -21.559881, 0.000000
2000.809764, -21.703801, 0.000000
2000.829082, -21.847722, 0.000000
2000.848399, -21.991642, 0.000000
2000.867717, -22.135563, 0.000000
2000.875042, -22.281093, 0.000000
2000.894360, -22.425014, 0.000000
2000.913678, -22.568934, 0.000000
2000.932996, -22.712855, 0.000000
2000.955399, -22.856513, 0.000000
2000.962735, -23.002271, 0.000000
2000.982083, -23.146415, 0.000000
2001.001431, -23.290560, 0.000000
2001.008767, -23.436317, 1.000000
2001.040128, -23.578850, 1.000000
2001.059476, -23.722995, 1.000000
2001.090836, -23.865527, 1.000000
2001.098172, -24.011284, 1.000000
2001.106332, -24.156972, 1.000000
2001.125689, -24.301177, 1.000000
2001.145045, -24.445383, 1.000000
2001.164401, -24.589588, 1.000000
2001.195774, -24.732181, 1.000000
2001.215131, -24.876386, 1.000000
2001.246504, -25.018979, 1.000000
2001.265860, -25.163184, 1.000000
2001.285216, -25.307390, 1.000000
2001.304573, -25.451595, 1.000000
2001.285744, -25.600886, 1.000000
2001.293075, -25.746544, 1.000000
2001.324414, -25.888980, 1.000000
2001.343749, -26.033027, 1.000000
2001.375088, -26.175462, 1.000000
2001.406427, -26.317898, 1.000000
2001.449769, -26.458723, 0.000000
2001.469104, -26.602769, 0.000000
2001.488439, -26.746816, 0.000000
2001.507774, -26.890863, 0.000000
2001.515105, -27.036521, 0.000000
2001.536627, -27.180423, 0.000000
2001.555983, -27.324628, 0.000000
2001.575339, -27.468834, 0.000000
2001.594696, -27.613039, 0.000000
2001.614052, -27.757245, 0.000000
2001.621391, -27.903063, 0.000000
2001.640747, -28.047269, 0.000000
2001.660103, -28.191474, 0.000000
2001.679459, -28.335680, 0.000000
2001.698816, -28.479885, 0.000000
2001.712263, -28.624664, 0.000000
2001.731561, -28.768436, 0.000000
2001.738878, -28.913817, 0.000000
2001.758176, -29.057590, 0.000000
2001.777474, -29.201363, 0.000000
2001.796773, -29.345135, 0.000000
2001.816071, -29.488908, 0.000000
2001.835369, -29.632680, 0.000000
2001.854667, -29.776453, 0.000000
2001.866320, -29.918773, 0.000000
2001.885861, -30.062857, 0.000000
2001.905403, -30.206940, 0.000000
2001.924945, -30.351024, 0.000000
2001.944486, -30.495108, 0.000000
2001.964028, -30.639192, 0.000000
2001.971563, -30.784904, 0.000000
2001.991105, -30.928987, 0.000000
2002.011562, -31.067071, 0.000000
2002.031555, -31.211215, 0.000000
2002.039536, -31.357025, 1.000000
2002.071541, -31.499502, 1.000000
2002.091534, -31.643646, 1.000000
2002.123539, -31.786124, 1.000000
2002.143532, -31.930268, 1.000000
2002.163524, -32.074412, 1.000000
2002.183517, -32.218556, 1.000000
2002.191339, -32.364386, 1.000000
2002.199319, -32.510184, 1.000000
2002.219311, -32.654316, 1.000000
2002.251313, -32.796782, 1.000000
2002.271304, -32.940914, 1.000000
2002.291295, -33.085046, 1.000000
2002.311286, -33.229178, 1.000000
2002.343289, -33.371645, 1.000000
2002.363280, -33.515777, 1.000000
2002.383271, -33.659909, 1.000000
2002.381081, -33.807129, 1.000000
2002.389069, -33.953067, 1.000000
2002.409080, -34.097338, 1.000000
2002.429090, -34.241609, 1.000000
2002.461123, -34.384213, 1.000000
2002.493156, -34.526816, 1.000000
2002.537212, -34.667752, 0.000000
2002.557222, -34.812023, 0.000000
2002.577233, -34.956293, 0.000000
2002.597243, -35.100564, 0.000000
2002.617254, -35.244835, 0.000000
2002.625242, -35.390774, 0.000000
2002.645252, -35.535044, 0.000000
2002.665263, -35.679315, 0.000000
2002.686719, -35.823476, 0.000000
2002.706744, -35.967854, 0.000000
2002.726769, -36.112232, 0.000000
2002.746795, -36.256610, 0.000000
2002.766820, -36.400987, 0.000000
2002.786845, -36.545365, 0.000000
2002.806871, -36.689743, 0.000000
2002.814864, -36.835789, 0.000000
2002.834890, -36.980167, 0.000000
2002.845665, -37.125418, 0.000000
2002.865594, -37.269106, 0.000000
2002.885524, -37.412794, 0.000000
2002.905454, -37.556482, 0.000000
2002.925383, -37.700170, 0.000000
2002.945313, -37.843858, 0.000000
2002.965243, -37.987546, 0.000000
2002.985172, -38.131234, 0.000000
2002.993128, -38.276583, 0.000000
2003.013058, -38.420271, 0.000000
2003.032987, -38.563960, 0.000000
2003.052917, -38.707648, 0.000000
2003.072846, -38.851336, 0.000000
2003.092776, -38.995024, 0.000000
2003.112706, -39.138712, 0.000000
2003.132635, -39.282400, 0.000000
1984.095528, 98.318169, 1.000000
1984.110102, 98.173699, 1.000000
1984.156960, 98.032278, 1.000000
1984.183648, 97.888614, 1.000000
1984.186190, 97.742514, 1.000000
1984.188731, 97.596414, 1.000000
1984.203346, 97.451532, 1.000000
1984.205887, 97.305432, 1.000000
1984.220502, 97.160550, 0.000000
1984.235116, 97.015668, 0.000000
1984.237657, 96.869568, 0.000000
1984.252272, 96.724686, 0.000000
1984.266887, 96.579804, 0.000000
1984.281502, 96.434922, 0.000000
1984.297519, 96.290306, 0.000000
1984.300058, 96.144355, 0.000000
1984.314658, 95.999621, 0.000000
1984.329258, 95.854886, 0.000000
1984.343857, 95.710152, 0.000000
1984.358457, 95.565418, 0.000000
1984.360996, 95.419467, 0.000000
1984.375596, 95.274732, 0.000000
1984.390196, 95.129998, 0.000000
1984.407360, 94.985723, 0.000000
1984.421933, 94.841254, 0.000000
1984.424467, 94.695570, 0.000000
1984.439040, 94.551101, 0.000000
1984.453613, 94.406632, 0.000000
1984.468186, 94.262162, 0.000000
1984.482759, 94.117693, 0.000000
1984.485293, 93.972009, 0.000000
1984.499866, 93.827540, 0.000000
1984.514439, 93.683071, 0.000000
1984.529012, 93.538602, 0.000000
1984.531546, 93.392918, 0.000000
1984.534649, 93.246416, 0.000000
1984.549339, 93.100791, 0.000000
1984.564029, 92.955166, 0.000000
1984.578718, 92.809541, 0.000000
1984.581273, 92.662692, 0.000000
1984.595962, 92.517067, 0.000000
1984.610652, 92.371442, 0.000000
1984.637477, 92.227041, 1.000000
1984.692071, 92.053301, 1.000000
1984.721945, 91.910620, 1.000000
1984.727790, 91.764962, 1.000000
1984.745650, 91.620792, 1.000000
1984.751495, 91.475135, 1.000000
1984.769354, 91.330965, 1.000000
1984.775200, 91.185307, 1.000000
1984.781045, 91.039649, 1.000000
1984.798905, 90.895480, 1.000000
1984.828778, 90.752799, 1.000000
1984.901501, 90.613913, 1.000000
1984.943687, 90.472204, 1.000000
1984.949692, 90.325978, 1.000000
1984.967758, 90.181258, 1.000000
1984.973763, 90.035033, 1.000000
1984.979769, 89.888807, 1.000000
1984.997834, 89.744087, 1.000000
1985.003840, 89.597862, 1.000000
1985.021905, 89.453142, 1.000000
1985.027911, 89.306916, 1.000000
1985.045976, 89.162196, 1.000000
1985.051982, 89.015971, 1.000000
1985.082107, 88.872756, 1.000000
1985.094629, 88.726862, 0.000000
1985.112766, 88.581572, 0.000000
1985.130902, 88.436283, 0.000000
1985.149039, 88.290993, 0.000000
1985.179283, 88.147214, 0.000000
1985.197420, 88.001925, 0.000000
1985.232186, 87.859000, 0.000000
1985.250110, 87.715420, 0.000000
1985.268033, 87.571839, 0.000000
1985.285956, 87.428259, 0.000000
1985.303879, 87.284678, 0.000000
1985.321803, 87.141098, 0.000000
1985.339726, 86.997517, 0.000000
1985.346023, 86.851362, 0.000000
1985.376163, 86.708081, 0.000000
1985.394236, 86.563294, 0.000000
1985.412310, 86.418507, 0.000000
1985.430384, 86.273720, 0.000000
1985.448458, 86.128933, 0.000000
1985.466532, 85.984146, 0.000000
1985.487228, 85.839919, 0.000000
1985.505268, 85.695406, 0.000000
1985.523307, 85.550893, 0.000000
1985.541347, 85.406380, 0.000000
1985.571429, 85.263371, 0.000000
1985.589469, 85.118858, 0.000000
1985.607509, 84.974345, 0.000000
1985.625548, 84.829832, 0.000000
1985.643588, 84.685319, 0.000000
1985.659217, 84.540334, 0.000000
1985.677289, 84.395567, 0.000000
1985.695360, 84.250801, 0.000000
1985.713431, 84.106034, 0.000000
1985.731502, 83.961268, 0.000000
1985.761638, 83.818007, 0.000000
1985.779709, 83.673241, 0.000000
1985.797780, 83.528474, 0.000000
1985.814140, 83.383402, 0.000000
1985.832234, 83.238454, 0.000000
1985.850327, 83.093506, 1.000000
1985.844263, 82.945542, 1.000000
1985.850278, 82.799087, 1.000000
1985.856293, 82.652631, 1.000000
1985.874387, 82.507683, 1.000000
1985.880402, 82.361227, 1.000000
1985.898496, 82.216279, 1.000000
1985.916590, 82.071331, 1.000000
1985.963236, 81.929986, 1.000000
1985.993315, 81.786992, 1.000000
1986.011352, 81.642495, 1.000000
1986.017349, 81.496495, 1.000000
1986.035386, 81.351999, 1.000000
1986.041382, 81.205999, 1.000000
1986.059420, 81.061502, 1.000000
1986.065416, 80.915502, 1.000000
1986.100271, 80.773104, 1.000000
1986.118248, 80.629093, 1.000000
1986.124224, 80.483584, 1.000000
1986.130200, 80.338075, 1.000000
1986.148177, 80.194063, 1.000000
1986.166154, 80.050052, 0.000000
1986.184131, 79.906041, 0.000000
1986.202108, 79.762030, 0.000000
1986.220085, 79.618019, 0.000000
1986.238062, 79.474008, 0.000000
1986.256039, 79.329996, 0.000000
1986.272374, 79.193725, 0.000000
1986.289571, 79.049582, 0.000000
1986.294757, 78.904006, 0.000000
1986.311954, 78.759863, 0.000000
1986.329152, 78.615720, 0.000000
1986.346349, 78.471577, 0.000000
1986.363547, 78.327434, 0.000000
1986.380745, 78.183291, 0.000000
1986.397942, 78.039148, 0.000000
1986.415140, 77.895005, 0.000000
1986.432337, 77.750862, 0.000000
1986.449535, 77.606719, 0.000000
1986.455858, 77.467624, 0.000000
1986.472470, 77.322451, 0.000000
1986.489082, 77.177278, 0.000000
1986.505694, 77.032105, 0.000000
1986.522305, 76.886932, 0.000000
1986.538917, 76.741759, 0.000000
1986.543431, 76.595201, 0.000000
1986.560043, 76.450028, 0.000000
1986.579499, 76.305323, 0.000000
1986.596079, 76.160432, 0.000000
1986.612659, 76.015540, 0.000000
1986.629238, 75.870648, 0.000000
1986.645818, 75.725757, 0.000000
1986.662398, 75.580865, 0.000000
1986.678977, 75.435974, 0.000000
1986.695557, 75.291082, 0.000000
1986.712137, 75.146190, 0.000000
1986.728717, 75.001299, 0.000000
1986.745170, 74.856386, 0.000000
1986.761751, 74.711482, 0.000000
1986.778333, 74.566578, 0.000000
1986.794914, 74.421674, 0.000000
1986.799419, 74.275388, 0.000000
1986.816000, 74.130484, 0.000000
1986.832582, 73.985580, 0.000000
1986.849163, 73.840676, 0.000000
1986.865744, 73.695772, 0.000000
1986.878068, 73.550345, 0.000000
1986.894697, 73.405026, 0.000000
1986.911325, 73.259706, 0.000000
1986.927954, 73.114386, 1.000000
1986.932473, 72.967681, 1.000000
1986.949101, 72.822361, 1.000000
1986.953620, 72.675655, 1.000000
1986.958139, 72.528950, 1.000000
1986.974767, 72.383630, 1.000000
1986.991396, 72.238310, 1.000000
1987.050767, 72.098200, 1.000000
1987.079381, 71.954889, 1.000000
1987.083880, 71.808819, 1.000000
1987.100437, 71.664128, 1.000000
1987.104936, 71.518058, 1.000000
1987.121493, 71.373367, 1.000000
1987.125992, 71.227296, 1.000000
1987.142549, 71.082606, 1.000000
1987.147048, 70.936535, 1.000000
1987.175662, 70.793224, 1.000000
1987.230236, 70.652992, 1.000000
1987.270857, 70.511240, 1.000000
1987.291886, 70.220846, 0.000000
1987.308422, 70.076338, 0.000000
1987.324958, 69.931830, 0.000000
1987.341493, 69.787322, 0.000000
1987.358029, 69.642814, 0.000000
1987.386607, 69.499684, 0.000000
1987.403143, 69.355176, 0.000000
1987.419679, 69.210668, 0.000000
1987.436703, 69.066245, 0.000000
1987.453233, 68.921786, 0.000000
1987.469764, 68.777327, 0.000000
1987.486294, 68.632868, 0.000000
1987.502824, 68.488410, 0.000000
1987.519354, 68.343951, 0.000000
1987.535884, 68.199492, 0.000000
1987.552414, 68.055033, 0.000000
1987.580983, 67.911952, 0.000000
1987.589065, 67.765727, 0.000000
1987.605694, 67.620407, 0.000000
1987.622323, 67.475087, 0.000000
1987.638951, 67.329768, 0.000000
1987.655580, 67.184448, 0.000000
1987.672209, 67.039128, 0.000000
1987.688837, 66.893808, 0.000000
1987.705466, 66.748488, 0.000000
1987.722095, 66.603169, 0.000000
1987.746742, 66.459041, 0.000000
1987.775320, 66.315911, 0.000000
1987.791856, 66.171403, 0.000000
1987.808392, 66.026895, 0.000000
1987.824928, 65.882387, 0.000000
1987.841464, 65.737879, 0.000000
1987.857999, 65.593371, 1.000000
1987.874535, 65.448863, 1.000000
1987.879029, 65.302977, 1.000000
1987.883522, 65.157091, 1.000000
1987.900058, 65.012583, 1.000000
1987.936149, 64.884734, 1.000000
1987.963334, 64.741073, 1.000000
1987.966365, 64.594893, 1.000000
1987.981473, 64.449973, 1.000000
1987.984504, 64.303794, 1.000000
1987.999612, 64.158874, 1.000000
1988.002643, 64.012695, 1.000000
1988.017751, 63.867774, 1.000000
1988.032859, 63.722854, 1.000000
1988.060151, 63.579117, 1.000000
1988.075353, 63.432976, 1.000000
1988.090555, 63.286835, 1.000000
1988.118306, 63.142215, 1.000000
1988.133375, 62.997353, 1.000000
1988.148444, 62.852491, 1.000000
1988.151442, 62.706373, 1.000000
1988.166511, 62.561510, 1.000000
1988.169509, 62.415392, 1.000000
1988.172506, 62.269274, 1.000000
1988.187576, 62.124412, 1.000000
1988.202645, 61.979549, 0.000000
1988.217715, 61.834687, 0.000000
1988.244856, 61.691080, 0.000000
1988.259925, 61.546218, 0.000000
1988.274995, 61.401356, 0.000000
1988.290064, 61.256493, 0.000000
1988.305133, 61.111631, 0.000000
1988.320203, 60.966769, 0.000000
1988.350131, 60.823452, 0.000000
1988.365171, 60.678871, 0.000000
1988.380211, 60.534289, 0.000000
1988.395251, 60.389708, 0.000000
1988.410291, 60.245127, 0.000000
1988.425331, 60.100545, 0.000000
1988.451023, 59.957060, 0.000000
1988.466078, 59.812337, 0.000000
1988.481133, 59.667613, 0.000000
1988.496188, 59.522890, 0.000000
1988.511243, 59.378166, 0.000000
1988.522907, 59.232767, 0.000000
1988.550087, 59.088953, 0.000000
1988.565179, 58.943881, 0.000000
1988.580270, 58.798810, 0.000000
1988.595361, 58.653738, 0.000000
1988.610452, 58.508666, 0.000000
1988.625543, 58.363594, 0.000000
1988.652724, 58.219780, 0.000000
1988.667815, 58.074709, 0.000000
1988.687067, 57.930179, 0.000000
1988.702113, 57.785539, 0.000000
1988.717160, 57.640899, 0.000000
1988.732206, 57.496259, 0.000000
1988.759306, 57.352872, 0.000000
1988.774352, 57.208232, 0.000000
1988.789398, 57.063592, 0.000000
1988.804444, 56.918952, 1.000000
1988.819491, 56.774312, 1.000000
1988.822484, 56.628418, 1.000000
1988.861843, 56.486311, 1.000000
1988.888938, 56.342946, 1.000000
1988.891931, 56.197074, 1.000000
1988.906975, 56.052456, 1.000000
1988.909967, 55.906584, 1.000000
1988.925011, 55.761965, 1.000000
1988.928004, 55.616093, 1.000000
1988.943048, 55.471475, 1.000000
1988.958092, 55.326857, 1.000000
1988.973136, 55.182238, 1.000000
1989.000231, 55.038873, 1.000000
1989.032663, 54.895701, 1.000000
1989.047781, 54.750366, 1.000000
1989.050789, 54.603771, 1.000000
1989.053796, 54.457175, 1.000000
1989.056803, 54.310580, 1.000000
1989.071922, 54.165244, 1.000000
1989.074929, 54.018649, 1.000000
1989.090048, 53.873314, 1.000000
1989.105166, 53.727978, 1.000000
1989.139491, 53.584889, 1.000000
1989.154533, 53.440290, 1.000000
1989.157525, 53.294437, 1.000000
1989.175559, 53.003986, 0.000000
1989.190601, 52.859387, 0.000000
1989.205643, 52.714788, 0.000000
1989.220685, 52.570190, 0.000000
1989.235727, 52.425591, 0.000000
1989.262819, 52.282245, 0.000000
1989.277861, 52.137646, 0.000000
1989.288754, 51.999737, 0.000000
1989.303106, 51.854718, 0.000000
1989.317459, 51.709700, 0.000000
1989.331811, 51.564681, 0.000000
1989.346163, 51.419663, 0.000000
1989.360516, 51.274644, 0.000000
1989.374868, 51.129626, 0.000000
1989.389220, 50.984607, 0.000000
1989.403574, 50.851225, 0.000000
1989.416735, 50.706258, 0.000000
1989.441977, 50.562387, 0.000000
1989.455138, 50.417420, 0.000000
1989.468299, 50.272452, 0.000000
1989.481460, 50.127485, 0.000000
1989.494621, 49.982517, 0.000000
1989.507782, 49.837550, 0.000000
1989.520943, 49.692583, 0.000000
1989.534104, 49.547615, 0.000000
1989.549753, 49.402982, 0.000000
1989.562890, 49.258273, 0.000000
1989.576028, 49.113564, 0.000000
1989.588073, 48.968689, 0.000000
1989.613290, 48.824962, 0.000000
1989.626438, 48.680140, 0.000000
1989.639586, 48.535317, 0.000000
1989.652733, 48.390494, 0.000000
1989.665881, 48.245672, 0.000000
1989.709518, 47.957601, 1.000000
1989.710603, 47.810955, 1.000000
1989.723816, 47.665411, 1.000000
1989.737030, 47.519867, 1.000000
1989.738114, 47.373221, 1.000000
1989.751328, 47.227677, 1.000000
1989.752412, 47.081032, 1.000000
1989.765626, 46.935487, 1.000000
1989.790968, 46.791044, 1.000000
1989.823285, 46.647794, 1.000000
1989.836432, 46.502989, 1.000000
1989.837511, 46.357089, 1.000000
1989.850657, 46.212284, 1.000000
1989.851736, 46.066384, 1.000000
1989.878029, 45.776774, 1.000000
1989.879108, 45.630874, 1.000000
1989.892254, 45.486069, 1.000000
1989.918386, 45.342516, 1.000000
1989.931524, 45.197807, 0.000000
1989.944661, 45.053098, 0.000000
1989.969858, 44.909483, 0.000000
1989.982995, 44.764774, 0.000000
1989.996133, 44.620065, 0.000000
1990.009270, 44.475356, 0.000000
1990.022408, 44.330647, 0.000000
1990.047605, 44.187033, 0.000000
1990.060742, 44.042324, 0.000000
1990.071444, 43.897177, 0.000000
1990.084605, 43.752209, 0.000000
1990.097766, 43.607242, 0.000000
1990.123008, 43.463371, 0.000000
1990.136169, 43.318404, 0.000000
1990.149330, 43.173436, 0.000000
1990.162491, 43.028469, 0.000000
1990.175652, 42.883501, 0.000000
1990.200894, 42.739631, 0.000000
1990.214055, 42.594663, 0.000000
1990.228556, 42.449939, 0.000000
1990.241704, 42.305117, 0.000000
1990.254852, 42.160294, 0.000000
1990.280068, 42.016567, 0.000000
1990.293216, 41.871744, 0.000000
1990.306364, 41.726922, 0.000000
1990.319512, 41.582099, 0.000000
1990.329072, 41.436853, 0.000000
1990.342255, 41.291641, 0.000000
1990.367539, 41.147528, 0.000000
1990.380722, 41.002317, 0.000000
1990.393905, 40.857105, 0.000000
1990.407088, 40.711894, 0.000000
1990.420271, 40.566682, 0.000000
1990.445556, 40.422569, 0.000000
1990.458739, 40.277358, 0.000000
1990.471922, 40.132146, 0.000000
1990.485105, 39.986935, 0.000000
1990.498288, 39.841723, 0.000000
1990.528083, 39.698147, 0.000000
1990.541221, 39.553438, 0.000000
1990.542299, 39.407634, 1.000000
1990.555437, 39.262925, 1.000000
1990.556515, 39.117121, 1.000000
1990.569653, 38.972412, 1.000000
1990.570731, 38.826608, 1.000000
1990.583869, 38.681899, 1.000000
1990.584947, 38.536095, 1.000000
1990.610144, 38.392481, 1.000000
1990.634794, 38.247303, 1.000000
1990.648100, 38.102528, 1.000000
1990.661406, 37.957753, 1.000000
1990.674712, 37.812978, 1.000000
1990.675953, 37.667095, 1.000000
1990.689259, 37.522320, 1.000000
1990.702565, 37.377545, 1.000000
1990.703806, 37.231662, 1.000000
1990.729176, 37.087996, 1.000000
1990.766365, 36.940160, 1.000000
1990.768175, 36.794154, 1.000000
1990.782056, 36.649304, 1.000000
1990.783866, 36.503298, 1.000000
1990.797747, 36.358449, 1.000000
1990.811628, 36.213600, 1.000000
1990.813438, 36.067594, 1.000000
1990.827319, 35.922744, 1.000000
1990.841200, 35.777895, 1.000000
1990.857975, 35.633454, 1.000000
1990.871826, 35.488916, 1.000000
1990.873633, 35.343224, 1.000000
1990.875439, 35.197532, 1.000000
1990.877245, 35.051840, 1.000000
1990.879051, 34.906148, 1.000000
1990.880857, 34.760456, 0.000000
1990.894708, 34.615919, 0.000000
1990.920604, 34.472535, 0.000000
1990.933288, 34.327804, 0.000000
1990.947150, 34.183144, 0.000000
1990.961013, 34.038485, 0.000000
1990.974876, 33.893826, 0.000000
1991.000793, 33.750321, 0.000000
1991.014656, 33.605662, 0.000000
1991.028519, 33.461003, 0.000000
1991.035642, 33.315101, 0.000000
1991.061687, 33.170894, 0.000000
1991.075617, 33.025525, 0.000000
1991.089548, 32.880157, 0.000000
1991.103479, 32.734788, 0.000000
1991.117409, 32.589420, 0.000000
1991.143454, 32.445212, 0.000000
1991.157384, 32.299844, 0.000000
1991.171315, 32.154475, 0.000000
1991.185246, 32.009107, 0.000000
1991.199176, 31.863738, 0.000000
1991.225221, 31.719531, 0.000000
1991.239151, 31.574162, 0.000000
1991.253082, 31.428794, 0.000000
1991.267013, 31.283426, 0.000000
1991.280943, 31.138057, 0.000000
1991.312690, 30.994604, 0.000000
1991.326561, 30.849854, 0.000000
1991.340433, 30.705104, 0.000000
1991.354304, 30.560354, 0.000000
1991.380238, 30.416760, 0.000000
1991.394109, 30.272011, 0.000000
1991.421852, 29.982511, 1.000000
1991.423661, 29.836605, 1.000000
1991.425469, 29.690699, 1.000000
1991.439341, 29.545949, 1.000000
1991.465275, 29.402355, 1.000000
1991.509801, 29.260179, 1.000000
1991.523731, 29.114811, 1.000000
1991.537662, 28.969442, 1.000000
1991.539478, 28.822913, 1.000000
1991.553409, 28.677544, 1.000000
1991.567340, 28.532176, 1.000000
1991.569156, 28.385647, 1.000000
1991.583087, 28.240278, 1.000000
1991.597017, 28.094910, 1.000000
1991.610948, 27.949541, 1.000000
1991.668581, 27.808850, 1.000000
1991.682432, 27.664312, 1.000000
1991.684238, 27.518620, 1.000000
1991.698089, 27.374082, 1.000000
1991.711940, 27.229544, 1.000000
1991.713746, 27.083852, 1.000000
1991.727597, 26.939315, 1.000000
1991.741448, 26.794777, 1.000000
1991.743255, 26.649085, 1.000000
1991.757106, 26.504547, 1.000000
1991.770957, 26.360009, 1.000000
1991.796852, 26.216626, 1.000000
1991.815345, 26.071764, 1.000000
1991.817162, 25.925235, 1.000000
1991.818978, 25.778706, 1.000000
1991.820795, 25.632176, 0.000000
1991.834725, 25.486808, 0.000000
1991.860770, 25.342600, 0.000000
1991.874701, 25.197232, 0.000000
1991.888631, 25.051863, 0.000000
1991.902562, 24.906495, 0.000000
1991.933302, 24.762955, 0.000000
1991.947182, 24.618106, 0.000000
1991.961063, 24.473257, 0.000000
1991.974944, 24.328408, 0.000000
1991.988825, 24.183558, 0.000000
1992.014777, 24.039866, 0.000000
1992.028657, 23.895017, 0.000000
1992.042538, 23.750167, 0.000000
1992.056419, 23.605318, 0.000000
1992.079656, 23.434617, 0.000000
1992.096563, 23.289435, 0.000000
1992.113470, 23.144253, 0.000000
1992.130376, 22.999071, 0.000000
1992.159382, 22.855298, 0.000000
1992.176288, 22.710116, 0.000000
1992.193195, 22.564934, 0.000000
1992.210102, 22.419752, 0.000000
1992.239107, 22.275979, 0.000000
1992.264841, 22.128595, 0.000000
1992.282092, 21.984389, 0.000000
1992.299343, 21.840183, 0.000000
1992.307123, 21.694105, 0.000000
1992.336613, 21.550255, 0.000000
1992.353995, 21.404957, 0.000000
1992.371377, 21.259658, 0.000000
1992.388759, 21.114360, 0.000000
1992.418249, 20.970510, 0.000000
1992.435631, 20.825211, 0.000000
1992.455828, 20.680361, 1.000000
1992.461090, 20.533947, 1.000000
1992.466351, 20.387533, 1.000000
1992.483694, 20.242564, 1.000000
1992.488956, 20.096149, 1.000000
1992.506298, 19.951180, 1.000000
1992.523641, 19.806211, 1.000000
1992.528903, 19.659797, 1.000000
1992.546245, 19.514828, 1.000000
1992.563588, 19.369859, 1.000000
1992.593011, 19.226335, 1.000000
1992.631692, 19.083641, 1.000000
1992.649074, 18.938342, 1.000000
1992.654348, 18.791595, 1.000000
1992.671730, 18.646297, 1.000000
1992.689112, 18.500998, 1.000000
1992.694386, 18.354251, 1.000000
1992.711768, 18.208953, 1.000000
1992.741258, 18.065103, 1.000000
1992.762161, 17.920570, 1.000000
1992.779494, 17.775678, 1.000000
1992.784753, 17.629342, 1.000000
1992.790012, 17.483006, 1.000000
1992.795271, 17.336670, 0.000000
1992.812604, 17.191779, 0.000000
1992.829937, 17.046887, 0.000000
1992.847271, 16.901996, 0.000000
1992.865421, 16.757233, 0.000000
1992.882743, 16.612433, 0.000000
1992.900066, 16.467632, 0.000000
1992.929455, 16.324275, 0.000000
1992.946777, 16.179475, 0.000000
1992.964099, 16.034675, 0.000000
1992.981422, 15.889875, 0.000000
1992.998744, 15.745074, 0.000000
1993.016067, 15.600274, 0.000000
1993.033389, 15.455474, 0.000000
1993.050711, 15.310673, 0.000000
1993.075833, 15.167630, 0.000000
1993.093050, 15.023715, 0.000000
1993.110266, 14.879800, 0.000000
1993.127483, 14.735885, 0.000000
1993.156692, 14.593405, 0.000000
1993.173908, 14.449491, 0.000000
1993.191125, 14.305576, 0.000000
1993.203479, 14.160846, 0.000000
1993.220762, 14.016378, 0.000000
1993.238045, 13.871909, 0.000000
1993.255327, 13.727441, 0.000000
1993.272610, 13.582973, 0.000000
1993.289893, 13.438505, 0.000000
1993.307175, 13.294037, 0.000000
1993.324458, 13.149568, 0.000000
1993.344054, 13.005399, 0.000000
1993.361305, 12.861193, 0.000000
1993.390574, 12.718425, 0.000000
1993.407825, 12.574219, 0.000000
1993.425076, 12.430013, 0.000000
1993.442328, 12.285807, 0.000000
1993.459579, 12.141601, 0.000000
1993.476830, 11.997395, 0.000000
1993.482064, 11.851751, 1.000000
1993.499315, 11.707545, 1.000000
1993.535492, 11.565251, 1.000000
1993.540748, 11.419008, 1.000000
1993.558070, 11.274207, 1.000000
1993.575392, 11.129407, 1.000000
1993.580648, 10.983163, 1.000000
1993.597970, 10.838363, 1.000000
1993.615293, 10.693563, 1.000000
1993.620548, 10.547319, 1.000000
1993.637871, 10.402518, 1.000000
1993.655193, 10.257718, 1.000000
1993.697415, 10.127759, 1.000000
1993.725430, 9.984402, 1.000000
1993.741389, 9.839715, 1.000000
1993.757347, 9.695028, 1.000000
1993.761248, 9.549011, 1.000000
1993.777207, 9.404324, 1.000000
1993.793165, 9.259638, 1.000000
1993.797066, 9.113621, 1.000000
1993.813025, 8.968934, 1.000000
1993.828983, 8.824247, 1.000000
1993.872354, 8.688351, 1.000000
1993.875612, 8.542818, 1.000000
1993.878870, 8.397284, 1.000000
1993.882128, 8.251750, 1.000000
1993.897408, 8.107489, 0.000000
1993.912687, 7.963229, 0.000000
1993.927967, 7.818968, 0.000000
1993.955268, 7.675981, 0.000000
1993.970548, 7.531721, 0.000000
1993.973198, 7.385881, 0.000000
1993.988630, 7.240188, 0.000000
1994.004061, 7.094495, 0.000000
1994.019492, 6.948802, 0.000000
1994.047065, 6.804394, 0.000000
1994.067856, 6.659738, 0.000000
1994.083221, 6.514663, 0.000000
1994.098587, 6.369588, 0.000000
1994.113953, 6.224513, 0.000000
1994.129319, 6.079438, 0.000000
1994.144685, 5.934363, 0.000000
1994.172140, 5.790568, 0.000000
1994.187506, 5.645493, 0.000000
1994.202872, 5.500418, 0.000000
1994.220332, 5.355708, 0.000000
1994.235672, 5.210877, 0.000000
1994.251012, 5.066045, 0.000000
1994.278421, 4.922491, 0.000000
1994.293762, 4.777660, 0.000000
1994.309102, 4.632828, 0.000000
1994.324442, 4.487996, 0.000000
1994.339782, 4.343164, 0.000000
1994.355122, 4.198333, 0.000000
1994.384070, 4.055034, 0.000000
1994.399391, 3.910385, 0.000000
1994.414712, 3.765735, 0.000000
1994.433299, 3.475159, 1.000000
1994.436566, 3.329233, 1.000000
1994.451887, 3.184583, 1.000000
1994.455154, 3.038657, 1.000000
1994.470474, 2.894008, 1.000000
1994.485795, 2.749358, 1.000000
1994.524772, 2.607192, 1.000000
1994.540099, 2.462489, 1.000000
1994.555425, 2.317787, 1.000000
1994.570752, 2.173084, 1.000000
1994.586078, 2.028382, 1.000000
1994.601405, 1.883679, 1.000000
1994.604673, 1.737700, 1.000000
1994.619999, 1.592997, 1.000000
1994.635325, 1.448295, 1.000000
1994.638593, 1.302315, 1.000000
1994.653920, 1.157612, 1.000000
1994.696036, 1.015826, 1.000000
1994.723362, 0.872711, 1.000000
1994.726623, 0.727046, 1.000000
1994.729883, 0.581381, 1.000000
1994.745177, 0.436991, 1.000000
1994.760470, 0.292601, 1.000000
1994.775764, 0.148211, 1.000000
1994.800637, 0.004714, 1.000000
1994.815961, -0.139963, 1.000000
1994.819228, -0.285917, 1.000000
1994.822495, -0.431872, 1.000000
1994.825763, -0.577826, 0.000000
1994.841086, -0.722504, 0.000000
1994.856410, -0.867181, 0.000000
1994.871734, -1.011858, 0.000000
1994.887058, -1.156536, 0.000000
1994.900695, -1.301571, 0.000000
1994.916039, -1.446441, 0.000000
1994.931383, -1.591312, 0.000000
1994.946728, -1.736182, 0.000000
1994.962072, -1.881053, 0.000000
1994.977416, -2.025923, 0.000000
1994.992760, -2.170793, 0.000000
1995.008105, -2.315664, 0.000000
1995.023449, -2.460534, 0.000000
1995.038793, -2.605405, 0.000000
1995.058036, -2.749524, 0.000000
1995.073333, -2.893949, 0.000000
1995.088630, -3.038374, 0.000000
1995.103927, -3.182800, 0.000000
1995.119224, -3.327225, 0.000000
1995.134521, -3.471650, 0.000000
1995.149819, -3.616075, 0.000000
1995.165116, -3.760500, 0.000000
1995.180413, -3.904925, 0.000000
1995.195710, -4.049350, 0.000000
1995.210902, -4.221456, 0.000000
1995.229309, -4.366157, 0.000000
1995.247717, -4.510858, 0.000000
1995.266124, -4.655559, 0.000000
1995.284532, -4.800260, 0.000000
1995.302939, -4.944961, 0.000000
1995.321346, -5.089662, 0.000000
1995.339754, -5.234363, 0.000000
1995.358161, -5.379064, 0.000000
1995.376569, -5.523765, 0.000000
1995.394976, -5.668466, 0.000000
1995.413383, -5.813167, 0.000000
1995.437746, -5.960649, 0.000000
1995.456474, -6.104679, 0.000000
1995.475203, -6.248708, 0.000000
1995.493931, -6.392738, 0.000000
1995.512660, -6.536768, 0.000000
1995.531388, -6.680798, 0.000000
1995.550117, -6.824828, 1.000000
1995.568845, -6.968858, 1.000000
1995.587574, -7.112888, 1.000000
1995.594300, -7.258478, 1.000000
1995.613028, -7.402508, 1.000000
1995.643759, -7.544977, 1.000000
1995.682255, -7.686814, 1.000000
1995.701048, -7.831338, 1.000000
1995.707797, -7.977428, 1.000000
1995.726590, -8.121953, 1.000000
1995.745383, -8.266477, 1.000000
1995.752132, -8.412568, 1.000000
1995.770924, -8.557092, 1.000000
1995.789717, -8.701616, 1.000000
1995.808510, -8.846141, 1.000000
1995.838245, -8.989242, 1.000000
1995.857054, -9.133893, 1.000000
1995.863809, -9.280110, 0.000000
1995.882618, -9.424761, 0.000000
1995.901427, -9.569411, 0.000000
1995.920236, -9.714061, 0.000000
1995.939045, -9.858711, 0.000000
1995.957855, -10.003362, 0.000000
1995.976664, -10.148012, 0.000000
1995.995473, -10.292662, 0.000000
1996.002228, -10.438880, 0.000000
1996.022660, -10.583210, 0.000000
1996.041446, -10.727677, 0.000000
1996.060231, -10.872144, 0.000000
1996.079016, -11.016610, 0.000000
1996.097801, -11.161077, 0.000000
1996.116587, -11.305544, 0.000000
1996.135372, -11.450010, 0.000000
1996.154157, -11.594477, 0.000000
1996.172943, -11.738943, 0.000000
1996.191728, -11.883410, 0.000000
1996.206822, -12.028462, 0.000000
1996.225662, -12.173344, 0.000000
1996.244501, -12.318227, 0.000000
1996.263340, -12.463109, 0.000000
1996.282180, -12.607991, 0.000000
1996.288945, -12.754443, 0.000000
1996.307785, -12.899325, 0.000000
1996.326624, -13.044207, 0.000000
1996.345463, -13.189089, 0.000000
1996.369675, -13.332915, 0.000000
1996.388436, -13.477195, 0.000000
1996.407197, -13.621475, 0.000000
1996.425958, -13.765756, 0.000000
1996.444719, -13.910036, 0.000000
1996.463480, -14.054316, 0.000000
1996.482241, -14.198596, 0.000000
1996.501002, -14.342876, 0.000000
1996.519763, -14.487156, 0.000000
1996.538524, -14.631436, 0.000000
1996.553969, -14.776273, 0.000000
1996.572779, -14.920923, 0.000000
1996.591588, -15.065573, 0.000000
1996.598343, -15.211791, 0.000000
1996.617152, -15.356441, 0.000000
1996.635961, -15.501091, 0.000000
1996.654770, -15.645742, 0.000000
1996.673579, -15.790392, 0.000000
1996.692388, -15.935042, 0.000000
1996.711198, -16.079693, 0.000000
1996.730007, -16.224343, 0.000000
1996.739687, -16.369879, 1.000000
1996.758454, -16.514206, 1.000000
1996.777221, -16.658533, 1.000000
1996.795988, -16.802860, 1.000000
1996.814755, -16.947187, 1.000000
1996.821495, -17.093078, 1.000000
1996.840262, -17.237405, 1.000000
1996.847002, -17.383296, 1.000000
1996.865769, -17.527623, 1.000000
1996.931185, -17.670452, 1.000000
1996.950476, -17.814956, 1.000000
1996.969766, -17.959460, 1.000000
1996.977015, -18.105571, 1.000000
1996.996306, -18.250075, 1.000000
1997.003555, -18.396186, 1.000000
1997.022846, -18.540690, 1.000000
1997.042137, -18.685194, 1.000000
1997.049386, -18.831306, 1.000000
1997.068677, -18.975809, 1.000000
1997.075926, -19.121921, 1.000000
1997.107259, -19.264817, 1.000000
1997.165398, -19.404912, 1.000000
1997.172738, -19.550730, 1.000000
1997.180077, -19.696549, 1.000000
1997.199433, -19.840754, 1.000000
1997.194755, -19.988186, 1.000000
1997.214111, -20.132391, 0.000000
1997.233467, -20.276597, 0.000000
1997.252823, -20.420802, 0.000000
1997.272744, -20.564917, 0.000000
1997.292092, -20.709061, 0.000000
1997.311440, -20.853206, 0.000000
1997.330788, -20.997351, 0.000000
1997.350136, -21.141496, 0.000000
1997.369484, -21.285641, 0.000000
1997.388832, -21.429786, 0.000000
1997.408180, -21.573930, 0.000000
1997.427528, -21.718075, 0.000000
1997.448962, -21.861883, 0.000000
1997.468280, -22.005803, 0.000000
1997.487598, -22.149724, 0.000000
1997.506916, -22.293645, 0.000000
1997.526234, -22.437565, 0.000000
1997.545552, -22.581486, 0.000000
1997.564870, -22.725406, 0.000000
1997.584188, -22.869327, 0.000000
1997.603506, -23.013247, 0.000000
1997.622824, -23.157168, 0.000000
1997.640069, -23.301519, 0.000000
1997.659417, -23.445663, 0.000000
1997.678765, -23.589808, 0.000000
1997.698113, -23.733953, 0.000000
1997.717461, -23.878098, 0.000000
1997.736809, -24.022243, 0.000000
1997.756157, -24.166388, 0.000000
1997.775505, -24.310532, 0.000000
1997.806865, -24.453065, 1.000000
1997.825657, -24.597326, 1.000000
1997.832996, -24.743144, 1.000000
1997.852352, -24.887350, 1.000000
1997.871709, -25.031555, 1.000000
1997.879048, -25.177374, 1.000000
1997.886387, -25.323192, 1.000000
1997.905743, -25.467398, 1.000000
1997.913082, -25.613216, 1.000000
1997.932438, -25.757422, 1.000000
1997.951794, -25.901627, 1.000000
1998.008677, -26.040755, 1.000000
1998.040016, -26.183191, 1.000000
1998.047347, -26.328849, 1.000000
1998.066682, -26.472896, 1.000000
1998.086016, -26.616943, 1.000000
1998.093347, -26.762601, 1.000000
1998.112682, -26.906648, 1.000000
1998.120013, -27.052306, 1.000000
1998.139348, -27.196353, 1.000000
1998.146679, -27.342011, 1.000000
1998.154010, -27.487670, 1.000000
1998.171832, -27.632068, 0.000000
1998.191188, -27.776273, 0.000000
1998.210544, -27.920479, 0.000000
1998.229900, -28.064684, 0.000000
1998.249257, -28.208890, 0.000000
1998.268613, -28.353095, 0.000000
1998.287969, -28.497301, 0.000000
1998.307325, -28.641506, 0.000000
1998.326681, -28.785712, 0.000000
1998.346038, -28.929917, 0.000000
1998.369549, -29.073345, 0.000000
1998.388847, -29.217117, 0.000000
1998.408145, -29.360890, 0.000000
1998.427443, -29.504663, 0.000000
1998.446741, -29.648435, 0.000000
1998.466040, -29.792208, 0.000000
1998.485338, -29.935980, 0.000000
1998.504636, -30.079753, 0.000000
1998.523934, -30.223526, 0.000000
1998.540387, -30.369861, 0.000000
1998.559929, -30.513944, 0.000000
1998.579471, -30.658028, 0.000000
1998.599013, -30.802112, 0.000000
1998.618554, -30.946195, 0.000000
1998.638096, -31.090279, 0.000000
1998.657638, -31.234363, 0.000000
1998.677179, -31.378446, 0.000000
1998.696251, -31.526907, 0.000000
1998.716244, -31.671051, 0.000000
1998.736237, -31.815195, 0.000000
1998.756230, -31.959338, 0.000000
1998.776223, -32.103482, 0.000000
1998.796216, -32.247626, 0.000000
1998.816209, -32.391770, 0.000000
1998.836202, -32.535914, 1.000000
1998.844182, -32.681724, 1.000000
1998.876302, -32.824184, 1.000000
1998.896293, -32.968316, 1.000000
1998.916285, -33.112448, 1.000000
1998.924265, -33.258246, 1.000000
1998.944256, -33.402378, 1.000000
1998.952236, -33.548176, 1.000000
1998.972227, -33.692308, 1.000000
1998.980208, -33.838106, 1.000000
1999.000199, -33.982238, 1.000000
1999.008179, -34.128036, 1.000000
1999.062851, -34.267370, 1.000000
1999.106907, -34.408306, 1.000000
1999.114895, -34.554244, 1.000000
1999.134905, -34.698515, 1.000000
1999.142893, -34.844453, 1.000000
1999.162904, -34.988724, 1.000000
1999.170892, -35.134663, 1.000000
1999.178879, -35.280601, 1.000000
1999.198890, -35.424872, 0.000000
1999.218900, -35.569143, 0.000000
1999.238911, -35.713414, 0.000000
1999.258921, -35.857685, 0.000000
1999.278932, -36.001956, 0.000000
1999.298942, -36.146226, 0.000000
1999.317906, -36.290733, 0.000000
1999.337931, -36.435111, 0.000000
1999.357956, -36.579489, 0.000000
1999.377982, -36.723866, 0.000000
1999.398007, -36.868244, 0.000000
1999.418032, -37.012622, 0.000000
1999.438058, -37.156999, 0.000000
1999.458083, -37.301377, 0.000000
1999.478108, -37.445755, 0.000000
1999.504916, -37.588782, 0.000000
1999.524846, -37.732470, 0.000000
1999.544775, -37.876158, 0.000000
1999.564705, -38.019846, 0.000000
1999.584635, -38.163534, 0.000000
1999.604564, -38.307222, 0.000000
1999.612520, -38.452571, 0.000000
1999.632450, -38.596259, 0.000000
1999.652379, -38.739948, 0.000000
1999.672309, -38.883636, 0.000000
1999.692238, -39.027324, 0.000000
1999.712168, -39.171012, 0.000000
1999.732098, -39.314700, 0.000000
1999.752027, -39.458388, 0.000000
1999.771957, -39.602076, 0.000000
1999.791887, -39.745764, 0.000000
