1998.036575, 0.493586, 0.000000
1998.055878, 0.349499, 0.000000
1998.071202, 0.204822, 0.000000
1998.086526, 0.060145, 0.000000
1998.101849, -0.084533, 0.000000
1998.117173, -0.229210, 0.000000
1998.132497, -0.373888, 0.000000
1998.147821, -0.518565, 0.000000
1998.163145, -0.663242, 0.000000
1998.178468, -0.807920, 0.000000
1998.196497, -0.952490, 0.000000
1998.211842, -1.097360, 0.000000
1998.227186, -1.242230, 0.000000
1998.242530, -1.387101, 0.000000
1998.257874, -1.531971, 0.000000
1998.273219, -1.676842, 0.000000
1998.288563, -1.821712, 0.000000
1998.303907, -1.966583, 0.000000
1998.319251, -2.111453, 0.000000
1998.334596, -2.256323, 0.000000
1998.343706, -2.401516, 0.000000
1998.359003, -2.545941, 0.000000
1998.374300, -2.690366, 0.000000
1998.389597, -2.834792, 0.000000
1998.404894, -2.979217, 0.000000
1998.420191, -3.123642, 0.000000
1998.435488, -3.268067, 0.000000
1998.450785, -3.412492, 0.000000
1998.466082, -3.556917, 0.000000
1998.481380, -3.701342, 0.000000
1998.502850, -3.802688, 0.000000
1998.521257, -3.947389, 0.000000
1998.539664, -4.092090, 0.000000
1998.558072, -4.236791, 0.000000
1998.576479, -4.381492, 0.000000
1998.594887, -4.526193, 0.000000
1998.613294, -4.670894, 0.000000
1998.631701, -4.815595, 0.000000
1998.650109, -4.960296, 0.000000
1998.668516, -5.104997, 0.000000
1998.686924, -5.249698, 0.000000
1998.705331, -5.394399, 0.000000
1998.714425, -5.534576, 0.000000
1998.721151, -5.680166, 1.000000
1998.739879, -5.824196, 1.000000
1998.770610, -5.966665, 1.000000
1998.789339, -6.110695, 1.000000
1998.820070, -6.253164, 1.000000
1998.838798, -6.397194, 1.000000
1998.869529, -6.539663, 1.000000
1998.888258, -6.683693, 1.000000
1998.906986, -6.827723, 1.000000
1998.937717, -6.970192, 1.000000
1998.932441, -7.117343, 1.000000
1998.934053, -7.263976, 1.000000
1998.952846, -7.408500, 1.000000
1998.971639, -7.553025, 1.000000
1999.002475, -7.695983, 1.000000
1999.021268, -7.840507, 1.000000
1999.052105, -7.983466, 1.000000
1999.070897, -8.127990, 1.000000
1999.089690, -8.272514, 1.000000
1999.120527, -8.415473, 1.000000
1999.141093, -8.559767, 1.000000
1999.171956, -8.702849, 0.000000
1999.190765, -8.847500, 0.000000
1999.209574, -8.992150, 0.000000
1999.228384, -9.136800, 0.000000
1999.247193, -9.281451, 0.000000
1999.266002, -9.426101, 0.000000
1999.284811, -9.570751, 0.000000
1999.303620, -9.715401, 0.000000
1999.322429, -9.860052, 0.000000
1999.341238, -10.004702, 0.000000
1999.357432, -10.149583, 0.000000
1999.376218, -10.294050, 0.000000
1999.395003, -10.438517, 0.000000
1999.413788, -10.582983, 0.000000
1999.432574, -10.727450, 0.000000
1999.451359, -10.871917, 0.000000
1999.470144, -11.016383, 0.000000
1999.488929, -11.160850, 0.000000
1999.507715, -11.305317, 0.000000
1999.526500, -11.449783, 0.000000
1999.551184, -11.593589, 0.000000
1999.570023, -11.738471, 0.000000
1999.588863, -11.883353, 0.000000
1999.607702, -12.028235, 0.000000
1999.626541, -12.173117, 0.000000
1999.645381, -12.317999, 0.000000
1999.664220, -12.462881, 0.000000
1999.683059, -12.607763, 0.000000
1999.701898, -12.752645, 0.000000
1999.712163, -12.898285, 0.000000
1999.730924, -13.042565, 0.000000
1999.749685, -13.186845, 0.000000
1999.768446, -13.331125, 0.000000
1999.787207, -13.475405, 0.000000
1999.805968, -13.619685, 0.000000
1999.824729, -13.763966, 0.000000
1999.843490, -13.908246, 0.000000
1999.862251, -14.052526, 0.000000
1999.881012, -14.196806, 0.000000
1999.905034, -14.340527, 0.000000
1999.923843, -14.485177, 0.000000
1999.942653, -14.629828, 0.000000
1999.961462, -14.774478, 0.000000
1999.980271, -14.919128, 0.000000
1999.999080, -15.063779, 0.000000
2000.017889, -15.208429, 0.000000
2000.024644, -15.354647, 1.000000
2000.043453, -15.499297, 1.000000
2000.074317, -15.642380, 1.000000
2000.081072, -15.788597, 1.000000
2000.083262, -15.935107, 1.000000
2000.102029, -16.079434, 1.000000
2000.120796, -16.223761, 1.000000
2000.139563, -16.368088, 1.000000
2000.170358, -16.510851, 1.000000
2000.189125, -16.655178, 1.000000
2000.207892, -16.799505, 1.000000
2000.238686, -16.942268, 1.000000
2000.245426, -17.088159, 1.000000
2000.230689, -17.229977, 1.000000
2000.237938, -17.376088, 1.000000
2000.257228, -17.520592, 1.000000
2000.276519, -17.665096, 1.000000
2000.295810, -17.809599, 1.000000
2000.327143, -17.952496, 1.000000
2000.346434, -18.096999, 1.000000
2000.377767, -18.239896, 1.000000
2000.397058, -18.384400, 1.000000
2000.428391, -18.527296, 1.000000
2000.459724, -18.670192, 0.000000
2000.479015, -18.814696, 0.000000
2000.494142, -18.958106, 0.000000
2000.501481, -19.103925, 0.000000
2000.520838, -19.248130, 0.000000
2000.540194, -19.392336, 0.000000
2000.559550, -19.536541, 0.000000
2000.578906, -19.680747, 0.000000
2000.586245, -19.826565, 0.000000
2000.605601, -19.970771, 0.000000
2000.624111, -20.115074, 0.000000
2000.643459, -20.259219, 0.000000
2000.662807, -20.403364, 0.000000
2000.682155, -20.547509, 0.000000
2000.689491, -20.693266, 0.000000
2000.708839, -20.837411, 0.000000
2000.728187, -20.981556, 0.000000
2000.747535, -21.125700, 0.000000
2000.766883, -21.269845, 0.000000
2000.771128, -21.415960, 0.000000
2000.790446, -21.559881, 0.000000
2000.809764, -21.703801, 0.000000
2000.829082, -21.847722, 0.000000
2000.848399, -21.991642, 0.000000
2000.867717, -22.135563, 0.000000
2000.875042, -22.281093, 0.000000
2000.894360, -22.425014, 0.000000
2000.913678, -22.568934, 0.000000
2000.932996, -22.712855, 0.000000
2000.955399, -22.856513, 0.000000
2000.962735, -23.002271, 0.000000
2000.982083, -23.146415, 0.000000
2001.001431, -23.290560, 0.000000
2001.008767, -23.436317, 1.000000
2001.040128, -23.578850, 1.000000
2001.059476, -23.722995, 1.000000
2001.090836, -23.865527, 1.000000
2001.098172, -24.011284, 1.000000
2001.106332, -24.156972, 1.000000
2001.125689, -24.301177, 1.000000
2001.145045, -24.445383, 1.000000
2001.164401, -24.589588, 1.000000
2001.195774, -24.732181, 1.000000
2001.215131, -24.876386, 1.000000
2001.246504, -25.018979, 1.000000
2001.265860, -25.163184, 1.000000
2001.285216, -25.307390, 1.000000
2001.304573, -25.451595, 1.000000
2001.285744, -25.600886, 1.000000
2001.293075, -25.746544, 1.000000
2001.324414, -25.888980, 1.000000
2001.343749, -26.033027, 1.000000
2001.375088, -26.175462, 1.000000
2001.406427, -26.317898, 1.000000
2001.449769, -26.458723, 0.000000
2001.469104, -26.602769, 0.000000
2001.488439, -26.746816, 0.000000
2001.507774, -26.890863, 0.000000
2001.515105, -27.036521, 0.000000
2001.536627, -27.180423, 0.000000
2001.555983, -27.324628, 0.000000
2001.575339, -27.468834, 0.000000
2001.594696, -27.613039, 0.000000
2001.614052, -27.757245, 0.000000
2001.621391, -27.903063, 0.000000
2001.640747, -28.047269, 0.000000
2001.660103, -28.191474, 0.000000
2001.679459, -28.335680, 0.000000
2001.698816, -28.479885, 0.000000
2001.712263, -28.624664, 0.000000
2001.731561, -28.768436, 0.000000
2001.738878, -28.913817, 0.000000
2001.758176, -29.057590, 0.000000
2001.777474, -29.201363, 0.000000
2001.796773, -29.345135, 0.000000
2001.816071, -29.488908, 0.000000
2001.835369, -29.632680, 0.000000
2001.854667, -29.776453, 0.000000
2001.866320, -29.918773, 0.000000
2001.885861, -30.062857, 0.000000
2001.905403, -30.206940, 0.000000
2001.924945, -30.351024, 0.000000
2001.944486, -30.495108, 0.000000
2001.964028, -30.639192, 0.000000
2001.971563, -30.784904, 0.000000
2001.991105, -30.928987, 0.000000
2002.011562, -31.067071, 0.000000
2002.031555, -31.211215, 0.000000
2002.039536, -31.357025, 1.000000
2002.071541, -31.499502, 1.000000
2002.091534, -31.643646, 1.000000
2002.123539, -31.786124, 1.000000
2002.143532, -31.930268, 1.000000
2002.163524, -32.074412, 1.000000
2002.183517, -32.218556, 1.000000
2002.191339, -32.364386, 1.000000
2002.199319, -32.510184, 1.000000
2002.219311, -32.654316, 1.000000
2002.251313, -32.796782, 1.000000
2002.271304, -32.940914, 1.000000
2002.291295, -33.085046, 1.000000
2002.311286, -33.229178, 1.000000
2002.343289, -33.371645, 1.000000
2002.363280, -33.515777, 1.000000
2002.383271, -33.659909, 1.000000
2002.381081, -33.807129, 1.000000
2002.389069, -33.953067, 1.000000
2002.409080, -34.097338, 1.000000
2002.429090, -34.241609, 1.000000
2002.461123, -34.384213, 1.000000
2002.493156, -34.526816, 1.000000
2002.537212, -34.667752, 0.000000
2002.557222, -34.812023, 0.000000
2002.577233, -34.956293, 0.000000
2002.597243, -35.100564, 0.000000
2002.617254, -35.244835, 0.000000
2002.625242, -35.390774, 0.000000
2002.645252, -35.535044, 0.000000
2002.665263, -35.679315, 0.000000
2002.686719, -35.823476, 0.000000
2002.706744, -35.967854, 0.000000
2002.726769, -36.112232, 0.000000
2002.746795, -36.256610, 0.000000
2002.766820, -36.400987, 0.000000
2002.786845, -36.545365, 0.000000
2002.806871, -36.689743, 0.000000
2002.814864, -36.835789, 0.000000
2002.834890, -36.980167, 0.000000
2002.845665, -37.125418, 0.000000
2002.865594, -37.269106, 0.000000
2002.885524, -37.412794, 0.000000
2002.905454, -37.556482, 0.000000
2002.925383, -37.700170, 0.000000
2002.945313, -37.843858, 0.000000
2002.965243, -37.987546, 0.000000
2002.985172, -38.131234, 0.000000
2002.993128, -38.276583, 0.000000
2003.013058, -38.420271, 0.000000
2003.032987, -38.563960, 0.000000
2003.052917, -38.707648, 0.000000
2003.072846, -38.851336, 0.000000
2003.092776, -38.995024, 0.000000
2003.112706, -39.138712, 0.000000
2003.132635, -39.282400, 0.000000
2003.152565, -39.426088, 0.000000
2003.172495, -39.569776, 0.000000
2003.180450, -39.715125, 0.000000
2003.199238, -39.858964, 0.000000
2003.219156, -40.002566, 0.000000
2003.239074, -40.146167, 0.000000
2003.258991, -40.289769, 0.000000
2003.266942, -40.435030, 1.000000
2003.286860, -40.578632, 1.000000
2003.318744, -40.720573, 1.000000
2003.338662, -40.864175, 1.000000
2003.368375, -41.006981, 1.000000
2003.388523, -41.152240, 1.000000
2003.420775, -41.295820, 1.000000
2003.440923, -41.441079, 1.000000
2003.461071, -41.586338, 1.000000
2003.456818, -41.734112, 1.000000
2003.488864, -41.876772, 1.000000
2003.508882, -42.021100, 1.000000
2003.528901, -42.165428, 1.000000
2003.560947, -42.308088, 1.000000
2003.580965, -42.452417, 1.000000
2003.600983, -42.596745, 1.000000
2003.639452, -42.738198, 0.000000
2003.659413, -42.882111, 0.000000
2003.679374, -43.026025, 0.000000
2003.687342, -43.171602, 0.000000
2003.707303, -43.315516, 0.000000
2003.727264, -43.459430, 0.000000
2003.747225, -43.603344, 0.000000
2003.755193, -43.748921, 0.000000
2003.775154, -43.892835, 0.000000
2003.795115, -44.036749, 0.000000
2003.812578, -44.193481, 0.000000
2003.831564, -44.337268, 0.000000
2003.838567, -44.482637, 0.000000
2003.857552, -44.626423, 0.000000
2003.876538, -44.770210, 0.000000
2003.895523, -44.913997, 0.000000
2003.902527, -45.059365, 0.000000
2003.921512, -45.203152, 0.000000
2003.940498, -45.346939, 0.000000
2003.957391, -45.486849, 0.000000
2003.976668, -45.630468, 0.000000
2003.983978, -45.775694, 0.000000
2004.003255, -45.919313, 0.000000
2004.022533, -46.062933, 0.000000
2004.041810, -46.206552, 0.000000
2004.049119, -46.351778, 0.000000
2004.068397, -46.495397, 0.000000
2004.100706, -46.637863, 0.000000
2004.120118, -46.782485, 0.000000
2004.139530, -46.927107, 0.000000
2004.146890, -47.073347, 0.000000
2004.166303, -47.217969, 0.000000
2004.185715, -47.362591, 0.000000
2004.205127, -47.507213, 0.000000
2004.212487, -47.653453, 0.000000
2004.231899, -47.798075, 0.000000
2004.239259, -47.944314, 1.000000
2004.238680, -48.091354, 1.000000
2004.270007, -48.233737, 1.000000
2004.289335, -48.377731, 1.000000
2004.308662, -48.521725, 1.000000
2004.339990, -48.664108, 1.000000
2004.359318, -48.808102, 1.000000
2004.377436, -48.952689, 1.000000
2004.396878, -49.097530, 1.000000
2004.428390, -49.240752, 1.000000
2004.447831, -49.385593, 1.000000
2004.467273, -49.530434, 1.000000
2004.486714, -49.675275, 1.000000
2004.474981, -49.824112, 1.000000
2004.494347, -49.968396, 1.000000
2004.513714, -50.112681, 1.000000
2004.545105, -50.255351, 1.000000
2004.564471, -50.399635, 1.000000
2004.583838, -50.543919, 1.000000
2004.603205, -50.688203, 1.000000
2004.634595, -50.830874, 1.000000
2004.641938, -50.976772, 1.000000
2004.651593, -51.122483, 1.000000
2004.683023, -51.265334, 0.000000
2004.702414, -51.409801, 0.000000
2004.721806, -51.554267, 0.000000
2004.741197, -51.698734, 0.000000
2004.772627, -51.841585, 0.000000
2004.792018, -51.986051, 0.000000
2004.811410, -52.130518, 0.000000
2004.830801, -52.274984, 0.000000
2004.845302, -52.420010, 0.000000
2004.864642, -52.564094, 0.000000
2004.895989, -52.706567, 0.000000
2004.915329, -52.850651, 0.000000
2004.934669, -52.994735, 0.000000
2004.954009, -53.138819, 0.000000
2004.973348, -53.282903, 0.000000
2004.992688, -53.426987, 0.000000
2005.012028, -53.571071, 0.000000
2005.051449, -53.712881, 0.000000
2005.070872, -53.857586, 0.000000
2005.090295, -54.002291, 0.000000
2005.109719, -54.146996, 0.000000
2005.129142, -54.291700, 0.000000
2005.148565, -54.436405, 0.000000
2005.167988, -54.581110, 0.000000
2005.199470, -54.724196, 0.000000
2005.206933, -54.870041, 0.000000
2005.226233, -55.013830, 0.000000
2005.245533, -55.157620, 0.000000
2005.264834, -55.301409, 0.000000
2005.284134, -55.445199, 0.000000
2005.303435, -55.588988, 0.000000
2005.334717, -55.731169, 0.000000
2005.354018, -55.874959, 0.000000
2005.373318, -56.018748, 0.000000
2005.392618, -56.162538, 0.000000
2005.418396, -56.305500, 0.000000
2005.437763, -56.449784, 0.000000
2005.457130, -56.594068, 0.000000
2005.488520, -56.736739, 0.000000
2005.507887, -56.881023, 0.000000
2005.527254, -57.025307, 0.000000
2005.534597, -57.171205, 1.000000
2005.568160, -57.374702, 1.000000
2005.595166, -57.518974, 1.000000
2005.610046, -57.664486, 1.000000
2005.624926, -57.809998, 1.000000
2005.651932, -57.954270, 1.000000
2005.666812, -58.099782, 1.000000
2005.693819, -58.244054, 1.000000
2005.708699, -58.389567, 1.000000
2005.723579, -58.535079, 1.000000
2005.726333, -58.681831, 1.000000
2005.706139, -58.810511, 1.000000
2005.722443, -58.955114, 1.000000
2005.750797, -59.098359, 1.000000
2005.767101, -59.242962, 1.000000
2005.783405, -59.387566, 1.000000
2005.792577, -59.533037, 1.000000
2005.808924, -59.678015, 1.000000
2005.825270, -59.822994, 1.000000
2005.853698, -59.966611, 1.000000
2005.882126, -60.110227, 1.000000
2005.898472, -60.255206, 1.000000
2005.926900, -60.398822, 0.000000
2005.943247, -60.543801, 0.000000
2005.959593, -60.688780, 0.000000
2005.975939, -60.833758, 0.000000
2005.980521, -60.979251, 0.000000
2005.996769, -61.123354, 0.000000
2006.013017, -61.267457, 0.000000
2006.017256, -61.412914, 0.000000
2006.033503, -61.557017, 0.000000
2006.049751, -61.701121, 0.000000
2006.065999, -61.845224, 0.000000
2006.082246, -61.989327, 0.000000
2006.100582, -62.133314, 0.000000
2006.116848, -62.277573, 0.000000
2006.133113, -62.421833, 0.000000
2006.149378, -62.566093, 0.000000
2006.165644, -62.710353, 0.000000
2006.181909, -62.854612, 0.000000
2006.198174, -62.998872, 0.000000
2006.214440, -63.143132, 0.000000
2006.230705, -63.287392, 0.000000
2006.245463, -63.432491, 0.000000
2006.261818, -63.577543, 0.000000
2006.278173, -63.722596, 0.000000
2006.294527, -63.867649, 0.000000
2006.310882, -64.012701, 0.000000
2006.327237, -64.157754, 0.000000
2006.343592, -64.302807, 0.000000
2006.359946, -64.447859, 0.000000
2006.376301, -64.592912, 0.000000
2006.392656, -64.737965, 0.000000
2006.403826, -64.883272, 0.000000
2006.420137, -65.027934, 0.000000
2006.436447, -65.172595, 0.000000
2006.440703, -65.318616, 0.000000
2006.457013, -65.463278, 0.000000
2006.473324, -65.607940, 0.000000
2006.489635, -65.752601, 0.000000
2006.507090, -65.897207, 0.000000
2006.523411, -66.041956, 0.000000
2006.539731, -66.186705, 0.000000
2006.543989, -66.332813, 1.000000
2006.572372, -66.476202, 1.000000
2006.600755, -66.619590, 1.000000
2006.617075, -66.764339, 1.000000
2006.645458, -66.907727, 1.000000
2006.661778, -67.052476, 1.000000
2006.690161, -67.195865, 1.000000
2006.706482, -67.340613, 1.000000
2006.727730, -67.485023, 1.000000
2006.744091, -67.630140, 1.000000
2006.772546, -67.773893, 1.000000
2006.788908, -67.919009, 1.000000
2006.817363, -68.062762, 1.000000
2006.833725, -68.207878, 1.000000
2006.850087, -68.352994, 1.000000
2006.793905, -68.503889, 1.000000
2006.798359, -68.650379, 1.000000
2006.826998, -68.794112, 1.000000
2006.843545, -68.939223, 1.000000
2006.872184, -69.082956, 1.000000
2006.888730, -69.228067, 1.000000
2006.917370, -69.371800, 1.000000
2006.933916, -69.516912, 1.000000
2006.962555, -69.660644, 1.000000
2006.991195, -69.804377, 0.000000
2007.007741, -69.949488, 0.000000
2007.012195, -70.095979, 0.000000
2007.020635, -70.233942, 0.000000
2007.037701, -70.378426, 0.000000
2007.054767, -70.522909, 0.000000
2007.059793, -70.668815, 0.000000
2007.076860, -70.813298, 0.000000
2007.093926, -70.957781, 0.000000
2007.110992, -71.102265, 0.000000
2007.128058, -71.246748, 0.000000
2007.133084, -71.392653, 0.000000
2007.158105, -71.536758, 0.000000
2007.175242, -71.681844, 0.000000
2007.192380, -71.826930, 0.000000
2007.197427, -71.973445, 0.000000
2007.214564, -72.118531, 0.000000
2007.231702, -72.263617, 0.000000
2007.248839, -72.408703, 0.000000
2007.253886, -72.555218, 0.000000
2007.261608, -72.701293, 0.000000
2007.278660, -72.845652, 0.000000
2007.295711, -72.990010, 0.000000
2007.312763, -73.134369, 0.000000
2007.317784, -73.280148, 0.000000
2007.334836, -73.424506, 0.000000
2007.351887, -73.568865, 0.000000
2007.368939, -73.713223, 0.000000
2007.373960, -73.859003, 0.000000
2007.391012, -74.003361, 0.000000
2007.410651, -74.147499, 0.000000
2007.427727, -74.292060, 0.000000
2007.444802, -74.436620, 0.000000
2007.449831, -74.582604, 0.000000
2007.466906, -74.727165, 0.000000
2007.483982, -74.871725, 0.000000
2007.501057, -75.016286, 0.000000
2007.506086, -75.162269, 0.000000
2007.523161, -75.306830, 0.000000
2007.528190, -75.452814, 1.000000
2007.533218, -75.598797, 1.000000
2007.547274, -75.743490, 1.000000
2007.564321, -75.887810, 1.000000
2007.610441, -76.175028, 1.000000
2007.627488, -76.319348, 1.000000
2007.644535, -76.463667, 1.000000
2007.673608, -76.606566, 1.000000
2007.690655, -76.750886, 1.000000
2007.695676, -76.896626, 1.000000
2007.722207, -77.040461, 1.000000
2007.739343, -77.185533, 1.000000
2007.768568, -77.329178, 1.000000
2007.797794, -77.472822, 0.000000
2007.814929, -77.617894, 0.000000
2007.832065, -77.762967, 0.000000
2007.849201, -77.908039, 0.000000
2007.866337, -78.053111, 0.000000
2007.883473, -78.198184, 0.000000
2007.893494, -78.343860, 0.000000
2007.898521, -78.489795, 0.000000
2007.915591, -78.634308, 0.000000
2007.932661, -78.778821, 0.000000
2007.949730, -78.923334, 0.000000
2007.966800, -79.067847, 0.000000
2007.983870, -79.212359, 0.000000
2008.000940, -79.356872, 0.000000
2008.018009, -79.501385, 0.000000
2008.039826, -79.645433, 0.000000
2008.056940, -79.790322, 0.000000
2008.074054, -79.935211, 0.000000
2008.091168, -80.080100, 0.000000
2008.108283, -80.224989, 0.000000
2008.113323, -80.371305, 0.000000
2008.130437, -80.516194, 0.000000
2008.147551, -80.661083, 0.000000
2008.164665, -80.805972, 0.000000
2008.181780, -80.950861, 0.000000
2008.204186, -81.095232, 0.000000
2008.221351, -81.240544, 0.000000
2008.238515, -81.385855, 0.000000
2008.255679, -81.531167, 0.000000
2008.272843, -81.676479, 0.000000
2008.290007, -81.821790, 0.000000
2008.307171, -81.967102, 0.000000
2008.324335, -82.112413, 0.000000
2008.318668, -82.260349, 0.000000
2008.335730, -82.404797, 0.000000
2008.352793, -82.549246, 0.000000
2008.369855, -82.693695, 0.000000
2008.391460, -82.822428, 0.000000
2008.409793, -82.967225, 0.000000
2008.428125, -83.112023, 0.000000
2008.434391, -83.258348, 1.000000
2008.464790, -83.401618, 1.000000
2008.483123, -83.546416, 1.000000
2008.501456, -83.691213, 1.000000
2008.519788, -83.836011, 1.000000
2008.509866, -83.982623, 1.000000
2008.516261, -84.128620, 1.000000
2008.534695, -84.273081, 1.000000
2008.553129, -84.417542, 1.000000
2008.571563, -84.562003, 1.000000
2008.589997, -84.706464, 1.000000
2008.608431, -84.850926, 1.000000
2008.638903, -84.993850, 1.000000
2008.645299, -85.139848, 1.000000
2008.667793, -85.284015, 1.000000
2008.686270, -85.428808, 1.000000
2008.704746, -85.573600, 1.000000
2008.723222, -85.718393, 1.000000
2008.753764, -85.861646, 1.000000
2008.772240, -86.006438, 1.000000
2008.790717, -86.151231, 1.000000
2008.797115, -86.297481, 1.000000
2008.815465, -86.441289, 1.000000
2008.845800, -86.583567, 0.000000
2008.864150, -86.727374, 0.000000
2008.870517, -86.872711, 0.000000
2008.888867, -87.016518, 0.000000
2008.907218, -87.160326, 0.000000
2008.938673, -87.302461, 0.000000
2008.957160, -87.447338, 0.000000
2008.963574, -87.593756, 0.000000
2008.982061, -87.738633, 0.000000
2009.000548, -87.883510, 0.000000
2009.019035, -88.028387, 0.000000
2009.037522, -88.173265, 0.000000
2009.043936, -88.319682, 0.000000
2009.062423, -88.464560, 0.000000
2009.084117, -88.609140, 0.000000
2009.102637, -88.754281, 0.000000
2009.121158, -88.899423, 0.000000
2009.127584, -89.046107, 0.000000
2009.146105, -89.191249, 0.000000
2009.164625, -89.336390, 0.000000
2009.183146, -89.481532, 0.000000
2009.201667, -89.626673, 0.000000
2009.220187, -89.771815, 0.000000
2009.215272, -89.919306, 0.000000
2009.233672, -90.063503, 0.000000
2009.252073, -90.207699, 1.000000
2009.282489, -90.350362, 1.000000
2009.312906, -90.493026, 1.000000
2009.331306, -90.637222, 1.000000
2009.361722, -90.779885, 1.000000
2009.380122, -90.924082, 1.000000
2009.398523, -91.068278, 1.000000
2009.404906, -91.214008, 1.000000
2009.384090, -91.363715, 1.000000
2009.402586, -91.508660, 1.000000
2009.421081, -91.653604, 1.000000
2009.451656, -91.797007, 1.000000
2009.470151, -91.941951, 1.000000
2009.464489, -92.089978, 1.000000
2009.468531, -92.236577, 1.000000
2009.487001, -92.381319, 1.000000
2009.517532, -92.524521, 1.000000
2009.536002, -92.669262, 1.000000
2009.554472, -92.814003, 1.000000
2009.585003, -92.957205, 1.000000
2009.603473, -93.101947, 1.000000
2009.634004, -93.245149, 1.000000
2009.650825, -93.390041, 1.000000
2009.681327, -93.533106, 0.000000
2009.699779, -93.677709, 0.000000
2009.718231, -93.822311, 0.000000
2009.736683, -93.966914, 0.000000
2009.755135, -94.111517, 0.000000
2009.773587, -94.256119, 0.000000
2009.792039, -94.400722, 0.000000
2009.809862, -94.558986, 0.000000
2009.827167, -94.703536, 0.000000
2009.844473, -94.848086, 0.000000
2009.861778, -94.992635, 0.000000
2009.879084, -95.137185, 0.000000
2009.896389, -95.281735, 0.000000
2009.913695, -95.426285, 0.000000
2009.931000, -95.570834, 0.000000
2009.948306, -95.715384, 0.000000
2009.965611, -95.859934, 0.000000
2009.982917, -96.004484, 0.000000
2010.000222, -96.149033, 0.000000
2010.017528, -96.293583, 0.000000
2010.037112, -96.459152, 0.000000
2010.064724, -96.602635, 0.000000
2010.080270, -96.747412, 0.000000
2010.095816, -96.892190, 0.000000
2010.111363, -97.036968, 0.000000
2010.126909, -97.181746, 0.000000
2010.142456, -97.326524, 0.000000
2010.158002, -97.471302, 0.000000
2010.173549, -97.616080, 0.000000
2010.187102, -97.761044, 0.000000
2010.202631, -97.905656, 0.000000
2010.218159, -98.050268, 0.000000
2010.233688, -98.194880, 0.000000
2010.249216, -98.339492, 0.000000
2010.264745, -98.484104, 0.000000
2010.280274, -98.628716, 0.000000
2010.295802, -98.773328, 0.000000
2010.311331, -98.917940, 0.000000
2010.326859, -99.062552, 0.000000
2010.342388, -99.207164, 0.000000
2010.357917, -99.351776, 0.000000
2010.377422, -99.496266, 0.000000
2010.380907, -99.642504, 1.000000
2010.408549, -99.786147, 1.000000
2010.436192, -99.929791, 1.000000
2010.463834, -100.073435, 1.000000
2010.479398, -100.218376, 1.000000
2010.494962, -100.363316, 1.000000
2010.522604, -100.506960, 1.000000
2010.526090, -100.653198, 1.000000
2010.512889, -100.801700, 1.000000
2010.540651, -100.945960, 1.000000
2010.556281, -101.091524, 1.000000
2010.571912, -101.237087, 1.000000
2010.599673, -101.381348, 1.000000
2010.615304, -101.526912, 1.000000
2010.630935, -101.672475, 1.000000
2010.634435, -101.819341, 1.000000
2010.616289, -101.967859, 1.000000
2010.643897, -102.111329, 1.000000
2010.659442, -102.256094, 1.000000
2010.687051, -102.399564, 1.000000
2010.714660, -102.543033, 1.000000
2010.742269, -102.686503, 1.000000
2010.781942, -102.828678, 0.000000
2010.797487, -102.973443, 0.000000
2010.813032, -103.118208, 0.000000
2010.844959, -103.407717, 0.000000
2010.848441, -103.553845, 0.000000
2010.863994, -103.698678, 0.000000
2010.879546, -103.843510, 0.000000
2010.895098, -103.988343, 0.000000
2010.910651, -104.133175, 0.000000
2010.919642, -104.278622, 0.000000
2010.935137, -104.422920, 0.000000
2010.950631, -104.567217, 0.000000
2010.966126, -104.711515, 0.000000
2010.969596, -104.857104, 0.000000
2010.985091, -105.001402, 0.000000
2011.000586, -105.145699, 0.000000
2011.016081, -105.289997, 0.000000
2011.031576, -105.434295, 0.000000
2011.047071, -105.578592, 0.000000
2011.062566, -105.722890, 0.000000
2011.078060, -105.867188, 0.000000
2011.093555, -106.011485, 0.000000
2011.109050, -106.155783, 0.000000
2011.112520, -106.301372, 0.000000
2011.128015, -106.445670, 0.000000
2011.143510, -106.589967, 0.000000
2011.159005, -106.734265, 0.000000
2011.174500, -106.878563, 0.000000
2011.191752, -107.022672, 0.000000
2011.207262, -107.167115, 0.000000
2011.222773, -107.311558, 0.000000
2011.238283, -107.456001, 0.000000
2011.253794, -107.600444, 0.000000
2011.257267, -107.746180, 0.000000
2011.272778, -107.890623, 0.000000
2011.288288, -108.035066, 0.000000
2011.303799, -108.179509, 0.000000
2011.308080, -108.336874, 1.000000
2011.334658, -108.480180, 1.000000
2011.349194, -108.624698, 1.000000
2011.375772, -108.768005, 1.000000
2011.390307, -108.912522, 1.000000
2011.404842, -109.057040, 1.000000
2011.431420, -109.200347, 1.000000
2011.445955, -109.344864, 1.000000
2011.460490, -109.489382, 1.000000
2011.487069, -109.632689, 1.000000
2011.489561, -109.778418, 1.000000
2011.489641, -109.931703, 1.000000
2011.503688, -110.077047, 1.000000
2011.517734, -110.222391, 1.000000
2011.543893, -110.366565, 1.000000
2011.557939, -110.511909, 1.000000
2011.584098, -110.656083, 1.000000
2011.598144, -110.801427, 1.000000
2011.612191, -110.946771, 1.000000
2011.638349, -111.090944, 1.000000
2011.652396, -111.236289, 1.000000
2011.650691, -111.383055, 1.000000
2011.652621, -111.529269, 1.000000
2011.678726, -111.673146, 1.000000
2011.692744, -111.818192, 1.000000
2011.718849, -111.962070, 1.000000
2011.732866, -112.107115, 1.000000
2011.758971, -112.250993, 1.000000
2011.772989, -112.396039, 1.000000
2011.779789, -112.541439, 1.000000
2011.805789, -112.684739, 0.000000
2011.819751, -112.829202, 0.000000
2011.833712, -112.973665, 0.000000
2011.847673, -113.118129, 0.000000
2011.861635, -113.262592, 0.000000
2011.875596, -113.407055, 0.000000
2011.889557, -113.551519, 0.000000
2011.903519, -113.695982, 0.000000
2011.917480, -113.840445, 0.000000
2011.931201, -113.985731, 0.000000
2011.945255, -114.131145, 0.000000
2011.959308, -114.276558, 0.000000
2011.973361, -114.421972, 0.000000
2011.987414, -114.567386, 0.000000
2012.001467, -114.712799, 0.000000
2012.015521, -114.858213, 0.000000
2012.029574, -115.003627, 0.000000
2012.043627, -115.149040, 0.000000
2012.053131, -115.294770, 0.000000
2012.067149, -115.439816, 0.000000
2012.081166, -115.584862, 0.000000
2012.095184, -115.729907, 0.000000
2012.109202, -115.874953, 0.000000
2012.123219, -116.019999, 0.000000
2012.137237, -116.165045, 0.000000
2012.151255, -116.310090, 0.000000
2012.164102, -116.455194, 0.000000
2012.166031, -116.601312, 0.000000
2012.180040, -116.746264, 0.000000
2012.200958, -116.890831, 0.000000
2012.215021, -117.036344, 0.000000
2012.229084, -117.181857, 0.000000
2012.243146, -117.327370, 0.000000
2012.257209, -117.472883, 0.000000
2012.271272, -117.618397, 0.000000
2012.298176, -117.909507, 1.000000
2012.312229, -118.054921, 1.000000
2012.338400, -118.199164, 1.000000
2012.352454, -118.344577, 1.000000
2012.366507, -118.489991, 1.000000
2012.392678, -118.634234, 1.000000
2012.406731, -118.779647, 1.000000
2012.420784, -118.925061, 1.000000
2012.434838, -119.070475, 1.000000
2012.424655, -119.218231, 1.000000
2012.412631, -119.366037, 1.000000
2012.426670, -119.511299, 1.000000
2012.440709, -119.656562, 1.000000
2012.466852, -119.800654, 1.000000
2012.480891, -119.945916, 1.000000
2012.494930, -120.091179, 1.000000
2012.521073, -120.235271, 1.000000
2012.535112, -120.380533, 1.000000
2012.549151, -120.525796, 1.000000
2012.543535, -120.672697, 1.000000
2012.559439, -120.963150, 0.000000
2012.573417, -121.107794, 0.000000
2012.587396, -121.252438, 0.000000
2012.601375, -121.397081, 0.000000
2012.627408, -121.540560, 0.000000
2012.641386, -121.685204, 0.000000
2012.645843, -121.793886, 0.000000
2012.662772, -121.937727, 0.000000
2012.679701, -122.081568, 0.000000
2012.696630, -122.225409, 0.000000
2012.713559, -122.369250, 0.000000
2012.741396, -122.494444, 0.000000
2012.771924, -122.637632, 0.000000
2012.790392, -122.782359, 0.000000
2012.808860, -122.927085, 0.000000
2012.827328, -123.071812, 0.000000
2012.845795, -123.216539, 0.000000
2012.864263, -123.361266, 0.000000
2012.882731, -123.505993, 0.000000
2012.901199, -123.650720, 0.000000
2012.909112, -123.796358, 0.000000
2012.939460, -123.938698, 0.000000
2012.957818, -124.082568, 0.000000
2012.976177, -124.226438, 0.000000
2012.994535, -124.370308, 0.000000
2013.012894, -124.514178, 1.000000
2013.031252, -124.658047, 1.000000
2013.049611, -124.801917, 1.000000
2013.046077, -124.949072, 1.000000
2013.052498, -125.095643, 1.000000
2013.083090, -125.239131, 1.000000
2013.101597, -125.384160, 1.000000
2013.132189, -125.527648, 1.000000
2013.150695, -125.672677, 1.000000
2013.169202, -125.817707, 1.000000
2013.199794, -125.961194, 1.000000
2013.218301, -126.106224, 1.000000
2013.224721, -126.252796, 1.000000
2013.217029, -126.400383, 1.000000
2013.235388, -126.544253, 1.000000
2013.265735, -126.686592, 1.000000
2013.284094, -126.830462, 1.000000
2013.314441, -126.972802, 1.000000
2013.332800, -127.116672, 1.000000
2013.363147, -127.259012, 1.000000
2013.417473, -127.398292, 1.000000
2013.465700, -127.538623, 1.000000
2013.496144, -127.681417, 1.000000
2013.526588, -127.824212, 1.000000
2013.557033, -127.967006, 0.000000
2013.575450, -128.111335, 0.000000
2013.593867, -128.255664, 0.000000
2013.612284, -128.399993, 0.000000
2013.639319, -128.543334, 0.000000
2013.657821, -128.688325, 0.000000
2013.676322, -128.833316, 0.000000
2013.694824, -128.978307, 0.000000
2013.713325, -129.123298, 0.000000
2013.731827, -129.268289, 0.000000
2013.750328, -129.413280, 0.000000
2013.768830, -129.558271, 0.000000
2013.787331, -129.703261, 0.000000
2013.801283, -129.848685, 0.000000
2013.819740, -129.993328, 0.000000
2013.838197, -130.137970, 0.000000
2013.856654, -130.282612, 0.000000
2013.875111, -130.427255, 0.000000
2013.881515, -130.573435, 0.000000
2013.899972, -130.718077, 0.000000
2013.918429, -130.862720, 0.000000
2013.938859, -131.007239, 0.000000
2013.957336, -131.152033, 0.000000
2013.975812, -131.296826, 0.000000
2013.994289, -131.441620, 0.000000
2014.012765, -131.586414, 0.000000
2014.031241, -131.731208, 0.000000
2014.049718, -131.876002, 0.000000
2014.061950, -132.021511, 0.000000
2014.080364, -132.165822, 0.000000
2014.098779, -132.310133, 0.000000
2012.493693, -132.661611, 1.000000
2012.524133, -132.804388, 1.000000
2012.554574, -132.947164, 1.000000
2012.572989, -133.091475, 1.000000
2012.591404, -133.235787, 1.000000
2012.609818, -133.380098, 1.000000
2012.629738, -133.524874, 1.000000
2012.648252, -133.669962, 1.000000
2012.654675, -133.816592, 1.000000
2012.673189, -133.961679, 1.000000
2012.691703, -134.106766, 0.000000
2012.710217, -134.251854, 0.000000
2012.728731, -134.396941, 0.000000
2012.746190, -134.541361, 0.000000
2012.765085, -134.685845, 0.000000
2012.783980, -134.830330, 0.000000
2012.802875, -134.974814, 0.000000
2012.821770, -135.119299, 0.000000
2012.840665, -135.263783, 0.000000
2012.859561, -135.408268, 0.000000
2012.878456, -135.552752, 0.000000
2012.897351, -135.697237, 0.000000
2012.916246, -135.841721, 0.000000
2012.934917, -135.985849, 0.000000
2012.953967, -136.130161, 0.000000
2012.960991, -136.276061, 0.000000
2012.980041, -136.420374, 0.000000
2012.999091, -136.564686, 0.000000
2013.018141, -136.708999, 0.000000
2013.037191, -136.853311, 0.000000
2013.056241, -136.997624, 0.000000
2013.075291, -137.141936, 0.000000
2013.093807, -137.286088, 0.000000
2013.112817, -137.430099, 0.000000
2013.131827, -137.574109, 0.000000
2013.150837, -137.718119, 0.000000
2013.169847, -137.862129, 0.000000
2013.188857, -138.006140, 0.000000
2013.207868, -138.150150, 0.000000
2013.226878, -138.294160, 0.000000
2013.245888, -138.438170, 0.000000
2013.264898, -138.582181, 0.000000
2013.285147, -138.726090, 0.000000
2013.304255, -138.870839, 0.000000
2013.323363, -139.015588, 0.000000
2013.342470, -139.160338, 0.000000
2013.361578, -139.305087, 0.000000
2013.380685, -139.449836, 0.000000
2013.399793, -139.594585, 0.000000
2013.418901, -139.739334, 0.000000
2013.438008, -139.884084, 0.000000
2013.456197, -140.028954, 0.000000
2013.475232, -140.173152, 0.000000
2013.494267, -140.317350, 0.000000
2013.501285, -140.463134, 0.000000
2013.520320, -140.607332, 0.000000
2013.539355, -140.751530, 0.000000
2013.558390, -140.895728, 0.000000
2013.578159, -141.040056, 0.000000
2013.597252, -141.184699, 0.000000
2013.616346, -141.329342, 0.000000
2013.635439, -141.473985, 0.000000
2013.654533, -141.618628, 0.000000
2013.673626, -141.763271, 0.000000
2013.692720, -141.907914, 0.000000
2013.711814, -142.052557, 0.000000
2013.730907, -142.197201, 0.000000
2013.750001, -142.341844, 0.000000
2013.769094, -142.486487, 0.000000
2013.786806, -142.631095, 1.000000
2013.805787, -142.774883, 1.000000
2013.812786, -142.920253, 1.000000
2013.819784, -143.065623, 1.000000
2013.838765, -143.209412, 1.000000
2013.857746, -143.353200, 1.000000
2013.876726, -143.496988, 1.000000
2015.537291, -143.424080, 1.000000
2015.560236, -143.567630, 1.000000
2015.591265, -143.710139, 1.000000
2015.610287, -143.854234, 1.000000
2015.641316, -143.996743, 1.000000
2015.660337, -144.140838, 1.000000
2015.679358, -144.284932, 1.000000
2015.710387, -144.427441, 1.000000
2015.729408, -144.571536, 1.000000
2015.748429, -144.715630, 1.000000
2015.766669, -144.860047, 1.000000
2015.785804, -145.005003, 1.000000
2015.817018, -145.148364, 1.000000
2015.836153, -145.293320, 1.000000
2015.855288, -145.438276, 1.000000
2015.886503, -145.581637, 1.000000
2015.905638, -145.726593, 1.000000
2015.936852, -145.869954, 1.000000
2015.955987, -146.014910, 1.000000
2015.962024, -146.176529, 1.000000
2016.003896, -146.317517, 0.000000
2016.021773, -146.461484, 0.000000
2016.039650, -146.605452, 0.000000
2016.057527, -146.749419, 0.000000
2016.075405, -146.893386, 0.000000
2016.093282, -147.037353, 0.000000
2016.111159, -147.181321, 0.000000
2016.129036, -147.325288, 0.000000
2016.153179, -147.501086, 0.000000
2016.168693, -147.645565, 0.000000
2016.184207, -147.790043, 0.000000
2016.199722, -147.934521, 0.000000
2016.215236, -148.078999, 0.000000
2016.230750, -148.223478, 0.000000
2016.246264, -148.367956, 0.000000
2016.261779, -148.512434, 0.000000
2016.277293, -148.656913, 0.000000
2016.292807, -148.801391, 0.000000
2016.310762, -148.945775, 0.000000
2016.326295, -149.090434, 0.000000
2016.341829, -149.235092, 0.000000
2016.357362, -149.379751, 0.000000
2016.372896, -149.524410, 0.000000
2016.388430, -149.669069, 0.000000
2016.403963, -149.813728, 0.000000
2016.419497, -149.958387, 0.000000
2016.442853, -150.102402, 0.000000
2016.458449, -150.247642, 0.000000
2016.474045, -150.392882, 0.000000
2016.489641, -150.538123, 0.000000
2016.505237, -150.683363, 0.000000
2016.520834, -150.828603, 0.000000
2016.536430, -150.973844, 0.000000
2016.552026, -151.119084, 0.000000
2016.567622, -151.264324, 0.000000
2016.572644, -151.410369, 0.000000
2016.588156, -151.554824, 0.000000
2016.603668, -151.699279, 0.000000
2016.619179, -151.843734, 0.000000
2016.634691, -151.988188, 0.000000
2016.650203, -152.132643, 0.000000
2016.665715, -152.277098, 0.000000
2016.681226, -152.421553, 0.000000
2016.696738, -152.566008, 0.000000
2016.700212, -152.711755, 1.000000
2016.675964, -152.860643, 1.000000
2016.691545, -153.005742, 1.000000
2016.719218, -153.149542, 1.000000
2016.734799, -153.294641, 1.000000
2016.750379, -153.439741, 1.000000
2016.778052, -153.583541, 1.000000
2016.793633, -153.728640, 1.000000
2016.821305, -153.872441, 1.000000
2016.824795, -154.018838, 1.000000
2016.791190, -154.169192, 1.000000
2016.806764, -154.314228, 1.000000
2016.822338, -154.459263, 1.000000
2016.849998, -154.603001, 1.000000
2016.865572, -154.748036, 1.000000
2016.881146, -154.893072, 1.000000
2016.908807, -155.036809, 1.000000
2016.924381, -155.181845, 1.000000
2016.958825, -155.325585, 1.000000
2016.974554, -155.472066, 0.000000
2016.990283, -155.618547, 0.000000
2016.978699, -155.766727, 0.000000
2016.994204, -155.911117, 0.000000
2017.021741, -156.054215, 0.000000
2017.037246, -156.198605, 0.000000
2017.052750, -156.342995, 0.000000
2017.068255, -156.487385, 0.000000
2017.083760, -156.631775, 0.000000
2017.102262, -156.776035, 0.000000
2017.117791, -156.920653, 0.000000
2017.133321, -157.065270, 0.000000
2017.148850, -157.209888, 0.000000
2017.164379, -157.354505, 0.000000
2017.191960, -157.497829, 0.000000
2017.207489, -157.642446, 0.000000
2017.223018, -157.787064, 0.000000
2017.238547, -157.931682, 0.000000
2017.255285, -158.076208, 0.000000
2017.270824, -158.220917, 0.000000
2017.286363, -158.365626, 0.000000
2017.301902, -158.510335, 0.000000
2017.317441, -158.655044, 0.000000
2017.345039, -158.798458, 0.000000
2017.360578, -158.943167, 0.000000
2017.376117, -159.087876, 0.000000
2017.391656, -159.232585, 0.000000
2017.407195, -159.377294, 0.000000
2017.422964, -159.521980, 0.000000
2017.438505, -159.666706, 0.000000
2017.454046, -159.811433, 0.000000
2017.469587, -159.956159, 0.000000
2017.485128, -160.100885, 0.000000
2017.512729, -160.244317, 0.000000
2017.528270, -160.389043, 0.000000
2017.543811, -160.533770, 0.000000
2017.559352, -160.678496, 0.000000
2017.562832, -160.824517, 1.000000
2017.566313, -160.970539, 1.000000
2017.574840, -161.116245, 1.000000
2017.590422, -161.261355, 1.000000
2017.618097, -161.405167, 1.000000
2017.633679, -161.550277, 1.000000
2017.661354, -161.694089, 1.000000
2017.676936, -161.839199, 1.000000
2017.692518, -161.984309, 1.000000
2017.720192, -162.128121, 1.000000
2017.735775, -162.273232, 1.000000
2017.751357, -162.418342, 1.000000
2017.779031, -162.562154, 1.000000
2017.794613, -162.707264, 1.000000
2017.810196, -162.852374, 1.000000
2017.837870, -162.996186, 1.000000
2017.853452, -163.141296, 1.000000
2017.869034, -163.286407, 1.000000
2017.853432, -163.434777, 1.000000
2017.868958, -163.579363, 1.000000
2017.884484, -163.723949, 1.000000
2017.912059, -163.867241, 1.000000
2017.939633, -164.010534, 1.000000
2017.955159, -164.155120, 1.000000
2018.010308, -164.441704, 0.000000
2018.025834, -164.586290, 0.000000
2018.029311, -164.732170, 0.000000
2018.044837, -164.876756, 0.000000
2018.057398, -165.021551, 0.000000
2018.072900, -165.165919, 0.000000
2018.088403, -165.310288, 0.000000
2018.103905, -165.454656, 0.000000
2018.107377, -165.600317, 0.000000
2018.122879, -165.744685, 0.000000
2018.138382, -165.889054, 0.000000
2018.153884, -166.033423, 0.000000
2018.180825, -166.177061, 0.000000
2018.196418, -166.322273, 0.000000
2018.199910, -166.468784, 0.000000
2018.215503, -166.613996, 0.000000
2018.231096, -166.759208, 0.000000
2018.246689, -166.904420, 0.000000
2018.262282, -167.049632, 0.000000
2018.277875, -167.194844, 0.000000
2018.293468, -167.340056, 0.000000
2018.296960, -167.486567, 0.000000
2018.312553, -167.631779, 0.000000
2018.314731, -167.777841, 0.000000
2018.330216, -167.922051, 0.000000
2018.345702, -168.066262, 0.000000
2018.361187, -168.210472, 0.000000
2018.364655, -168.355973, 0.000000
2018.380141, -168.500184, 0.000000
2018.395626, -168.644394, 0.000000
2018.411112, -168.788605, 0.000000
2018.426597, -168.932815, 0.000000
2018.442421, -169.077000, 0.000000
2018.445890, -169.222527, 0.000000
2018.461378, -169.366763, 0.000000
2018.492354, -169.655235, 1.000000
2018.519862, -169.798180, 1.000000
2018.547370, -169.941125, 1.000000
2018.562858, -170.085361, 1.000000
2018.590366, -170.228306, 1.000000
2018.593835, -170.373833, 1.000000
2018.575420, -170.521806, 1.000000
2018.590926, -170.666206, 1.000000
2018.618465, -170.809314, 1.000000
2018.633971, -170.953714, 1.000000
2018.649477, -171.098114, 1.000000
2018.677016, -171.241222, 1.000000
2018.692522, -171.385622, 1.000000
2018.720061, -171.528730, 1.000000
2018.723533, -171.674422, 1.000000
2018.703370, -171.822663, 1.000000
2018.706844, -171.968388, 1.000000
2018.734389, -172.111529, 1.000000
2018.749899, -172.255962, 1.000000
2018.765408, -172.400395, 1.000000
2018.792954, -172.543536, 1.000000
2018.808463, -172.687969, 1.000000
2018.836008, -172.831109, 1.000000
2018.851518, -172.975542, 1.000000
2018.879063, -173.118683, 1.000000
2018.894573, -173.263116, 1.000000
2018.895290, -173.427820, 1.000000
2018.897356, -173.574151, 1.000000
2018.923614, -173.718121, 1.000000
2018.937777, -173.863272, 0.000000
2018.951939, -174.008423, 0.000000
2018.954005, -174.154754, 0.000000
2018.968167, -174.299905, 0.000000
2018.982330, -174.445056, 0.000000
2018.996492, -174.590207, 0.000000
2019.014430, -174.881710, 0.000000
2019.028605, -175.026992, 0.000000
2019.042780, -175.172274, 0.000000
2019.056955, -175.317555, 0.000000
2019.059023, -175.464019, 0.000000
2019.073198, -175.609301, 0.000000
2019.087373, -175.754582, 0.000000
2019.101548, -175.899864, 0.000000
2019.119007, -176.044997, 0.000000
2019.121078, -176.191717, 0.000000
2019.135278, -176.337253, 0.000000
2019.149478, -176.482790, 0.000000
2019.163678, -176.628326, 0.000000
2019.177878, -176.773863, 0.000000
2019.179949, -176.920583, 0.000000
2019.194149, -177.066119, 0.000000
2019.208349, -177.211656, 0.000000
2019.219800, -177.357297, 0.000000
2019.221869, -177.503799, 0.000000
2019.236047, -177.649120, 0.000000
2019.250226, -177.794441, 0.000000
2019.264405, -177.939761, 0.000000
2019.278584, -178.085082, 0.000000
2019.280652, -178.231584, 0.000000
2019.294831, -178.376905, 0.000000
2019.309010, -178.522226, 0.000000
2019.327433, -178.667132, 0.000000
2019.341645, -178.812793, 0.000000
2019.343718, -178.959637, 0.000000
2019.357930, -179.105297, 0.000000
2019.372142, -179.250958, 0.000000
2019.386354, -179.396618, 0.000000
2019.388428, -179.543462, 0.000000
2019.402639, -179.689123, 0.000000
2019.410422, -179.835410, 0.000000
2019.424583, -179.980549, 0.000000
2019.438744, -180.125688, 0.000000
2019.440810, -180.272007, 0.000000
2019.454971, -180.417146, 0.000000
2019.457037, -180.563465, 1.000000
2019.483293, -180.707424, 1.000000
2019.509549, -180.851383, 1.000000
2019.523710, -180.996521, 1.000000
2019.549966, -181.140480, 1.000000
2019.552032, -181.286799, 1.000000
2019.487235, -181.439416, 1.000000
2019.501344, -181.584017, 1.000000
2019.515452, -181.728617, 1.000000
2019.529561, -181.873218, 1.000000
2019.543669, -182.017819, 1.000000
2019.557778, -182.162420, 1.000000
2019.571886, -182.307021, 1.000000
2019.598045, -182.450446, 1.000000
2019.592314, -182.597013, 1.000000
2019.606458, -182.741977, 1.000000
2019.620602, -182.886940, 1.000000
2019.634746, -183.031903, 1.000000
2019.648890, -183.176866, 1.000000
2019.675114, -183.320651, 1.000000
2019.689258, -183.465614, 1.000000
2019.715482, -183.609399, 0.000000
2019.729626, -183.754362, 0.000000
2019.743770, -183.899326, 0.000000
2019.754427, -184.044458, 0.000000
2019.782657, -184.333802, 0.000000
2019.796773, -184.478474, 0.000000
2019.810888, -184.623146, 0.000000
2019.825004, -184.767818, 0.000000
2019.839119, -184.912490, 0.000000
2019.853235, -185.057162, 0.000000
2019.867350, -185.201834, 0.000000
2019.881466, -185.346506, 0.000000
2019.895581, -185.491178, 0.000000
2019.917750, -185.626558, 0.000000
2019.932668, -185.771878, 0.000000
2019.947586, -185.917198, 0.000000
2019.962504, -186.062517, 0.000000
2019.977422, -186.207837, 0.000000
2019.980229, -186.354400, 0.000000
2019.995147, -186.499720, 0.000000
2020.010065, -186.645040, 0.000000
2020.024983, -186.790360, 0.000000
2020.039901, -186.935679, 0.000000
2020.050002, -187.080374, 0.000000
2020.064973, -187.225287, 0.000000
2020.079943, -187.370200, 0.000000
2020.094914, -187.515113, 0.000000
2020.109885, -187.660025, 0.000000
2020.124855, -187.804938, 0.000000
2020.139826, -187.949851, 0.000000
2020.154797, -188.094763, 0.000000
2020.169767, -188.239676, 0.000000
2020.184738, -188.384589, 0.000000
2018.520984, -188.702518, 1.000000
2018.547948, -188.845745, 1.000000
2018.574912, -188.988973, 1.000000
2018.589837, -189.133443, 1.000000
2018.604762, -189.277914, 1.000000
2018.619687, -189.422385, 1.000000
2018.634534, -189.566849, 1.000000
2018.661463, -189.709892, 1.000000
2018.664345, -189.855420, 1.000000
2018.679251, -189.999706, 1.000000
2018.706181, -190.142749, 1.000000
2018.721087, -190.287035, 1.000000
2018.735993, -190.431321, 1.000000
2018.750899, -190.575606, 1.000000
2018.765805, -190.719892, 1.000000
2018.805364, -190.862248, 1.000000
2018.820353, -191.007347, 1.000000
2018.835343, -191.152446, 1.000000
2018.850333, -191.297546, 1.000000
2018.865323, -191.442645, 1.000000
2018.880313, -191.587744, 1.000000
2018.883212, -191.734093, 1.000000
2018.910293, -191.877943, 1.000000
2018.925283, -192.023042, 0.000000
2018.940316, -192.168163, 0.000000
2018.955312, -192.313322, 0.000000
2018.970308, -192.458481, 0.000000
2018.985304, -192.603641, 0.000000
2019.000300, -192.748800, 0.000000
2019.015296, -192.893959, 0.000000
2019.030292, -193.039119, 0.000000
2019.045289, -193.184278, 0.000000
2019.060285, -193.329437, 0.000000
2019.075452, -193.474579, 0.000000
2019.090475, -193.619996, 0.000000
2019.105498, -193.765412, 0.000000
2019.120521, -193.910829, 0.000000
2019.135543, -194.056246, 0.000000
2019.150566, -194.201663, 0.000000
2019.165589, -194.347079, 0.000000
2019.180612, -194.492496, 0.000000
2019.195290, -194.637863, 0.000000
2019.210260, -194.782776, 0.000000
2019.225231, -194.927689, 0.000000
2019.240202, -195.072602, 0.000000
2019.255172, -195.217514, 0.000000
2019.270143, -195.362427, 0.000000
2019.285114, -195.507340, 0.000000
2019.300084, -195.652253, 0.000000
2019.315055, -195.797165, 0.000000
2019.341626, -195.940827, 0.000000
2019.356532, -196.085112, 0.000000
2019.371438, -196.229398, 0.000000
2019.386344, -196.373684, 0.000000
2019.401249, -196.517970, 0.000000
2019.416155, -196.662255, 0.000000
2019.431061, -196.806541, 0.000000
2019.445967, -196.950827, 0.000000
2019.460873, -197.095112, 0.000000
2019.476638, -197.239749, 0.000000
2019.491884, -197.384841, 0.000000
2019.507129, -197.529933, 0.000000
2019.522374, -197.675026, 0.000000
2019.537619, -197.820118, 0.000000
2019.552865, -197.965211, 0.000000
2019.568110, -198.110303, 0.000000
2019.583355, -198.255396, 0.000000
2019.598600, -198.400488, 0.000000
2019.614286, -198.543952, 0.000000
2019.630795, -198.688227, 0.000000
2019.647304, -198.832503, 0.000000
2019.663813, -198.976778, 0.000000
2019.680323, -199.121053, 0.000000
2019.696832, -199.265329, 0.000000
2019.713341, -199.409604, 0.000000
2019.729850, -199.553880, 0.000000
2019.746359, -199.698155, 0.000000
2019.762868, -199.842431, 0.000000
2019.779378, -199.986706, 1.000000
2019.796160, -200.131010, 1.000000
2019.812710, -200.275641, 1.000000
2019.841312, -200.418892, 1.000000
2019.857862, -200.563522, 1.000000
2019.874412, -200.708153, 1.000000
2019.890961, -200.852784, 1.000000
2019.907511, -200.997414, 1.000000
2019.924061, -201.142045, 1.000000
2019.940611, -201.286675, 1.000000
2019.969378, -201.429923, 1.000000
2019.985948, -201.574731, 1.000000
2020.002518, -201.719540, 1.000000
2020.019088, -201.864348, 1.000000
2021.664755, -201.822743, 0.000000
2021.681325, -201.967551, 0.000000
2021.685828, -202.113741, 0.000000
2021.702398, -202.258549, 0.000000
2021.718969, -202.403358, 0.000000
2021.735539, -202.548166, 0.000000
2021.732970, -202.694622, 0.000000
2021.749474, -202.838847, 0.000000
2021.765977, -202.983071, 0.000000
2021.782480, -203.127296, 0.000000
2021.798983, -203.271520, 0.000000
2021.803468, -203.417120, 0.000000
2021.819971, -203.561344, 0.000000
2021.836475, -203.705569, 0.000000
2021.852978, -203.849793, 0.000000
2021.869960, -203.993976, 0.000000
2021.874446, -204.139616, 0.000000
2021.890954, -204.283881, 0.000000
2021.907462, -204.428145, 0.000000
2021.923970, -204.572410, 0.000000
2021.928456, -204.718050, 0.000000
2021.944963, -204.862314, 0.000000
2021.961471, -205.006579, 0.000000
2021.977979, -205.150843, 0.000000
2022.001943, -205.294521, 0.000000
2022.006448, -205.440799, 0.000000
2022.023028, -205.585696, 0.000000
2022.039609, -205.730592, 1.000000
1994.775764, 0.148211, 1.000000
1994.800637, 0.004714, 1.000000
1994.815961, -0.139963, 1.000000
1994.819228, -0.285917, 1.000000
1994.822495, -0.431872, 1.000000
1994.825763, -0.577826, 0.000000
1994.841086, -0.722504, 0.000000
1994.856410, -0.867181, 0.000000
1994.871734, -1.011858, 0.000000
1994.887058, -1.156536, 0.000000
1994.900695, -1.301571, 0.000000
1994.916039, -1.446441, 0.000000
1994.931383, -1.591312, 0.000000
1994.946728, -1.736182, 0.000000
1994.962072, -1.881053, 0.000000
1994.977416, -2.025923, 0.000000
1994.992760, -2.170793, 0.000000
1995.008105, -2.315664, 0.000000
1995.023449, -2.460534, 0.000000
1995.038793, -2.605405, 0.000000
1995.058036, -2.749524, 0.000000
1995.073333, -2.893949, 0.000000
1995.088630, -3.038374, 0.000000
1995.103927, -3.182800, 0.000000
1995.119224, -3.327225, 0.000000
1995.134521, -3.471650, 0.000000
1995.149819, -3.616075, 0.000000
1995.165116, -3.760500, 0.000000
1995.180413, -3.904925, 0.000000
1995.195710, -4.049350, 0.000000
1995.210902, -4.221456, 0.000000
1995.229309, -4.366157, 0.000000
1995.247717, -4.510858, 0.000000
1995.266124, -4.655559, 0.000000
1995.284532, -4.800260, 0.000000
1995.302939, -4.944961, 0.000000
1995.321346, -5.089662, 0.000000
1995.339754, -5.234363, 0.000000
1995.358161, -5.379064, 0.000000
1995.376569, -5.523765, 0.000000
1995.394976, -5.668466, 0.000000
1995.413383, -5.813167, 0.000000
1995.437746, -5.960649, 0.000000
1995.456474, -6.104679, 0.000000
1995.475203, -6.248708, 0.000000
1995.493931, -6.392738, 0.000000
1995.512660, -6.536768, 0.000000
1995.531388, -6.680798, 0.000000
1995.550117, -6.824828, 1.000000
1995.568845, -6.968858, 1.000000
1995.587574, -7.112888, 1.000000
1995.594300, -7.258478, 1.000000
1995.613028, -7.402508, 1.000000
1995.643759, -7.544977, 1.000000
1995.682255, -7.686814, 1.000000
1995.701048, -7.831338, 1.000000
1995.707797, -7.977428, 1.000000
1995.726590, -8.121953, 1.000000
1995.745383, -8.266477, 1.000000
1995.752132, -8.412568, 1.000000
1995.770924, -8.557092, 1.000000
1995.789717, -8.701616, 1.000000
1995.808510, -8.846141, 1.000000
1995.838245, -8.989242, 1.000000
1995.857054, -9.133893, 1.000000
1995.863809, -9.280110, 0.000000
1995.882618, -9.424761, 0.000000
1995.901427, -9.569411, 0.000000
1995.920236, -9.714061, 0.000000
1995.939045, -9.858711, 0.000000
1995.957855, -10.003362, 0.000000
1995.976664, -10.148012, 0.000000
1995.995473, -10.292662, 0.000000
1996.002228, -10.438880, 0.000000
1996.022660, -10.583210, 0.000000
1996.041446, -10.727677, 0.000000
1996.060231, -10.872144, 0.000000
1996.079016, -11.016610, 0.000000
1996.097801, -11.161077, 0.000000
1996.116587, -11.305544, 0.000000
1996.135372, -11.450010, 0.000000
1996.154157, -11.594477, 0.000000
1996.172943, -11.738943, 0.000000
1996.191728, -11.883410, 0.000000
1996.206822, -12.028462, 0.000000
1996.225662, -12.173344, 0.000000
1996.244501, -12.318227, 0.000000
1996.263340, -12.463109, 0.000000
1996.282180, -12.607991, 0.000000
1996.288945, -12.754443, 0.000000
1996.307785, -12.899325, 0.000000
1996.326624, -13.044207, 0.000000
1996.345463, -13.189089, 0.000000
1996.369675, -13.332915, 0.000000
1996.388436, -13.477195, 0.000000
1996.407197, -13.621475, 0.000000
1996.425958, -13.765756, 0.000000
1996.444719, -13.910036, 0.000000
1996.463480, -14.054316, 0.000000
1996.482241, -14.198596, 0.000000
1996.501002, -14.342876, 0.000000
1996.519763, -14.487156, 0.000000
1996.538524, -14.631436, 0.000000
1996.553969, -14.776273, 0.000000
1996.572779, -14.920923, 0.000000
1996.591588, -15.065573, 0.000000
1996.598343, -15.211791, 0.000000
1996.617152, -15.356441, 0.000000
1996.635961, -15.501091, 0.000000
1996.654770, -15.645742, 0.000000
1996.673579, -15.790392, 0.000000
1996.692388, -15.935042, 0.000000
1996.711198, -16.079693, 0.000000
1996.730007, -16.224343, 0.000000
1996.739687, -16.369879, 1.000000
1996.758454, -16.514206, 1.000000
1996.777221, -16.658533, 1.000000
1996.795988, -16.802860, 1.000000
1996.814755, -16.947187, 1.000000
1996.821495, -17.093078, 1.000000
1996.840262, -17.237405, 1.000000
1996.847002, -17.383296, 1.000000
1996.865769, -17.527623, 1.000000
1996.931185, -17.670452, 1.000000
1996.950476, -17.814956, 1.000000
1996.969766, -17.959460, 1.000000
1996.977015, -18.105571, 1.000000
1996.996306, -18.250075, 1.000000
1997.003555, -18.396186, 1.000000
1997.022846, -18.540690, 1.000000
1997.042137, -18.685194, 1.000000
1997.049386, -18.831306, 1.000000
1997.068677, -18.975809, 1.000000
1997.075926, -19.121921, 1.000000
1997.107259, -19.264817, 1.000000
1997.165398, -19.404912, 1.000000
1997.172738, -19.550730, 1.000000
1997.180077, -19.696549, 1.000000
1997.199433, -19.840754, 1.000000
1997.194755, -19.988186, 1.000000
1997.214111, -20.132391, 0.000000
1997.233467, -20.276597, 0.000000
1997.252823, -20.420802, 0.000000
1997.272744, -20.564917, 0.000000
1997.292092, -20.709061, 0.000000
1997.311440, -20.853206, 0.000000
1997.330788, -20.997351, 0.000000
1997.350136, -21.141496, 0.000000
1997.369484, -21.285641, 0.000000
1997.388832, -21.429786, 0.000000
1997.408180, -21.573930, 0.000000
1997.427528, -21.718075, 0.000000
1997.448962, -21.861883, 0.000000
1997.468280, -22.005803, 0.000000
1997.487598, -22.149724, 0.000000
1997.506916, -22.293645, 0.000000
1997.526234, -22.437565, 0.000000
1997.545552, -22.581486, 0.000000
1997.564870, -22.725406, 0.000000
1997.584188, -22.869327, 0.000000
1997.603506, -23.013247, 0.000000
1997.622824, -23.157168, 0.000000
1997.640069, -23.301519, 0.000000
1997.659417, -23.445663, 0.000000
1997.678765, -23.589808, 0.000000
1997.698113, -23.733953, 0.000000
1997.717461, -23.878098, 0.000000
1997.736809, -24.022243, 0.000000
1997.756157, -24.166388, 0.000000
1997.775505, -24.310532, 0.000000
1997.806865, -24.453065, 1.000000
1997.825657, -24.597326, 1.000000
1997.832996, -24.743144, 1.000000
1997.852352, -24.887350, 1.000000
1997.871709, -25.031555, 1.000000
1997.879048, -25.177374, 1.000000
1997.886387, -25.323192, 1.000000
1997.905743, -25.467398, 1.000000
1997.913082, -25.613216, 1.000000
1997.932438, -25.757422, 1.000000
1997.951794, -25.901627, 1.000000
1998.008677, -26.040755, 1.000000
1998.040016, -26.183191, 1.000000
1998.047347, -26.328849, 1.000000
1998.066682, -26.472896, 1.000000
1998.086016, -26.616943, 1.000000
1998.093347, -26.762601, 1.000000
1998.112682, -26.906648, 1.000000
1998.120013, -27.052306, 1.000000
1998.139348, -27.196353, 1.000000
1998.146679, -27.342011, 1.000000
1998.154010, -27.487670, 1.000000
1998.171832, -27.632068, 0.000000
1998.191188, -27.776273, 0.000000
1998.210544, -27.920479, 0.000000
1998.229900, -28.064684, 0.000000
1998.249257, -28.208890, 0.000000
1998.268613, -28.353095, 0.000000
1998.287969, -28.497301, 0.000000
1998.307325, -28.641506, 0.000000
1998.326681, -28.785712, 0.000000
1998.346038, -28.929917, 0.000000
1998.369549, -29.073345, 0.000000
1998.388847, -29.217117, 0.000000
1998.408145, -29.360890, 0.000000
1998.427443, -29.504663, 0.000000
1998.446741, -29.648435, 0.000000
1998.466040, -29.792208, 0.000000
1998.485338, -29.935980, 0.000000
1998.504636, -30.079753, 0.000000
1998.523934, -30.223526, 0.000000
1998.540387, -30.369861, 0.000000
1998.559929, -30.513944, 0.000000
1998.579471, -30.658028, 0.000000
1998.599013, -30.802112, 0.000000
1998.618554, -30.946195, 0.000000
1998.638096, -31.090279, 0.000000
1998.657638, -31.234363, 0.000000
1998.677179, -31.378446, 0.000000
1998.696251, -31.526907, 0.000000
1998.716244, -31.671051, 0.000000
1998.736237, -31.815195, 0.000000
1998.756230, -31.959338, 0.000000
1998.776223, -32.103482, 0.000000
1998.796216, -32.247626, 0.000000
1998.816209, -32.391770, 0.000000
1998.836202, -32.535914, 1.000000
1998.844182, -32.681724, 1.000000
1998.876302, -32.824184, 1.000000
1998.896293, -32.968316, 1.000000
1998.916285, -33.112448, 1.000000
1998.924265, -33.258246, 1.000000
1998.944256, -33.402378, 1.000000
1998.952236, -33.548176, 1.000000
1998.972227, -33.692308, 1.000000
1998.980208, -33.838106, 1.000000
1999.000199, -33.982238, 1.000000
1999.008179, -34.128036, 1.000000
1999.062851, -34.267370, 1.000000
1999.106907, -34.408306, 1.000000
1999.114895, -34.554244, 1.000000
1999.134905, -34.698515, 1.000000
1999.142893, -34.844453, 1.000000
1999.162904, -34.988724, 1.000000
1999.170892, -35.134663, 1.000000
1999.178879, -35.280601, 1.000000
1999.198890, -35.424872, 0.000000
1999.218900, -35.569143, 0.000000
1999.238911, -35.713414, 0.000000
1999.258921, -35.857685, 0.000000
1999.278932, -36.001956, 0.000000
1999.298942, -36.146226, 0.000000
1999.317906, -36.290733, 0.000000
1999.337931, -36.435111, 0.000000
1999.357956, -36.579489, 0.000000
1999.377982, -36.723866, 0.000000
1999.398007, -36.868244, 0.000000
1999.418032, -37.012622, 0.000000
1999.438058, -37.156999, 0.000000
1999.458083, -37.301377, 0.000000
1999.478108, -37.445755, 0.000000
1999.504916, -37.588782, 0.000000
1999.524846, -37.732470, 0.000000
1999.544775, -37.876158, 0.000000
1999.564705, -38.019846, 0.000000
1999.584635, -38.163534, 0.000000
1999.604564, -38.307222, 0.000000
1999.612520, -38.452571, 0.000000
1999.632450, -38.596259, 0.000000
1999.652379, -38.739948, 0.000000
1999.672309, -38.883636, 0.000000
1999.692238, -39.027324, 0.000000
1999.712168, -39.171012, 0.000000
1999.732098, -39.314700, 0.000000
1999.752027, -39.458388, 0.000000
1999.771957, -39.602076, 0.000000
1999.791887, -39.745764, 0.000000
1999.811816, -39.889453, 0.000000
1999.831746, -40.033141, 0.000000
1999.851676, -40.176829, 0.000000
1999.872471, -40.320389, 0.000000
1999.892388, -40.463991, 0.000000
1999.912306, -40.607592, 0.000000
1999.932224, -40.751194, 0.000000
1999.952141, -40.894795, 0.000000
1999.972059, -41.038397, 0.000000
1999.991976, -41.181998, 0.000000
2000.023861, -41.323940, 1.000000
2000.027418, -41.470374, 1.000000
2000.047565, -41.615633, 1.000000
2000.055608, -41.762571, 1.000000
2000.075755, -41.907830, 1.000000
2000.095903, -42.053089, 1.000000
2000.125239, -42.196204, 1.000000
2000.145258, -42.340532, 1.000000
2000.153249, -42.486529, 1.000000
2000.161240, -42.632525, 1.000000
2000.181258, -42.776854, 1.000000
2000.189249, -42.922850, 1.000000
2000.221295, -43.065510, 1.000000
2000.257478, -43.207280, 1.000000
2000.289431, -43.349530, 0.000000
2000.309392, -43.493444, 0.000000
2000.329353, -43.637358, 0.000000
2000.349314, -43.781272, 0.000000
2000.369275, -43.925185, 0.000000
2000.389236, -44.069099, 0.000000
2000.409197, -44.213013, 0.000000
2000.429158, -44.356927, 0.000000
2000.449119, -44.500841, 0.000000
2000.469539, -44.634894, 0.000000
2000.488524, -44.778681, 0.000000
2000.519492, -44.920885, 0.000000
2000.538477, -45.064672, 0.000000
2000.557463, -45.208458, 0.000000
2000.576448, -45.352245, 0.000000
2000.595434, -45.496032, 0.000000
2000.614419, -45.639818, 0.000000
2000.633405, -45.783605, 0.000000
2000.654147, -45.930232, 0.000000
2000.673425, -46.073851, 0.000000
2000.692702, -46.217470, 0.000000
2000.711980, -46.361090, 0.000000
2000.731257, -46.504709, 0.000000
2000.750535, -46.648328, 0.000000
2000.769812, -46.791948, 0.000000
2000.789090, -46.935567, 0.000000
2000.798501, -47.081106, 0.000000
2000.817913, -47.225728, 0.000000
2000.837326, -47.370350, 0.000000
2000.856738, -47.514972, 0.000000
2000.876150, -47.659594, 0.000000
2000.895562, -47.804216, 0.000000
2000.914974, -47.948839, 0.000000
2000.934386, -48.093461, 0.000000
2000.965850, -48.236465, 0.000000
2000.985262, -48.381087, 0.000000
2001.010817, -48.524618, 0.000000
2001.030144, -48.668612, 0.000000
2001.049472, -48.812606, 0.000000
2001.068800, -48.956600, 0.000000
2001.088128, -49.100594, 0.000000
2001.107456, -49.244588, 0.000000
2001.118508, -49.390124, 0.000000
2001.137949, -49.534965, 0.000000
2001.157391, -49.679806, 0.000000
2001.176832, -49.824648, 1.000000
2001.184204, -49.971109, 1.000000
2001.191575, -50.117570, 1.000000
2001.240610, -50.258250, 1.000000
2001.272000, -50.400921, 1.000000
2001.279343, -50.546819, 1.000000
2001.286687, -50.692717, 1.000000
2001.306053, -50.837001, 1.000000
2001.325420, -50.981285, 1.000000
2001.332763, -51.127183, 1.000000
2001.352130, -51.271468, 1.000000
2001.383520, -51.414138, 1.000000
2001.437211, -51.553939, 1.000000
2001.456602, -51.698405, 1.000000
2001.463955, -51.844488, 1.000000
2001.483346, -51.988954, 1.000000
2001.490698, -52.135037, 1.000000
2001.498051, -52.281120, 1.000000
2001.505403, -52.427202, 0.000000
2001.524794, -52.571669, 0.000000
2001.544186, -52.716135, 0.000000
2001.567389, -52.859993, 0.000000
2001.586729, -53.004077, 0.000000
2001.606069, -53.148161, 0.000000
2001.637416, -53.290633, 0.000000
2001.656756, -53.434717, 0.000000
2001.676096, -53.578802, 0.000000
2001.695436, -53.722886, 0.000000
2001.714776, -53.866970, 0.000000
2001.734116, -54.011054, 0.000000
2001.747355, -54.156378, 0.000000
2001.766778, -54.301083, 0.000000
2001.786201, -54.445788, 0.000000
2001.805625, -54.590493, 0.000000
2001.825048, -54.735197, 0.000000
2001.844471, -54.879902, 0.000000
2001.863894, -55.024607, 0.000000
2001.895376, -55.167693, 0.000000
2001.923739, -55.310732, 0.000000
2001.943039, -55.454522, 0.000000
2001.962340, -55.598311, 0.000000
2001.981640, -55.742101, 0.000000
2002.000940, -55.885890, 0.000000
2002.020241, -56.029680, 0.000000
2002.039541, -56.173469, 0.000000
2002.058842, -56.317259, 0.000000
2002.078142, -56.461048, 0.000000
2002.097442, -56.604838, 0.000000
2002.111884, -56.749322, 0.000000
2002.143274, -56.891992, 0.000000
2002.162641, -57.036276, 0.000000
2002.182008, -57.180560, 0.000000
2002.201374, -57.324844, 0.000000
2002.220741, -57.469129, 0.000000
2002.240108, -57.613413, 0.000000
2002.233507, -57.715704, 1.000000
2002.236261, -57.862456, 1.000000
2002.239015, -58.009208, 1.000000
2002.241769, -58.155960, 1.000000
2002.256649, -58.301472, 1.000000
2002.259403, -58.448224, 1.000000
2002.274283, -58.593736, 1.000000
2002.289163, -58.739249, 1.000000
2002.291917, -58.886001, 1.000000
2002.318924, -59.030273, 1.000000
2002.380262, -59.185505, 1.000000
2002.396566, -59.330108, 1.000000
2002.400820, -59.476070, 1.000000
2002.405073, -59.622032, 1.000000
2002.421378, -59.766635, 1.000000
2002.445985, -59.910366, 1.000000
2002.462332, -60.055344, 1.000000
2002.466597, -60.201685, 1.000000
2002.482943, -60.346664, 1.000000
2002.487208, -60.493005, 1.000000
2002.503554, -60.637984, 1.000000
2002.507819, -60.784325, 1.000000
2002.512084, -60.930666, 1.000000
2002.516349, -61.077006, 0.000000
2002.532695, -61.221985, 0.000000
2002.558071, -61.365133, 0.000000
2002.574319, -61.509236, 0.000000
2002.590567, -61.653339, 0.000000
2002.606814, -61.797442, 0.000000
2002.623062, -61.941546, 0.000000
2002.639310, -62.085649, 0.000000
2002.655557, -62.229752, 0.000000
2002.671805, -62.373855, 0.000000
2002.686435, -62.518260, 0.000000
2002.702700, -62.662519, 0.000000
2002.718965, -62.806779, 0.000000
2002.735231, -62.951039, 0.000000
2002.751496, -63.095299, 0.000000
2002.767761, -63.239558, 0.000000
2002.784027, -63.383818, 0.000000
2002.800292, -63.528078, 0.000000
2002.816557, -63.672338, 0.000000
2002.824637, -63.818190, 0.000000
2002.840992, -63.963242, 0.000000
2002.857347, -64.108295, 0.000000
2002.885789, -64.251985, 0.000000
2002.902144, -64.397037, 0.000000
2002.918499, -64.542090, 0.000000
2002.934854, -64.687143, 0.000000
2002.951208, -64.832195, 0.000000
2002.967563, -64.977248, 0.000000
2002.983918, -65.122301, 0.000000
2003.004276, -65.266572, 0.000000
2003.020586, -65.411234, 0.000000
2003.036897, -65.555896, 0.000000
2003.053208, -65.700557, 0.000000
2003.069518, -65.845219, 0.000000
2003.085829, -65.989881, 0.000000
2003.102140, -66.134542, 0.000000
2003.117561, -66.279378, 0.000000
2003.133881, -66.424126, 0.000000
2003.150202, -66.568875, 0.000000
2003.166522, -66.713623, 0.000000
2003.182842, -66.858372, 0.000000
2003.199163, -67.003121, 0.000000
2003.215483, -67.147869, 0.000000
2003.231804, -67.292618, 0.000000
2003.248124, -67.437366, 1.000000
2003.264445, -67.582115, 1.000000
2003.268703, -67.728224, 1.000000
2003.281217, -67.873619, 1.000000
2003.285486, -68.020098, 1.000000
2003.289754, -68.166578, 1.000000
2003.294023, -68.313058, 1.000000
2003.310385, -68.458174, 1.000000
2003.314654, -68.604654, 1.000000
2003.331016, -68.749771, 1.000000
2003.432155, -68.887218, 1.000000
2003.448702, -69.032329, 1.000000
2003.465248, -69.177441, 1.000000
2003.469702, -69.323931, 1.000000
2003.486249, -69.469043, 1.000000
2003.502796, -69.614154, 1.000000
2003.507249, -69.760645, 1.000000
2003.511703, -69.907135, 1.000000
2003.528250, -70.052247, 1.000000
2003.532704, -70.198737, 1.000000
2003.537158, -70.345227, 1.000000
2003.541612, -70.491718, 1.000000
2003.565076, -70.642111, 0.000000
2003.582142, -70.786594, 0.000000
2003.611248, -70.929655, 0.000000
2003.628315, -71.074139, 0.000000
2003.645381, -71.218622, 0.000000
2003.662447, -71.363105, 0.000000
2003.691554, -71.506166, 0.000000
2003.708620, -71.650650, 0.000000
2003.725686, -71.795133, 0.000000
2003.736487, -71.940917, 0.000000
2003.765715, -72.084575, 0.000000
2003.782852, -72.229661, 0.000000
2003.799990, -72.374748, 0.000000
2003.817127, -72.519834, 0.000000
2003.846355, -72.663492, 0.000000
2003.863493, -72.808578, 0.000000
2003.880630, -72.953665, 0.000000
2003.905274, -73.097741, 0.000000
2003.934356, -73.240679, 0.000000
2003.951407, -73.385037, 0.000000
2003.968459, -73.529395, 0.000000
2003.985510, -73.673754, 0.000000
2004.014592, -73.816691, 0.000000
2004.031643, -73.961050, 0.000000
2004.048695, -74.105408, 0.000000
2004.065746, -74.249767, 0.000000
2004.094828, -74.392704, 0.000000
2004.109851, -74.537388, 0.000000
2004.126926, -74.681948, 0.000000
2004.144001, -74.826509, 0.000000
2004.161077, -74.971069, 0.000000
2004.190199, -75.114207, 0.000000
2004.207274, -75.258768, 0.000000
2004.224350, -75.403328, 0.000000
2004.241425, -75.547889, 0.000000
2004.270547, -75.691027, 0.000000
2004.287623, -75.835587, 0.000000
2004.304698, -75.980148, 0.000000
2004.324139, -76.124205, 0.000000
2004.353212, -76.267104, 0.000000
2004.363253, -76.558584, 1.000000
2004.368273, -76.704324, 1.000000
2004.385320, -76.848643, 1.000000
2004.390340, -76.994384, 1.000000
2004.407387, -77.138703, 1.000000
2004.424434, -77.283022, 1.000000
2004.433901, -77.428873, 1.000000
2004.451037, -77.573946, 1.000000
2004.456083, -77.720446, 1.000000
2004.473219, -77.865518, 1.000000
2004.478266, -78.012019, 1.000000
2004.495402, -78.157091, 1.000000
2004.500448, -78.303591, 1.000000
2004.505495, -78.450092, 1.000000
2004.510541, -78.596592, 1.000000
2004.533571, -78.740732, 0.000000
2004.550641, -78.885245, 0.000000
2004.567710, -79.029757, 0.000000
2004.596823, -79.172848, 0.000000
2004.613893, -79.317361, 0.000000
2004.630962, -79.461873, 0.000000
2004.648032, -79.606386, 0.000000
2004.665102, -79.750899, 0.000000
2004.682172, -79.895412, 0.000000
2004.707375, -80.039059, 0.000000
2004.724489, -80.183949, 0.000000
2004.741603, -80.328838, 0.000000
2004.758718, -80.473727, 0.000000
2004.775832, -80.618616, 0.000000
2004.792946, -80.763505, 0.000000
2004.822134, -80.906968, 0.000000
2004.839249, -81.051857, 0.000000
2004.856363, -81.196746, 0.000000
2004.873477, -81.341636, 0.000000
2004.886239, -81.487146, 0.000000
2004.903403, -81.632458, 0.000000
2004.932676, -81.776339, 0.000000
2004.949840, -81.921650, 0.000000
2004.967004, -82.066962, 0.000000
2004.984169, -82.212274, 0.000000
2005.001333, -82.357585, 0.000000
2005.018497, -82.502897, 0.000000
2005.056534, -82.645670, 0.000000
2005.073596, -82.790119, 0.000000
2005.090658, -82.934567, 0.000000
2005.107720, -83.079016, 0.000000
2005.121448, -83.236439, 0.000000
2005.139780, -83.381237, 0.000000
2005.170179, -83.524506, 0.000000
2005.188512, -83.669304, 0.000000
2005.206845, -83.814102, 1.000000
2005.213111, -83.960427, 1.000000
2005.219377, -84.106752, 1.000000
2005.225643, -84.253078, 1.000000
2005.271530, -84.395850, 1.000000
2005.326079, -84.535702, 1.000000
2005.332474, -84.681700, 1.000000
2005.350908, -84.826161, 1.000000
2005.357304, -84.972158, 1.000000
2005.375738, -85.116619, 1.000000
2005.394172, -85.261080, 1.000000
2005.400567, -85.407077, 1.000000
2005.419001, -85.551538, 1.000000
2005.446159, -85.695111, 1.000000
2005.464636, -85.839903, 1.000000
2005.483112, -85.984696, 1.000000
2005.489522, -86.131028, 1.000000
2005.507998, -86.275821, 1.000000
2005.514408, -86.422153, 1.000000
2005.532884, -86.566945, 1.000000
2005.573432, -86.708838, 1.000000
2005.591782, -86.852646, 1.000000
2005.598149, -86.997982, 1.000000
2005.604515, -87.143319, 1.000000
2005.622866, -87.287126, 0.000000
2005.641216, -87.430934, 0.000000
2005.659567, -87.574741, 0.000000
2005.666863, -87.719959, 0.000000
2005.685350, -87.864836, 0.000000
2005.703837, -88.009714, 0.000000
2005.722324, -88.154591, 0.000000
2005.740811, -88.299468, 0.000000
2005.759298, -88.444345, 0.000000
2005.777785, -88.589222, 0.000000
2005.796272, -88.734100, 0.000000
2005.814759, -88.878977, 0.000000
2005.830529, -89.024313, 0.000000
2005.849050, -89.169454, 0.000000
2005.867571, -89.314595, 0.000000
2005.886092, -89.459737, 0.000000
2005.904612, -89.604878, 0.000000
2005.923133, -89.750020, 0.000000
2005.941654, -89.895161, 0.000000
2005.960175, -90.040303, 0.000000
2005.978695, -90.185444, 0.000000
2006.006900, -90.328710, 0.000000
2006.025300, -90.472906, 0.000000
2006.043700, -90.617103, 0.000000
2006.062100, -90.761299, 0.000000
2006.080501, -90.905496, 0.000000
2006.098901, -91.049692, 0.000000
2006.117301, -91.193889, 0.000000
2006.123685, -91.339618, 1.000000
2006.130068, -91.485348, 1.000000
2006.160485, -91.628011, 1.000000
2006.219475, -91.767535, 1.000000
2006.237970, -91.912479, 1.000000
2006.256466, -92.057424, 1.000000
2006.262883, -92.203909, 1.000000
2006.281378, -92.348853, 1.000000
2006.299874, -92.493798, 1.000000
2006.332471, -92.636753, 1.000000
2006.350941, -92.781495, 1.000000
2006.369410, -92.926236, 1.000000
2006.375818, -93.072516, 1.000000
2006.394288, -93.217257, 1.000000
2006.400696, -93.363538, 1.000000
2006.407104, -93.509818, 1.000000
2006.425573, -93.654559, 1.000000
2006.433419, -93.800598, 1.000000
2006.451871, -93.945200, 1.000000
2006.458272, -94.091340, 1.000000
2006.464674, -94.237481, 1.000000
2006.483126, -94.382083, 0.000000
2006.501578, -94.526686, 0.000000
2006.520030, -94.671288, 0.000000
2006.538482, -94.815891, 0.000000
2006.557493, -94.948360, 0.000000
2006.574798, -95.092910, 0.000000
2006.592104, -95.237459, 0.000000
2006.609409, -95.382009, 0.000000
2006.614669, -95.528001, 0.000000
2006.631974, -95.672551, 0.000000
2006.649280, -95.817101, 0.000000
2006.666585, -95.961650, 0.000000
2006.683891, -96.106200, 0.000000
2006.701196, -96.250750, 0.000000
2006.718502, -96.395300, 0.000000
2006.735807, -96.539849, 0.000000
2006.753113, -96.684399, 0.000000
2006.767545, -96.810242, 0.000000
2006.783092, -96.955020, 0.000000
2006.798638, -97.099798, 0.000000
2006.814184, -97.244576, 0.000000
2006.829731, -97.389354, 0.000000
2006.833212, -97.535427, 0.000000
2006.848759, -97.680205, 0.000000
2006.864305, -97.824983, 0.000000
2006.879852, -97.969761, 0.000000
2006.897178, -98.114320, 0.000000
2006.912707, -98.258932, 0.000000
2006.928235, -98.403544, 0.000000
2006.943764, -98.548156, 0.000000
2006.959292, -98.692768, 0.000000
2006.974821, -98.837380, 0.000000
2006.990350, -98.981992, 0.000000
2007.005878, -99.126604, 0.000000
2007.021407, -99.271216, 0.000000
2007.036935, -99.415828, 0.000000
2007.052464, -99.560440, 0.000000
2007.055942, -99.706346, 0.000000
2007.067942, -99.851642, 0.000000
2007.083506, -99.996583, 0.000000
2007.099070, -100.141523, 0.000000
2007.114634, -100.286464, 0.000000
2007.130198, -100.431405, 0.000000
2007.145762, -100.576345, 0.000000
2007.149247, -100.722583, 1.000000
2007.164811, -100.867524, 1.000000
2007.192453, -101.011168, 1.000000
2007.225582, -101.154695, 1.000000
2007.241213, -101.300258, 1.000000
2007.256843, -101.445821, 1.000000
2007.260344, -101.592687, 1.000000
2007.275975, -101.738251, 1.000000
2007.291605, -101.883814, 1.000000
2007.295106, -102.030680, 1.000000
2007.322867, -102.174941, 1.000000
2007.371135, -102.316327, 1.000000
2007.386680, -102.461093, 1.000000
2007.390161, -102.607153, 1.000000
2007.405706, -102.751918, 1.000000
2007.421251, -102.896684, 1.000000
2007.424732, -103.042744, 1.000000
2007.428214, -103.188805, 1.000000
2007.431695, -103.334866, 1.000000
2007.435176, -103.480926, 1.000000
2007.453464, -103.771899, 0.000000
2007.469017, -103.916732, 0.000000
2007.496638, -104.060268, 0.000000
2007.512191, -104.205101, 0.000000
2007.527743, -104.349933, 0.000000
2007.543295, -104.494766, 0.000000
2007.564721, -104.638877, 0.000000
2007.580216, -104.783175, 0.000000
2007.607735, -104.926182, 0.000000
2007.623230, -105.070479, 0.000000
2007.638725, -105.214777, 0.000000
2007.654220, -105.359075, 0.000000
2007.669715, -105.503372, 0.000000
2007.685210, -105.647670, 0.000000
2007.712729, -105.790676, 0.000000
2007.728224, -105.934974, 0.000000
2007.743719, -106.079272, 0.000000
2007.759214, -106.223569, 0.000000
2007.774709, -106.367867, 0.000000
2007.802229, -106.510873, 0.000000
2007.817723, -106.655171, 0.000000
2007.833218, -106.799469, 0.000000
2007.848713, -106.943766, 0.000000
2007.864208, -107.088064, 0.000000
2007.879703, -107.232362, 0.000000
2007.905671, -107.375535, 0.000000
2007.921182, -107.519978, 0.000000
2007.936692, -107.664421, 0.000000
2007.952203, -107.808864, 0.000000
2007.967713, -107.953307, 0.000000
2007.983224, -108.097750, 0.000000
2008.010771, -108.240901, 0.000000
2008.026281, -108.385344, 0.000000
2008.041792, -108.529787, 0.000000
2008.056431, -108.663914, 0.000000
2008.070966, -108.808431, 0.000000
2008.097545, -108.951738, 0.000000
2008.112080, -109.096256, 0.000000
2008.126615, -109.240773, 0.000000
2008.129107, -109.386502, 1.000000
2008.131599, -109.532231, 1.000000
2008.134091, -109.677960, 1.000000
2008.136583, -109.823689, 1.000000
2008.151118, -109.968207, 1.000000
2008.165653, -110.112725, 1.000000
2008.219398, -110.247749, 1.000000
2008.233445, -110.393093, 1.000000
2008.235379, -110.539608, 1.000000
2008.249426, -110.684952, 1.000000
2008.251360, -110.831467, 1.000000
2008.253295, -110.977982, 1.000000
2008.267341, -111.123326, 1.000000
2008.281388, -111.268670, 1.000000
2008.283322, -111.415185, 1.000000
2008.297369, -111.560529, 1.000000
2008.338812, -111.703125, 1.000000
2008.352830, -111.848171, 1.000000
2008.366847, -111.993216, 1.000000
2008.380865, -112.138262, 1.000000
2008.382796, -112.284476, 1.000000
2008.396813, -112.429522, 1.000000
2008.398744, -112.575736, 1.000000
2008.424849, -112.719613, 1.000000
2008.469173, -112.861387, 1.000000
2008.483134, -113.005851, 1.000000
2008.485057, -113.151477, 1.000000
2008.499018, -113.295941, 0.000000
2008.512980, -113.440404, 0.000000
2008.526941, -113.584867, 0.000000
2008.540902, -113.729330, 0.000000
2008.554864, -113.873794, 0.000000
2008.568825, -114.018257, 0.000000
2008.594825, -114.161557, 0.000000
2008.598804, -114.307784, 0.000000
2008.612858, -114.453198, 0.000000
2008.626911, -114.598611, 0.000000
2008.640964, -114.744025, 0.000000
2008.655017, -114.889439, 0.000000
2008.669071, -115.034852, 0.000000
2008.683124, -115.180266, 0.000000
2008.697177, -115.325680, 0.000000
2008.711230, -115.471094, 0.000000
2008.729165, -115.616008, 0.000000
2008.743183, -115.761054, 0.000000
2008.757201, -115.906100, 0.000000
2008.783305, -116.049977, 0.000000
2008.797323, -116.195023, 0.000000
2008.811341, -116.340069, 0.000000
2008.825358, -116.485115, 0.000000
2008.839376, -116.630161, 0.000000
2008.854380, -116.775055, 0.000000
2008.868389, -116.920007, 0.000000
2008.882397, -117.064958, 0.000000
2008.890534, -117.210760, 0.000000
2008.904597, -117.356274, 0.000000
2008.918660, -117.501787, 0.000000
2008.932722, -117.647300, 0.000000
2008.946785, -117.792813, 0.000000
2008.972974, -117.937154, 0.000000
2009.002133, -118.228047, 0.000000
2009.016186, -118.373461, 0.000000
2009.030239, -118.518875, 0.000000
2009.044292, -118.664288, 0.000000
2009.058346, -118.809702, 1.000000
2009.060281, -118.956287, 1.000000
2009.074334, -119.101700, 1.000000
2009.088388, -119.247114, 1.000000
2009.102441, -119.392528, 1.000000
2009.152847, -119.534428, 1.000000
2009.216861, -119.674886, 1.000000
2009.230900, -119.820148, 1.000000
2009.244938, -119.965411, 1.000000
2009.258977, -120.110673, 1.000000
2009.273015, -120.255935, 1.000000
2009.274949, -120.402367, 1.000000
2009.288987, -120.547630, 1.000000
2009.303026, -120.692892, 1.000000
2009.317065, -120.838154, 1.000000
2009.373424, -120.979067, 1.000000
2009.401381, -121.268354, 1.000000
2009.403307, -121.414163, 1.000000
2009.405232, -121.559972, 1.000000
2009.395103, -121.706945, 0.000000
2009.409082, -121.851589, 0.000000
2009.435115, -121.995068, 0.000000
2009.457368, -122.169148, 0.000000
2009.474297, -122.312989, 0.000000
2009.491226, -122.456830, 0.000000
2009.520142, -122.599260, 0.000000
2009.537071, -122.743101, 0.000000
2009.545342, -122.902275, 0.000000
2009.563810, -123.047002, 0.000000
2009.594339, -123.190190, 0.000000
2009.612807, -123.334917, 0.000000
2009.631274, -123.479644, 0.000000
2009.649742, -123.624371, 0.000000
2009.680271, -123.767559, 0.000000
2009.698738, -123.912286, 0.000000
2009.717206, -124.057012, 0.000000
2009.743976, -124.200244, 0.000000
2009.774324, -124.342584, 0.000000
2009.792682, -124.486454, 0.000000
2009.811041, -124.630324, 0.000000
2009.829399, -124.774194, 0.000000
2009.859747, -124.916534, 0.000000
2009.878105, -125.060404, 0.000000
2009.896464, -125.204273, 1.000000
2009.915855, -125.348503, 1.000000
2009.922276, -125.495074, 1.000000
2009.940782, -125.640104, 1.000000
2009.947203, -125.786676, 1.000000
2009.965709, -125.931705, 1.000000
2009.984216, -126.076735, 1.000000
2010.002722, -126.221765, 1.000000
2010.009143, -126.368336, 1.000000
2010.027649, -126.513366, 1.000000
2010.058242, -126.656853, 1.000000
2010.111839, -126.796619, 1.000000
2010.130197, -126.940489, 1.000000
2010.148556, -127.084359, 1.000000
2010.154925, -127.229759, 1.000000
2010.173284, -127.373629, 1.000000
2010.191642, -127.517498, 1.000000
2010.198011, -127.662898, 1.000000
2010.204381, -127.808298, 1.000000
2010.146131, -127.962215, 1.000000
2010.152521, -128.108079, 1.000000
2010.170938, -128.252408, 1.000000
2010.177328, -128.398272, 1.000000
2010.195745, -128.542601, 1.000000
2010.202134, -128.688465, 1.000000
2010.208524, -128.834329, 1.000000
2010.232033, -128.978120, 1.000000
2010.250535, -129.123111, 1.000000
2010.244871, -129.271185, 1.000000
2010.251290, -129.417718, 0.000000
2010.281874, -129.561167, 0.000000
2010.300376, -129.706158, 0.000000
2010.318877, -129.851149, 0.000000
2010.349461, -129.994598, 0.000000
2010.367963, -130.139589, 0.000000
2010.390135, -130.283964, 0.000000
2010.420645, -130.427068, 0.000000
2010.439102, -130.571710, 0.000000
2010.457559, -130.716353, 0.000000
2010.488070, -130.859457, 0.000000
2010.506527, -131.004099, 0.000000
2010.524984, -131.148742, 0.000000
2010.555494, -131.291846, 0.000000
2010.572402, -131.436814, 0.000000
2010.590878, -131.581608, 0.000000
2010.621421, -131.724862, 0.000000
2010.639897, -131.869656, 0.000000
2010.658373, -132.014450, 0.000000
2010.688916, -132.157704, 0.000000
2010.707392, -132.302498, 0.000000
2010.730765, -132.446586, 0.000000
2010.749180, -132.590897, 0.000000
2010.779621, -132.733673, 0.000000
2010.798036, -132.877985, 0.000000
2010.816450, -133.022296, 0.000000
2010.846891, -133.165073, 0.000000
2010.865306, -133.309384, 0.000000
2010.883721, -133.453695, 0.000000
2010.914161, -133.596472, 0.000000
2010.924963, -133.742412, 0.000000
2010.943477, -133.887499, 0.000000
2010.974081, -134.031043, 0.000000
2010.992595, -134.176131, 0.000000
2011.011109, -134.321218, 0.000000
2011.041713, -134.464762, 0.000000
2011.060227, -134.609850, 0.000000
2011.084618, -134.758655, 0.000000
2011.115553, -134.901565, 0.000000
2011.134449, -135.046049, 1.000000
2011.129263, -135.193683, 1.000000
2011.136118, -135.339742, 1.000000
2011.142973, -135.485801, 1.000000
2011.161868, -135.630286, 1.000000
2011.180763, -135.774770, 1.000000
2011.199658, -135.919255, 1.000000
2011.218553, -136.063739, 1.000000
2011.263298, -136.206511, 1.000000
2011.282348, -136.350823, 1.000000
2011.301398, -136.495136, 1.000000
2011.320448, -136.639448, 1.000000
2011.327472, -136.785348, 1.000000
2011.346522, -136.929660, 1.000000
2011.353546, -137.075560, 1.000000
2011.372596, -137.219873, 1.000000
2011.391646, -137.364185, 1.000000
2011.437689, -137.504704, 1.000000
2011.456699, -137.648714, 1.000000
2011.463709, -137.794309, 1.000000
2011.482719, -137.938319, 1.000000
2011.489728, -138.083913, 1.000000
2011.496737, -138.229508, 1.000000
2011.515747, -138.373518, 1.000000
2011.534757, -138.517528, 0.000000
2011.553767, -138.661538, 0.000000
2011.572777, -138.805549, 0.000000
2011.584344, -138.950604, 0.000000
2011.603452, -139.095353, 0.000000
2011.634622, -139.238510, 0.000000
2011.653729, -139.383259, 0.000000
2011.672837, -139.528009, 0.000000
2011.691944, -139.672758, 0.000000
2011.711052, -139.817507, 0.000000
2011.730160, -139.962256, 0.000000
2011.749267, -140.107006, 0.000000
2011.773887, -140.251027, 0.000000
2011.792922, -140.395225, 0.000000
2011.811957, -140.539423, 0.000000
2011.830992, -140.683621, 0.000000
2011.862043, -140.826233, 0.000000
2011.881078, -140.970431, 0.000000
2011.900113, -141.114629, 0.000000
2011.914763, -141.259632, 0.000000
2011.933857, -141.404275, 0.000000
2011.952950, -141.548918, 0.000000
2011.972044, -141.693561, 0.000000
2011.991138, -141.838204, 0.000000
2012.010231, -141.982848, 0.000000
2012.029325, -142.127491, 0.000000
2012.060472, -142.270543, 0.000000
2012.079566, -142.415186, 0.000000
2012.098659, -142.559829, 0.000000
2012.117753, -142.704472, 0.000000
2012.145223, -142.847792, 0.000000
2012.164203, -142.991580, 0.000000
2012.183184, -143.135368, 0.000000
2012.202165, -143.279157, 0.000000
2012.221146, -143.422945, 0.000000
2012.240126, -143.566733, 0.000000
2012.259107, -143.710522, 0.000000
2012.290070, -143.852728, 0.000000
2012.306104, -143.997191, 0.000000
2012.325125, -144.141286, 0.000000
2012.344146, -144.285380, 0.000000
2012.363168, -144.429475, 0.000000
2012.382189, -144.573569, 1.000000
2012.389202, -144.719249, 1.000000
2012.396215, -144.864928, 1.000000
2012.415236, -145.009022, 1.000000
2012.422250, -145.154702, 1.000000
2012.456845, -145.296960, 1.000000
2012.475980, -145.441916, 1.000000
2012.495114, -145.586871, 1.000000
2012.502170, -145.733422, 1.000000
2012.521305, -145.878378, 1.000000
2012.528360, -146.024928, 1.000000
2012.547495, -146.169884, 1.000000
2012.554550, -146.316434, 1.000000
2012.573685, -146.461390, 1.000000
2012.602787, -146.593664, 1.000000
2012.632662, -146.736142, 0.000000
2012.650539, -146.880109, 0.000000
2012.668416, -147.024077, 0.000000
2012.698291, -147.166554, 0.000000
2012.716168, -147.310521, 0.000000
2012.734045, -147.454489, 0.000000
2012.751922, -147.598456, 0.000000
2012.769800, -147.742423, 0.000000
2012.782018, -147.863085, 0.000000
2012.797533, -148.007564, 0.000000
2012.825087, -148.150749, 0.000000
2012.840601, -148.295228, 0.000000
2012.856115, -148.439706, 0.000000
2012.871629, -148.584184, 0.000000
2012.887144, -148.728663, 0.000000
2012.902658, -148.873141, 0.000000
2012.930212, -149.016326, 0.000000
2012.945726, -149.160805, 0.000000
2012.959498, -149.305637, 0.000000
2012.975032, -149.450296, 0.000000
2012.990565, -149.594955, 0.000000
2013.006099, -149.739614, 0.000000
2013.021633, -149.884273, 0.000000
2013.049221, -150.027637, 0.000000
2013.064755, -150.172296, 0.000000
2013.080288, -150.316955, 0.000000
2013.090222, -150.462411, 0.000000
2013.105818, -150.607652, 0.000000
2013.121414, -150.752892, 0.000000
2013.149114, -150.896833, 0.000000
2013.164710, -151.042073, 0.000000
2013.180306, -151.187313, 0.000000
2013.195902, -151.332554, 0.000000
2013.211498, -151.477794, 0.000000
2013.227094, -151.623034, 0.000000
2013.250182, -151.767139, 0.000000
2013.277732, -151.910301, 0.000000
2013.293244, -152.054756, 0.000000
2013.308756, -152.199211, 0.000000
2013.324267, -152.343666, 0.000000
2013.339779, -152.488121, 0.000000
2013.355291, -152.632576, 0.000000
2013.382840, -152.775738, 0.000000
2013.398352, -152.920193, 0.000000
2013.413864, -153.064647, 0.000000
2013.423326, -153.209915, 1.000000
2013.426816, -153.356312, 1.000000
2013.430305, -153.502710, 1.000000
2013.445886, -153.647809, 1.000000
2013.449375, -153.794206, 1.000000
2013.464956, -153.939305, 1.000000
2013.480537, -154.084404, 1.000000
2013.484026, -154.230802, 1.000000
2013.499607, -154.375901, 1.000000
2013.552065, -154.517013, 1.000000
2013.567639, -154.662049, 1.000000
2013.583213, -154.807084, 1.000000
2013.586701, -154.953418, 1.000000
2013.602275, -155.098453, 1.000000
2013.617849, -155.243489, 1.000000
2013.621337, -155.389822, 1.000000
2013.648997, -155.533559, 1.000000
2013.687416, -155.676873, 1.000000
2013.715352, -155.822043, 1.000000
2013.731081, -155.968524, 0.000000
2013.766021, -156.111708, 0.000000
2013.781526, -156.256098, 0.000000
2013.797031, -156.400488, 0.000000
2013.812535, -156.544878, 0.000000
2013.828040, -156.689268, 0.000000
2013.843545, -156.833658, 0.000000
2013.859050, -156.978048, 0.000000
2013.872470, -157.122854, 0.000000
2013.887999, -157.267472, 0.000000
2013.903528, -157.412089, 0.000000
2013.919058, -157.556707, 0.000000
2013.934587, -157.701324, 0.000000
2013.950116, -157.845942, 0.000000
2013.965645, -157.990559, 0.000000
2013.981175, -158.135177, 0.000000
2013.996704, -158.279795, 0.000000
2014.011391, -158.424541, 0.000000
2014.026930, -158.569250, 0.000000
2014.042469, -158.713959, 0.000000
2014.058008, -158.858668, 0.000000
2014.073547, -159.003377, 0.000000
2014.089086, -159.148086, 0.000000
2014.104625, -159.292795, 0.000000
2014.120164, -159.437504, 0.000000
2014.135703, -159.582213, 0.000000
2014.151242, -159.726922, 0.000000
2014.166621, -159.871650, 0.000000
2014.182162, -160.016376, 0.000000
2014.197703, -160.161103, 0.000000
2014.213244, -160.305829, 0.000000
2014.228785, -160.450556, 0.000000
2014.244325, -160.595282, 0.000000
2014.259866, -160.740008, 0.000000
2014.275407, -160.884735, 0.000000
2014.290948, -161.029461, 0.000000
2014.306489, -161.174187, 0.000000
2014.322030, -161.318914, 0.000000
2014.334044, -161.464245, 0.000000
2014.349626, -161.609356, 0.000000
2014.365208, -161.754466, 0.000000
2014.392883, -161.898278, 1.000000
2014.408465, -162.043388, 1.000000
2014.424047, -162.188498, 1.000000
2014.439629, -162.333609, 1.000000
2014.443118, -162.480017, 1.000000
2014.458701, -162.625128, 1.000000
2014.474283, -162.770238, 1.000000
2014.477772, -162.916647, 1.000000
2014.493354, -163.061757, 1.000000
2014.496844, -163.208166, 1.000000
2014.512426, -163.353276, 1.000000
2014.528008, -163.498386, 1.000000
2014.531498, -163.644795, 1.000000
2014.576149, -163.786696, 1.000000
2014.591674, -163.931282, 1.000000
2014.595151, -164.077162, 1.000000
2014.610677, -164.221748, 1.000000
2014.626203, -164.366334, 1.000000
2014.629680, -164.512214, 1.000000
2014.660732, -164.801386, 1.000000
2014.676257, -164.945972, 1.000000
2014.691783, -165.090558, 0.000000
2014.707309, -165.235144, 0.000000
2014.724889, -165.379399, 0.000000
2014.740391, -165.523768, 0.000000
2014.755894, -165.668137, 0.000000
2014.771396, -165.812505, 0.000000
2014.798929, -165.955582, 0.000000
2014.814432, -166.099951, 0.000000
2014.829934, -166.244319, 0.000000
2014.845437, -166.388688, 0.000000
2014.853051, -166.534401, 0.000000
2014.868644, -166.679613, 0.000000
2014.884237, -166.824825, 0.000000
2014.899830, -166.970037, 0.000000
2014.915423, -167.115249, 0.000000
2014.931016, -167.260461, 0.000000
2014.946609, -167.405673, 0.000000
2014.962202, -167.550885, 0.000000
2014.977795, -167.696097, 0.000000
2014.993388, -167.841309, 0.000000
2015.021082, -167.985221, 0.000000
2015.045959, -168.128845, 0.000000
2015.061445, -168.273056, 0.000000
2015.076930, -168.417266, 0.000000
2015.092416, -168.561477, 0.000000
2015.107901, -168.705687, 0.000000
2015.123387, -168.849898, 0.000000
2015.138872, -168.994108, 0.000000
2015.154358, -169.138319, 0.000000
2015.169843, -169.282529, 0.000000
2015.185092, -169.426776, 0.000000
2015.200581, -169.571012, 0.000000
2015.216069, -169.715248, 0.000000
2015.259065, -170.002429, 0.000000
2015.274553, -170.146665, 0.000000
2015.290041, -170.290901, 0.000000
2015.305530, -170.435137, 0.000000
2015.321018, -170.579373, 0.000000
2015.336506, -170.723609, 0.000000
2015.350488, -170.868103, 0.000000
2015.353960, -171.013796, 1.000000
2015.357433, -171.159488, 1.000000
2015.372938, -171.303888, 1.000000
2015.376411, -171.449580, 1.000000
2015.391917, -171.593980, 1.000000
2015.395389, -171.739672, 1.000000
2015.410895, -171.884072, 1.000000
2015.426401, -172.028472, 1.000000
2015.465663, -172.170332, 1.000000
2015.481172, -172.314765, 1.000000
2015.484646, -172.460490, 1.000000
2015.488119, -172.606216, 1.000000
2015.503629, -172.750649, 1.000000
2015.507102, -172.896374, 1.000000
2015.522611, -173.040807, 1.000000
2015.538121, -173.185241, 1.000000
2015.541594, -173.330966, 1.000000
2015.557103, -173.475399, 1.000000
2015.560577, -173.621125, 1.000000
2015.581010, -173.751190, 1.000000
2015.607268, -173.895161, 1.000000
2015.609335, -174.041492, 1.000000
2015.623497, -174.186643, 1.000000
2015.625563, -174.332974, 1.000000
2015.627630, -174.479305, 1.000000
2015.641792, -174.624456, 1.000000
2015.643858, -174.770787, 1.000000
2015.645924, -174.917118, 1.000000
2015.685053, -175.206553, 0.000000
2015.699228, -175.351835, 0.000000
2015.713403, -175.497117, 0.000000
2015.727578, -175.642399, 0.000000
2015.729646, -175.788862, 0.000000
2015.743821, -175.934144, 0.000000
2015.757996, -176.079426, 0.000000
2015.772171, -176.224708, 0.000000
2015.783796, -176.370410, 0.000000
2015.797995, -176.515946, 0.000000
2015.812195, -176.661483, 0.000000
2015.826395, -176.807019, 0.000000
2015.840595, -176.952556, 0.000000
2015.842667, -177.099275, 0.000000
2015.856867, -177.244812, 0.000000
2015.871066, -177.390348, 0.000000
2015.885266, -177.535885, 0.000000
2015.901644, -177.681045, 0.000000
2015.915823, -177.826366, 0.000000
2015.930001, -177.971687, 0.000000
2015.944180, -178.117008, 0.000000
2015.946249, -178.263510, 0.000000
2015.960428, -178.408831, 0.000000
2015.974606, -178.554151, 0.000000
2015.988785, -178.699472, 0.000000
2016.002964, -178.844793, 0.000000
2016.013663, -178.990453, 0.000000
2016.027874, -179.136113, 0.000000
2016.042086, -179.281773, 0.000000
2016.056298, -179.427434, 0.000000
2016.058372, -179.574278, 0.000000
2016.072584, -179.719938, 0.000000
2016.086796, -179.865599, 0.000000
2016.101007, -180.011259, 0.000000
2016.120606, -180.156393, 0.000000
2016.134767, -180.301532, 0.000000
2016.148928, -180.446671, 0.000000
2016.163089, -180.591810, 0.000000
2016.177251, -180.736949, 0.000000
2016.179317, -180.883268, 0.000000
2016.193478, -181.028407, 0.000000
2016.207639, -181.173546, 0.000000
2016.221800, -181.318685, 0.000000
2016.235961, -181.463824, 1.000000
2016.262217, -181.607783, 1.000000
2016.330116, -181.747452, 1.000000
2016.344224, -181.892053, 1.000000
2016.358333, -182.036654, 1.000000
2016.360391, -182.182430, 1.000000
2016.374500, -182.327031, 1.000000
2016.376558, -182.472808, 1.000000
2016.390667, -182.617409, 1.000000
2016.392725, -182.763185, 1.000000
2016.427282, -182.905822, 1.000000
2016.453507, -183.049606, 1.000000
2016.467651, -183.194569, 1.000000
2016.469714, -183.340711, 1.000000
2016.483858, -183.485675, 1.000000
2016.485922, -183.631817, 1.000000
2016.500066, -183.776780, 1.000000
2016.502129, -183.922922, 1.000000
2016.504193, -184.069064, 1.000000
2016.494176, -184.216385, 1.000000
2016.499306, -184.362056, 1.000000
2016.539593, -184.650224, 0.000000
2016.553708, -184.794896, 0.000000
2016.567824, -184.939568, 0.000000
2016.581939, -185.084240, 0.000000
2016.596055, -185.228912, 0.000000
2016.610170, -185.373584, 0.000000
2016.636341, -185.517080, 0.000000
2016.650457, -185.661752, 0.000000
2016.664572, -185.806424, 0.000000
2016.672275, -185.959724, 0.000000
2016.687193, -186.105044, 0.000000
2016.702111, -186.250363, 0.000000
2016.717028, -186.395683, 0.000000
2016.731946, -186.541003, 0.000000
2016.746864, -186.686323, 0.000000
2016.761782, -186.831643, 0.000000
2016.776700, -186.976962, 0.000000
2016.791618, -187.122282, 0.000000
2016.818646, -187.266359, 0.000000
2016.837770, -187.412224, 0.000000
2016.852740, -187.557137, 0.000000
2016.867711, -187.702050, 0.000000
2016.882682, -187.846962, 0.000000
2016.897652, -187.991875, 0.000000
2016.912623, -188.136788, 0.000000
2016.927594, -188.281700, 0.000000
2016.942564, -188.426613, 0.000000
2016.957535, -188.571526, 0.000000
2016.972506, -188.716439, 0.000000
2016.992000, -188.860475, 0.000000
2017.018964, -189.003702, 0.000000
2017.033889, -189.148173, 0.000000
2017.048814, -189.292644, 0.000000
2017.063739, -189.437115, 0.000000
2017.078664, -189.581586, 0.000000
2017.095486, -189.725845, 0.000000
2017.110392, -189.870131, 1.000000
2017.125298, -190.014416, 1.000000
2017.128180, -190.159944, 1.000000
2017.131062, -190.305472, 1.000000
2017.145968, -190.449758, 1.000000
2017.148850, -190.595286, 1.000000
2017.163756, -190.739571, 1.000000
2017.178662, -190.883857, 1.000000
2017.197179, -191.028386, 1.000000
2017.212169, -191.173486, 1.000000
2017.215067, -191.319834, 1.000000
2017.230057, -191.464933, 1.000000
2017.232956, -191.611282, 1.000000
2017.247946, -191.756381, 1.000000
2017.262936, -191.901481, 1.000000
2017.265834, -192.047829, 1.000000
2017.280824, -192.192928, 1.000000
2017.319370, -192.335620, 1.000000
2017.334366, -192.480779, 1.000000
2017.337265, -192.627188, 1.000000
2017.352261, -192.772347, 1.000000
2017.355161, -192.918756, 1.000000
2017.370157, -193.063916, 1.000000
2017.360960, -193.211574, 1.000000
2017.351763, -193.359233, 1.000000
2017.366759, -193.504392, 0.000000
2017.378924, -193.649844, 0.000000
2017.393947, -193.795261, 0.000000
2017.408969, -193.940678, 0.000000
2017.436110, -194.084842, 0.000000
2017.451133, -194.230259, 0.000000
2017.466156, -194.375676, 0.000000
2017.481178, -194.521093, 0.000000
2017.496201, -194.666509, 0.000000
2017.516717, -194.811274, 0.000000
2017.531688, -194.956186, 0.000000
2017.546658, -195.101099, 0.000000
2017.573705, -195.244764, 0.000000
2017.588676, -195.389677, 0.000000
2017.603647, -195.534590, 0.000000
2017.618617, -195.679502, 0.000000
2017.633588, -195.824415, 0.000000
2017.648559, -195.969328, 0.000000
2017.670317, -196.113487, 0.000000
2017.685222, -196.257772, 0.000000
2017.712152, -196.400816, 0.000000
2017.727058, -196.545102, 0.000000
2017.741964, -196.689387, 0.000000
2017.756870, -196.833673, 0.000000
2017.771776, -196.977959, 0.000000
2017.786682, -197.122244, 0.000000
2017.801587, -197.266530, 0.000000
2017.808075, -197.415069, 0.000000
2017.835412, -197.558891, 0.000000
2017.850657, -197.703983, 0.000000
2017.865902, -197.849076, 0.000000
2017.881147, -197.994168, 0.000000
2017.908484, -198.137990, 1.000000
2017.911638, -198.284353, 1.000000
2017.914792, -198.430716, 1.000000
2017.942128, -198.574538, 1.000000
2017.991188, -198.729680, 1.000000
2017.995674, -198.875331, 1.000000
2018.012183, -199.019606, 1.000000
2018.028692, -199.163882, 1.000000
2018.033178, -199.309533, 1.000000
2018.049687, -199.453808, 1.000000
2018.054174, -199.599460, 1.000000
2018.070683, -199.743735, 1.000000
2018.075169, -199.889386, 1.000000
2018.091678, -200.033662, 1.000000
2018.108187, -200.177937, 1.000000
2018.157014, -200.318574, 1.000000
2018.197669, -200.460447, 1.000000
2018.202166, -200.606456, 1.000000
2018.218716, -200.751087, 1.000000
2018.223213, -200.897097, 1.000000
2018.239763, -201.041727, 1.000000
2018.244260, -201.187737, 1.000000
2018.248757, -201.333746, 1.000000
2018.253255, -201.479756, 1.000000
2018.279945, -201.623241, 1.000000
2018.320649, -201.765288, 0.000000
2018.337220, -201.910097, 0.000000
2018.353790, -202.054905, 0.000000
2018.370360, -202.199714, 0.000000
2018.386930, -202.344523, 0.000000
2018.403500, -202.489331, 0.000000
2018.420070, -202.634140, 0.000000
2018.436641, -202.778948, 0.000000
2018.453211, -202.923757, 0.000000
2018.487921, -203.065947, 0.000000
2018.504424, -203.210172, 0.000000
2018.520928, -203.354396, 0.000000
2018.537431, -203.498621, 0.000000
2018.553934, -203.642845, 0.000000
2018.570437, -203.787069, 0.000000
2018.586941, -203.931294, 0.000000
2018.603444, -204.075518, 0.000000
2018.619947, -204.219743, 0.000000
2018.636032, -204.364028, 0.000000
2018.652540, -204.508293, 0.000000
2018.669048, -204.652557, 0.000000
2018.685556, -204.796822, 0.000000
2018.702064, -204.941086, 0.000000
2018.718571, -205.085351, 0.000000
2018.735079, -205.229615, 0.000000
2018.751587, -205.373880, 0.000000
2018.780117, -205.516768, 0.000000
2018.790072, -205.662049, 0.000000
2018.806653, -205.806946, 0.000000
2018.823233, -205.951842, 0.000000
2018.839813, -206.096739, 0.000000
