2074.490143, -750.441474, 0.000000
2074.635422, -750.446491, 0.000000
2074.780701, -750.451507, 0.000000
2074.929325, -750.359671, 0.000000
2075.071124, -750.469117, 1.000000
2075.217073, -750.462015, 0.000000
2075.362602, -750.467040, 0.000000
2075.508132, -750.472065, 0.000000
2075.653244, -750.489217, 0.000000
2075.798774, -750.494242, 0.000000
2075.944304, -750.499267, 0.000000
2076.092606, -750.415014, 0.000000
2076.234382, -750.516769, 0.000000
2076.379498, -750.521780, 0.000000
2076.524615, -750.526791, 0.000000
2076.669314, -750.543894, 0.000000
2076.814430, -750.548905, 0.000000
2076.959547, -750.553916, 0.000000
2077.104663, -750.558927, 0.000000
2077.250111, -750.559595, 0.000000
2077.395469, -750.564614, 0.000000
2077.540828, -750.569633, 0.000000
2077.686186, -750.574652, 0.000000
2077.831126, -750.591785, 0.000000
2077.976484, -750.596804, 0.000000
2078.121842, -750.601823, 0.000000
2078.274729, -750.388805, 0.000000
2078.413242, -750.600918, 0.000000
2078.559212, -750.605959, 0.000000
2078.705181, -750.610999, 0.000000
2078.851151, -750.616039, 0.000000
2078.996700, -750.633243, 0.000000
2079.142670, -750.638284, 0.000000
2079.288639, -750.643324, 0.000000
2079.186694, -750.674853, 1.000000
2079.330854, -750.653895, 0.000000
2079.475755, -750.645012, 0.000000
2079.620656, -750.636129, 0.000000
2079.765557, -750.627246, 0.000000
2079.911199, -750.630438, 0.000000
2080.056100, -750.621555, 0.000000
2080.201001, -750.612672, 0.000000
2080.347382, -750.627939, 1.000000
2080.484005, -750.607432, 1.000000
2080.627317, -750.573980, 1.000000
2080.770629, -750.540527, 0.000000
2080.915492, -750.531219, 0.000000
2081.060356, -750.521910, 0.000000
2081.205219, -750.512601, 0.000000
2081.350082, -750.503293, 0.000000
2081.498619, -750.548476, 1.000000
2081.642944, -750.514787, 1.000000
2081.786489, -750.468940, 1.000000
2081.931595, -750.447409, 0.000000
2082.078264, -750.450191, 0.000000
2082.224152, -750.440817, 0.000000
2082.370040, -750.431442, 0.000000
2082.515928, -750.422068, 0.000000
2082.661816, -750.412694, 0.000000
2082.809514, -750.438918, 1.000000
2082.953212, -750.405375, 1.000000
2083.098466, -750.396042, 0.000000
2083.243720, -750.386708, 0.000000
2083.388974, -750.377374, 0.000000
2083.534227, -750.368040, 0.000000
2083.680259, -750.370811, 0.000000
2083.825513, -750.361477, 0.000000
2083.972322, -750.376353, 1.000000
2084.117494, -750.360354, 1.000000
2084.260785, -750.314589, 1.000000
2084.405635, -750.293095, 0.000000
2084.551264, -750.283737, 0.000000
2084.697674, -750.286515, 0.000000
2084.843304, -750.277157, 0.000000
2084.988934, -750.267799, 0.000000
2085.135344, -750.270577, 0.000000
2085.283313, -750.297627, 1.000000
2085.429106, -750.301791, 1.000000
2085.571642, -750.256266, 1.000000
2085.716506, -750.246958, 0.000000
2085.862145, -750.249721, 0.000000
2086.007008, -750.240412, 0.000000
2086.151872, -750.231104, 0.000000
2086.297511, -750.233867, 0.000000
2086.444596, -750.257334, 1.000000
2086.588879, -750.235924, 1.000000
2086.732386, -750.202426, 1.000000
2086.875893, -750.168928, 1.000000
2087.017847, -750.111253, 0.000000
2087.165238, -750.138197, 0.000000
2087.311852, -750.153053, 0.000000
2087.457689, -750.155820, 0.000000
2087.605080, -750.182764, 1.000000
2087.751621, -750.193072, 1.000000
2087.895388, -750.159513, 1.000000
2088.039155, -750.125954, 1.000000
2088.182922, -750.092396, 1.000000
2088.326689, -750.058837, 1.000000
2088.470456, -750.025278, 1.000000
2088.614223, -749.991719, 1.000000
2088.769691, -750.140460, 1.000000
2088.914977, -750.131124, 1.000000
2089.058707, -750.097574, 1.000000
2089.202437, -750.064024, 1.000000
2089.346166, -750.030474, 1.000000
2089.489896, -749.996924, 1.000000
2089.633626, -749.963374, 1.000000
2089.777356, -749.929824, 1.000000
2089.932608, -750.075182, 1.000000
2090.078052, -750.065836, 1.000000
2090.221938, -750.032249, 1.000000
2090.366603, -750.010783, 1.000000
2090.510489, -749.977196, 1.000000
2090.655932, -749.967851, 0.000000
2090.802155, -749.970625, 0.000000
2090.948377, -749.973399, 0.000000
2091.094600, -749.976174, 0.000000
2091.243843, -750.029162, 1.000000
2091.388469, -750.019868, 1.000000
2091.531545, -749.986471, 1.000000
2091.675396, -749.965125, 1.000000
2091.818473, -749.931727, 1.000000
2091.961550, -749.898330, 1.000000
2092.105401, -749.876984, 1.000000
2092.253571, -749.922846, 1.000000
2092.402320, -749.962031, 1.000000
2092.546390, -749.928402, 1.000000
2092.691240, -749.906908, 1.000000
2092.836090, -749.885414, 1.000000
2092.980160, -749.851785, 1.000000
2093.125010, -749.830291, 1.000000
2093.269080, -749.796662, 1.000000
2093.413930, -749.775168, 1.000000
2093.435897, -749.879920, 1.000000
2093.586200, -749.911091, 1.000000
2093.729404, -749.882003, 1.000000
2093.871188, -749.840862, 1.000000
2094.014392, -749.811773, 1.000000
2094.157595, -749.782684, 1.000000
2094.299379, -749.741544, 1.000000
2094.442583, -749.712455, 1.000000
2094.585787, -749.683366, 1.000000
2094.728991, -749.654277, 1.000000
2094.950592, -749.790972, 1.000000
2095.094420, -749.765426, 1.000000
2095.238247, -749.739880, 1.000000
2095.382074, -749.714333, 1.000000
2095.525901, -749.688787, 1.000000
2095.669728, -749.663241, 1.000000
2095.813556, -749.637695, 1.000000
2095.964591, -749.689323, 1.000000
2096.112244, -749.700048, 1.000000
2096.256519, -749.674422, 1.000000
2096.400794, -749.648796, 1.000000
2096.545069, -749.623170, 1.000000
2096.689345, -749.597544, 1.000000
2096.833620, -749.571918, 1.000000
2096.977895, -749.546292, 1.000000
2097.122170, -749.520666, 1.000000
2097.423249, -749.609973, 1.000000
2097.567076, -749.584427, 1.000000
2097.710903, -749.558880, 1.000000
2097.854730, -749.533334, 1.000000
2097.998557, -749.507788, 1.000000
2098.143507, -749.494321, 1.000000
2098.287334, -749.468774, 1.000000
2098.431161, -749.443228, 1.000000
2098.578355, -749.453919, 1.000000
2098.728378, -749.487524, 1.000000
2098.873032, -749.461831, 1.000000
2099.018815, -749.448286, 1.000000
2099.163468, -749.422593, 1.000000
2099.308122, -749.396900, 1.000000
2099.452776, -749.371207, 1.000000
2099.598559, -749.357662, 1.000000
2099.751114, -749.425074, 1.000000
2099.894505, -749.399605, 1.000000
2100.039016, -749.386179, 1.000000
2100.182407, -749.360710, 1.000000
2100.325798, -749.335241, 1.000000
2100.469190, -749.309772, 1.000000
2100.612581, -749.284303, 1.000000
2100.757091, -749.270877, 1.000000
2100.901601, -749.257450, 1.000000
2101.048755, -749.269451, 1.000000
2101.195056, -749.268061, 1.000000
2101.339109, -749.242475, 1.000000
2101.483163, -749.216888, 1.000000
2101.627216, -749.191302, 1.000000
2101.772393, -749.177813, 1.000000
2101.916447, -749.152227, 1.000000
2102.060500, -749.126641, 1.000000
2102.205677, -749.113152, 1.000000
2102.351947, -749.111197, 1.000000
2102.496034, -749.085604, 1.000000
2102.640122, -749.060011, 1.000000
2102.785334, -749.046520, 1.000000
2102.929422, -749.020927, 1.000000
2103.073510, -748.995335, 1.000000
2103.218722, -748.981843, 1.000000
2103.363934, -748.968352, 1.000000
2103.510292, -748.967536, 1.000000
2103.654345, -748.941950, 1.000000
2103.798398, -748.916363, 1.000000
2103.942452, -748.890777, 1.000000
2104.086505, -748.865190, 1.000000
2104.231682, -748.851702, 1.000000
2104.375736, -748.826116, 1.000000
2104.519789, -748.800529, 1.000000
2104.670919, -748.851313, 1.000000
2104.819235, -748.874083, 1.000000
2104.963062, -748.848537, 1.000000
2105.106889, -748.822990, 1.000000
2105.250716, -748.797444, 1.000000
2105.394544, -748.771898, 1.000000
2105.539493, -748.758431, 1.000000
2105.684443, -748.744963, 1.000000
2105.828270, -748.719417, 1.000000
2105.974341, -748.718029, 1.000000
2106.194360, -748.740319, 1.000000
2106.339538, -748.731209, 1.000000
2106.483956, -748.710001, 1.000000
2106.629134, -748.700891, 1.000000
2106.773553, -748.679683, 1.000000
2106.917971, -748.658475, 1.000000
2107.062390, -748.637266, 1.000000
2107.354016, -748.604300, 1.000000
2107.498609, -748.583185, 1.000000
2107.643953, -748.574183, 1.000000
2107.788546, -748.553068, 1.000000
2107.933140, -748.531954, 1.000000
2108.078483, -748.522951, 1.000000
2108.223077, -748.501837, 1.000000
2108.368421, -748.492834, 1.000000
2108.512944, -748.463746, 1.000000
2108.658748, -748.454715, 1.000000
2108.803800, -748.433533, 1.000000
2108.949605, -748.424502, 1.000000
2109.094656, -748.403321, 1.000000
2109.239708, -748.382139, 1.000000
2109.385513, -748.373108, 1.000000
2109.531317, -748.364077, 1.000000
2109.678692, -748.384403, 1.000000
2109.824257, -748.387502, 1.000000
2109.968327, -748.366464, 1.000000
2110.112396, -748.345425, 1.000000
2110.257214, -748.336456, 1.000000
2110.401284, -748.315418, 1.000000
2110.545353, -748.294380, 1.000000
2110.690171, -748.285410, 1.000000
2110.834116, -748.252211, 1.000000
2110.978865, -748.231074, 1.000000
2111.123614, -748.209936, 1.000000
2111.268363, -748.188799, 1.000000
2111.413864, -748.179787, 1.000000
2111.558613, -748.158650, 1.000000
2111.703362, -748.137512, 1.000000
2111.848862, -748.128500, 1.000000
2111.993394, -748.101804, 1.000000
2112.138446, -748.080623, 1.000000
2112.283498, -748.059442, 1.000000
2112.429302, -748.050411, 1.000000
2112.574354, -748.029229, 1.000000
2112.719406, -748.008048, 1.000000
2112.864458, -747.986866, 1.000000
2113.009510, -747.965685, 1.000000
2113.155314, -747.956654, 1.000000
2113.301374, -747.959285, 1.000000
2113.445808, -747.938194, 1.000000
2113.590243, -747.917102, 1.000000
2113.735427, -747.908110, 1.000000
2113.879861, -747.887018, 1.000000
2114.024296, -747.865927, 1.000000
2114.169480, -747.856934, 1.000000
2114.315454, -747.857596, 1.000000
2114.461406, -747.848556, 1.000000
2114.606605, -747.827353, 1.000000
2114.751804, -747.806150, 1.000000
2114.897003, -747.784947, 1.000000
2115.042955, -747.775907, 1.000000
2115.188154, -747.754704, 1.000000
2115.333352, -747.733501, 1.000000
2115.479304, -747.724461, 1.000000
2115.624918, -747.714750, 1.000000
2115.770280, -747.705746, 1.000000
2115.914891, -747.684629, 1.000000
2116.059501, -747.663512, 1.000000
2116.204112, -747.642395, 1.000000
2116.348723, -747.621278, 1.000000
2116.494084, -747.612274, 1.000000
2116.638695, -747.591157, 1.000000
2116.783213, -747.564196, 1.000000
2116.928115, -747.543037, 1.000000
2117.073017, -747.521877, 1.000000
2117.217919, -747.500718, 1.000000
2117.362821, -747.479558, 1.000000
2117.507723, -747.458399, 1.000000
2117.652625, -747.437239, 1.000000
2117.797527, -747.416079, 1.000000
2117.939715, -747.348516, 1.000000
2118.084340, -747.315109, 1.000000
2118.229718, -747.293880, 1.000000
2118.375097, -747.272651, 1.000000
2118.520475, -747.251422, 1.000000
2118.665854, -747.230193, 1.000000
2118.811232, -747.208963, 1.000000
2118.955461, -747.170501, 1.000000
2119.099760, -747.137169, 1.000000
2119.244812, -747.115988, 1.000000
2119.389864, -747.094806, 1.000000
2119.534916, -747.073625, 1.000000
2119.679968, -747.052443, 1.000000
2119.825019, -747.031262, 1.000000
2119.970071, -747.010080, 1.000000
2120.115876, -747.001049, 1.000000
2120.255937, -746.989902, 1.000000
2120.401055, -746.968454, 1.000000
2120.546173, -746.947006, 1.000000
2120.691292, -746.925558, 1.000000
2120.836410, -746.904109, 1.000000
2120.981528, -746.882661, 1.000000
2121.126646, -746.861213, 1.000000
2121.272538, -746.851922, 1.000000
2121.420757, -746.856917, 1.000000
2121.566557, -746.847696, 1.000000
2121.711589, -746.826325, 1.000000
2121.856620, -746.804954, 1.000000
2122.001652, -746.783583, 1.000000
2122.146683, -746.762213, 1.000000
2122.291715, -746.740842, 1.000000
2122.436746, -746.719471, 1.000000
2122.581777, -746.698100, 1.000000
2122.729362, -746.718062, 1.000000
2122.874429, -746.708888, 1.000000
2123.018732, -746.687624, 1.000000
2123.163035, -746.666361, 1.000000
2123.307338, -746.645097, 1.000000
2123.451641, -746.623833, 1.000000
2123.595179, -746.590481, 1.000000
2123.739482, -746.569217, 1.000000
2123.884549, -746.560043, 1.000000
2124.027805, -746.521258, 1.000000
2124.173605, -746.512037, 1.000000
2124.318637, -746.490666, 1.000000
2124.463668, -746.469295, 1.000000
2124.608699, -746.447924, 1.000000
2124.752963, -746.414403, 1.000000
2124.897994, -746.393032, 1.000000
2125.043025, -746.371662, 1.000000
2125.188057, -746.350291, 1.000000
2125.334625, -746.353220, 1.000000
2125.481951, -746.367913, 1.000000
2125.626998, -746.346540, 1.000000
2125.771277, -746.313015, 1.000000
2125.916324, -746.291642, 1.000000
2126.061371, -746.270269, 1.000000
2126.205650, -746.236744, 1.000000
2126.350697, -746.215371, 1.000000
2126.496513, -746.206149, 1.000000
2126.643427, -746.218150, 1.000000
2126.788113, -746.196830, 1.000000
2126.932032, -746.163390, 1.000000
2127.076718, -746.142070, 1.000000
2127.220637, -746.108629, 1.000000
2127.365322, -746.087309, 1.000000
2127.509241, -746.053868, 1.000000
2127.652394, -746.008306, 1.000000
2127.794013, -745.938502, 1.000000
2127.942703, -745.980488, 1.000000
2128.090055, -745.995568, 1.000000
2128.234334, -745.962044, 1.000000
2128.375539, -745.879914, 1.000000
2131.074191, -749.248344, 1.000000
2131.219507, -749.239154, 1.000000
2131.364057, -749.217854, 1.000000
2131.509373, -749.208664, 1.000000
2131.654689, -749.199473, 1.000000
2131.800015, -749.189149, 1.000000
2131.945046, -749.167778, 1.000000
2132.090846, -749.158557, 1.000000
2132.235877, -749.137186, 1.000000
2132.381677, -749.127966, 1.000000
2132.526709, -749.106595, 1.000000
2132.671740, -749.085224, 1.000000
2132.817540, -749.076003, 1.000000
2132.962571, -749.054632, 1.000000
2133.107603, -749.033261, 1.000000
2133.252037, -749.014319, 1.000000
2133.396256, -748.993067, 1.000000
2133.540475, -748.971816, 1.000000
2133.685459, -748.962647, 1.000000
2133.829678, -748.941396, 1.000000
2133.973898, -748.920144, 1.000000
2134.118881, -748.910975, 1.000000
2134.232758, -748.878438, 1.000000
2134.376023, -748.848548, 1.000000
2134.520773, -748.830722, 1.000000
2134.664038, -748.800833, 1.000000
2134.808789, -748.783006, 1.000000
2134.950569, -748.741055, 0.000000
2135.093834, -748.711165, 0.000000
2135.237099, -748.681276, 0.000000
2135.380364, -748.651387, 0.000000
2135.538988, -748.623129, 0.000000
2135.684092, -748.608991, 0.000000
2135.828018, -748.582762, 0.000000
2135.971944, -748.556533, 0.000000
2136.115870, -748.530303, 0.000000
2136.259796, -748.504074, 0.000000
2136.403722, -748.477844, 0.000000
2136.547638, -748.450037, 0.000000
2136.691903, -748.423746, 0.000000
2136.836167, -748.397455, 0.000000
2136.980432, -748.371164, 0.000000
2137.124696, -748.344873, 0.000000
2137.268961, -748.318582, 0.000000
2137.413225, -748.292291, 0.000000
2137.557490, -748.266000, 0.000000
2137.702229, -748.244583, 0.000000
2137.845573, -748.218460, 0.000000
2137.988916, -748.192337, 0.000000
2138.132260, -748.166214, 0.000000
2138.275603, -748.140090, 0.000000
2138.418947, -748.113967, 0.000000
2138.562290, -748.087844, 0.000000
2138.706807, -748.073764, 0.000000
2138.850151, -748.047640, 0.000000
2138.993488, -748.021411, 0.000000
2139.136850, -747.995284, 0.000000
2139.280211, -747.969158, 0.000000
2139.423572, -747.943031, 0.000000
2139.566933, -747.916905, 0.000000
2139.710295, -747.890779, 0.000000
2139.998288, -747.851730, 1.000000
2140.142643, -747.837665, 1.000000
2140.285825, -747.811572, 1.000000
2140.429007, -747.785478, 1.000000
2140.572189, -747.759384, 1.000000
2140.715371, -747.733290, 1.000000
2140.858554, -747.707196, 1.000000
2141.001736, -747.681102, 1.000000
2141.146090, -747.667038, 1.000000
2141.290444, -747.652974, 1.000000
2141.434799, -747.638909, 1.000000
2141.577981, -747.612815, 1.000000
2141.721163, -747.586722, 1.000000
2141.864345, -747.560628, 1.000000
2142.007528, -747.534534, 1.000000
2142.150710, -747.508440, 1.000000
2142.293892, -747.482346, 1.000000
2142.437074, -747.456252, 1.000000
2142.580263, -747.425837, 1.000000
2142.724005, -747.399641, 1.000000
2142.868923, -747.385522, 1.000000
2143.012666, -747.359326, 1.000000
2143.156408, -747.333130, 1.000000
2143.300150, -747.306934, 1.000000
2143.443892, -747.280738, 1.000000
2143.589800, -747.274504, 1.000000
2143.734065, -747.248213, 0.000000
2143.878329, -747.221922, 0.000000
2144.022594, -747.195631, 0.000000
2144.168039, -747.181460, 0.000000
2144.312304, -747.155169, 0.000000
2144.457749, -747.140999, 0.000000
2144.602014, -747.114707, 0.000000
2144.746710, -747.092850, 0.000000
2144.891629, -747.078730, 0.000000
2145.035371, -747.052534, 0.000000
2145.179113, -747.026338, 0.000000
2145.324032, -747.012219, 0.000000
2145.467774, -746.986023, 0.000000
2145.612692, -746.971904, 0.000000
2145.756434, -746.945708, 0.000000
2145.900254, -746.923088, 0.000000
2146.044771, -746.909008, 0.000000
2146.188115, -746.882884, 0.000000
2146.332632, -746.868804, 0.000000
2146.475975, -746.842681, 0.000000
2146.619319, -746.816558, 0.000000
2146.763836, -746.802477, 0.000000
2146.907179, -746.776354, 0.000000
2147.051696, -746.762274, 0.000000
2147.191658, -746.737947, 0.000000
2147.334745, -746.711500, 0.000000
2147.479034, -746.697077, 0.000000
2147.622121, -746.670630, 0.000000
2147.765207, -746.644182, 0.000000
2147.909496, -746.629759, 0.000000
2148.052583, -746.603312, 0.000000
2148.196872, -746.588889, 0.000000
2148.341126, -746.560597, 0.000000
2148.484418, -746.534248, 0.000000
2148.628901, -746.519939, 0.000000
2148.772192, -746.493590, 0.000000
2148.916676, -746.479281, 0.000000
2149.059967, -746.452931, 0.000000
2149.203258, -746.426582, 0.000000
2149.347113, -746.404633, 0.000000
2149.491161, -746.378145, 0.000000
2149.636407, -746.363760, 1.000000
2149.780454, -746.337272, 1.000000
2149.924502, -746.310784, 1.000000
2150.068549, -746.284295, 1.000000
2150.212597, -746.257807, 1.000000
2150.356644, -746.231319, 1.000000
2150.503089, -746.229038, 1.000000
2150.649881, -746.236870, 1.000000
2150.794155, -746.222582, 1.000000
2150.937238, -746.196271, 1.000000
2151.080321, -746.169960, 1.000000
2151.223404, -746.143649, 1.000000
2151.366487, -746.117338, 1.000000
2151.510761, -746.103050, 1.000000
2151.653844, -746.076738, 1.000000
2151.800500, -746.086496, 1.000000
2151.945994, -746.085745, 1.000000
2152.090124, -746.071471, 1.000000
2152.233065, -746.045186, 1.000000
2152.376007, -746.018901, 0.000000
2152.520137, -746.004627, 0.000000
2152.663078, -745.978342, 0.000000
2152.807209, -745.964068, 0.000000
2152.951114, -745.939218, 0.000000
2153.096221, -745.924847, 0.000000
2153.241328, -745.910476, 0.000000
2153.386435, -745.896105, 0.000000
2153.530345, -745.869642, 0.000000
2153.675452, -745.855272, 0.000000
2153.820559, -745.840901, 0.000000
2153.965666, -745.826530, 0.000000
2154.110382, -745.805675, 0.000000
2154.256085, -745.791246, 0.000000
2154.400586, -745.764674, 0.000000
2154.546289, -745.750244, 0.000000
2154.691993, -745.735814, 0.000000
2154.837696, -745.721385, 0.000000
2154.983399, -745.706955, 0.000000
2155.128274, -745.688546, 0.000000
2155.273239, -745.674190, 0.000000
2155.418204, -745.659833, 0.000000
2155.563169, -745.645476, 0.000000
2155.708134, -745.631120, 0.000000
2155.853099, -745.616763, 0.000000
2155.996868, -745.590326, 0.000000
2156.141833, -745.575969, 0.000000
2156.286444, -745.556974, 0.000000
2156.431827, -745.542576, 0.000000
2156.577210, -745.528178, 0.000000
2156.721393, -745.501665, 0.000000
2156.866775, -745.487267, 0.000000
2157.012158, -745.472869, 0.000000
2157.157541, -745.458471, 0.000000
2157.302923, -745.444073, 0.000000
2157.448306, -745.429675, 0.000000
2157.592891, -745.413337, 0.000000
2157.737375, -745.399028, 0.000000
2157.881858, -745.384719, 0.000000
2158.026342, -745.370410, 1.000000
2158.169633, -745.344061, 1.000000
2158.312924, -745.317711, 1.000000
2158.456215, -745.291362, 1.000000
2158.600124, -745.266668, 1.000000
2158.745507, -745.252270, 1.000000
2158.889690, -745.225756, 1.000000
2159.035072, -745.211358, 1.000000
2159.179255, -745.184845, 1.000000
2159.323438, -745.158332, 1.000000
2159.468821, -745.143934, 1.000000
2159.613004, -745.117421, 1.000000
2159.758386, -745.103023, 1.000000
2159.889375, -745.090260, 1.000000
2160.033227, -745.062567, 1.000000
2160.177079, -745.034875, 1.000000
2160.322231, -745.019278, 1.000000
2160.466083, -744.991586, 1.000000
2160.611235, -744.975989, 1.000000
2160.762499, -744.966223, 1.000000
2161.049361, -744.911959, 1.000000
2161.192792, -744.884827, 1.000000
2161.334967, -744.845638, 1.000000
2161.478398, -744.818506, 0.000000
2161.623085, -744.803431, 0.000000
2161.767773, -744.788357, 0.000000
2161.913098, -744.779407, 0.000000
2162.057298, -744.764383, 0.000000
2162.201499, -744.749359, 0.000000
2162.346951, -744.746352, 0.000000
2162.491152, -744.731328, 0.000000
2162.635352, -744.716304, 0.000000
2162.779553, -744.701280, 0.000000
2162.923753, -744.686257, 0.000000
2163.067727, -744.668021, 0.000000
2163.212184, -744.652971, 0.000000
2163.356640, -744.637920, 0.000000
2163.501097, -744.622869, 0.000000
2163.645553, -744.607819, 0.000000
2163.790010, -744.592768, 0.000000
2163.934466, -744.577718, 0.000000
2164.078923, -744.562667, 0.000000
2164.223900, -744.549233, 0.000000
2164.369193, -744.534096, 0.000000
2164.514486, -744.518958, 0.000000
2164.659779, -744.503820, 0.000000
2164.805072, -744.488682, 0.000000
2164.950365, -744.473545, 0.000000
2165.095658, -744.458407, 0.000000
2165.241213, -744.451968, 0.000000
2165.385811, -744.436902, 0.000000
2165.530408, -744.421837, 0.000000
2165.675006, -744.406772, 0.000000
2165.819604, -744.391707, 0.000000
2165.964202, -744.376641, 0.000000
2166.108799, -744.361576, 0.000000
2166.254653, -744.358561, 0.000000
2166.398821, -744.334873, 0.000000
2166.544113, -744.319735, 0.000000
2166.689406, -744.304598, 0.000000
2166.834699, -744.289460, 0.000000
2166.979992, -744.274322, 0.000000
2167.125285, -744.259185, 1.000000
2167.271407, -744.253202, 1.000000
2167.414704, -744.226096, 1.000000
2167.559255, -744.211036, 1.000000
2167.702552, -744.183929, 1.000000
2167.845849, -744.156823, 1.000000
2167.990400, -744.141762, 1.000000
2168.133697, -744.114656, 1.000000
2168.278248, -744.099595, 1.000000
2168.424409, -744.099981, 1.000000
2168.572175, -744.109056, 1.000000
2168.717418, -744.093924, 1.000000
2168.861400, -744.066687, 1.000000
2169.005383, -744.039451, 1.000000
2169.150626, -744.024319, 1.000000
2169.295869, -744.009186, 1.000000
2169.441544, -744.001594, 1.000000
2169.586187, -743.986524, 1.000000
2169.729574, -743.959401, 1.000000
2169.871705, -743.920224, 0.000000
2170.016348, -743.905154, 0.000000
2170.160991, -743.890084, 0.000000
2170.305634, -743.875014, 0.000000
2170.450277, -743.859944, 0.000000
2170.595069, -743.846642, 0.000000
2170.739574, -743.831586, 0.000000
2170.884078, -743.816530, 0.000000
2171.028583, -743.801475, 0.000000
2171.173088, -743.786419, 0.000000
2171.317592, -743.771364, 0.000000
2171.462097, -743.756308, 0.000000
2171.606601, -743.741253, 0.000000
2171.829387, -743.706814, 0.000000
2171.975492, -743.697877, 0.000000
2172.121597, -743.688940, 0.000000
2172.267702, -743.680003, 0.000000
2172.413807, -743.671067, 0.000000
2172.559167, -743.649954, 0.000000
2172.683097, -743.648647, 0.000000
2172.828596, -743.637986, 0.000000
2172.974095, -743.627326, 0.000000
2173.119594, -743.616665, 0.000000
2173.265094, -743.606004, 0.000000
2173.410593, -743.595343, 0.000000
2173.556092, -743.584683, 0.000000
2173.701591, -743.574022, 0.000000
2173.847090, -743.563361, 0.000000
2173.992589, -743.552701, 0.000000
2174.138088, -743.542040, 0.000000
2174.283588, -743.531379, 0.000000
2174.429087, -743.520718, 0.000000
2174.574586, -743.510058, 0.000000
2174.720085, -743.499397, 0.000000
2174.865584, -743.488736, 0.000000
2175.011083, -743.478075, 0.000000
2175.155694, -743.455290, 1.000000
2175.300305, -743.432504, 1.000000
2175.444916, -743.409719, 1.000000
2175.589526, -743.386933, 1.000000
2175.735026, -743.376272, 1.000000
2175.880525, -743.365611, 1.000000
2176.027801, -743.379201, 1.000000
2176.173300, -743.368540, 1.000000
2176.317911, -743.345754, 1.000000
2176.463410, -743.335093, 1.000000
2176.608020, -743.312308, 1.000000
2176.753520, -743.301647, 1.000000
2176.898130, -743.278861, 1.000000
2177.043629, -743.268201, 1.000000
2177.189129, -743.257540, 1.000000
2177.333739, -743.234754, 1.000000
2177.479239, -743.224094, 1.000000
2177.623849, -743.201308, 1.000000
2177.769348, -743.190647, 1.000000
2177.913959, -743.167862, 1.000000
2178.060347, -743.169326, 1.000000
2178.204957, -743.146540, 0.000000
2178.350457, -743.135879, 0.000000
2178.495956, -743.125219, 0.000000
2178.641455, -743.114558, 0.000000
2178.786954, -743.103897, 0.000000
2178.932453, -743.093237, 0.000000
2179.077952, -743.082576, 0.000000
2179.223452, -743.071915, 0.000000
2179.368951, -743.061254, 0.000000
2179.515338, -743.062719, 0.000000
2179.660837, -743.052058, 0.000000
2179.806337, -743.041397, 0.000000
2179.951836, -743.030736, 0.000000
2180.242834, -743.009415, 0.000000
2180.388333, -742.998754, 0.000000
2180.533832, -742.988094, 0.000000
2180.679331, -742.977433, 0.000000
2180.824831, -742.966772, 0.000000
2180.970330, -742.956111, 0.000000
2181.115829, -742.945451, 0.000000
2181.261328, -742.934790, 0.000000
2181.406827, -742.924129, 0.000000
2181.552326, -742.913468, 0.000000
2181.697825, -742.902808, 0.000000
2181.843325, -742.892147, 0.000000
2181.988824, -742.881486, 0.000000
2182.134323, -742.870826, 0.000000
2182.280710, -742.872290, 0.000000
2182.426210, -742.861629, 0.000000
2182.571709, -742.850968, 0.000000
2182.717208, -742.840308, 0.000000
2182.862707, -742.829647, 0.000000
2183.008206, -742.818986, 0.000000
2183.153705, -742.808325, 0.000000
2183.299205, -742.797665, 0.000000
2183.356975, -742.804779, 0.000000
2183.502287, -742.799600, 1.000000
2183.643307, -742.758450, 1.000000
2183.785757, -742.729290, 1.000000
2183.928208, -742.700131, 1.000000
2184.072089, -742.682961, 1.000000
2184.214539, -742.653801, 1.000000
2184.359851, -742.648622, 1.000000
2184.525809, -742.639643, 1.000000
2184.668759, -742.611959, 1.000000
2184.811710, -742.584274, 1.000000
2184.955965, -742.568611, 1.000000
2185.098916, -742.540926, 1.000000
2185.243171, -742.525262, 1.000000
2185.387427, -742.509599, 1.000000
2185.531682, -742.493936, 1.000000
2185.674633, -742.466251, 1.000000
2185.818888, -742.450588, 1.000000
2185.961839, -742.422903, 1.000000
2186.104789, -742.395218, 1.000000
2186.249045, -742.379555, 1.000000
2186.537556, -742.348228, 1.000000
2186.681812, -742.332565, 1.000000
2186.824762, -742.304880, 1.000000
2186.967712, -742.277195, 1.000000
2187.111968, -742.261532, 1.000000
2187.254918, -742.233847, 1.000000
2187.397869, -742.206162, 1.000000
2187.539514, -742.166456, 0.000000
2187.683769, -742.150793, 0.000000
2187.828025, -742.135130, 0.000000
2187.972281, -742.119466, 0.000000
2188.116536, -742.103803, 0.000000
2188.260792, -742.088139, 0.000000
2188.405047, -742.072476, 0.000000
2188.549303, -742.056813, 0.000000
2188.693559, -742.041149, 0.000000
2188.837814, -742.025486, 0.000000
2188.982070, -742.009822, 0.000000
2189.126326, -741.994159, 0.000000
2189.270581, -741.978496, 0.000000
2189.414837, -741.962832, 0.000000
2189.559093, -741.947169, 0.000000
2189.703348, -741.931505, 0.000000
2189.847604, -741.915842, 0.000000
2189.991859, -741.900179, 0.000000
2190.137420, -741.896537, 0.000000
2190.281676, -741.880873, 0.000000
2190.425932, -741.865210, 0.000000
2190.570187, -741.849546, 0.000000
2190.714443, -741.833883, 0.000000
2190.858698, -741.818220, 0.000000
2191.002954, -741.802556, 0.000000
2191.147210, -741.786893, 0.000000
2191.291465, -741.771229, 0.000000
2191.435721, -741.755566, 0.000000
2191.579977, -741.739903, 0.000000
2191.724232, -741.724239, 0.000000
2191.868488, -741.708576, 0.000000
2192.012743, -741.692912, 0.000000
2192.156999, -741.677249, 0.000000
2192.301255, -741.661586, 0.000000
2192.445510, -741.645922, 0.000000
2192.589766, -741.630259, 0.000000
2192.735327, -741.626617, 1.000000
2192.878277, -741.598932, 1.000000
2193.022533, -741.583269, 1.000000
2193.165483, -741.555584, 1.000000
2193.309739, -741.539921, 1.000000
2193.452689, -741.512236, 1.000000
2193.596945, -741.496572, 1.000000
2193.742506, -741.492930, 1.000000
2193.888067, -741.489288, 1.000000
2194.032322, -741.473625, 1.000000
2194.175273, -741.445940, 1.000000
2194.318223, -741.418255, 1.000000
2194.462479, -741.402592, 1.000000
2194.605429, -741.374907, 1.000000
2194.749685, -741.359244, 1.000000
2194.893940, -741.343581, 1.000000
2194.918293, -741.338712, 1.000000
2195.061352, -741.314942, 1.000000
2195.202430, -741.279250, 1.000000
2195.343509, -741.243558, 1.000000
2195.484587, -741.207865, 1.000000
2195.625665, -741.172173, 1.000000
2195.792134, -741.115632, 0.000000
2195.935878, -741.093629, 0.000000
2196.079623, -741.071625, 0.000000
2074.319166, -755.393075, 0.000000
2074.464864, -755.385985, 0.000000
2074.610979, -755.366788, 0.000000
2074.757094, -755.347591, 0.000000
2074.903202, -755.332243, 0.000000
2075.049151, -755.325141, 0.000000
2075.195518, -755.305911, 0.000000
2075.341886, -755.286681, 0.000000
2075.488253, -755.267451, 0.000000
2075.634202, -755.260349, 0.000000
2075.780570, -755.241119, 1.000000
2075.927249, -755.203859, 1.000000
2076.073618, -755.172591, 1.000000
2076.219988, -755.141323, 1.000000
2076.366774, -755.097961, 1.000000
2076.513144, -755.066693, 1.000000
2076.659931, -755.023331, 1.000000
2076.805882, -755.004156, 1.000000
2076.950999, -755.009167, 1.000000
2077.095354, -755.041471, 1.000000
2077.241549, -755.022264, 1.000000
2077.388162, -754.990943, 1.000000
2077.534775, -754.959623, 1.000000
2077.681388, -754.928303, 1.000000
2077.827582, -754.909095, 1.000000
2077.974195, -754.877775, 1.000000
2078.120390, -754.858568, 1.000000
2078.265395, -754.882690, 1.000000
2078.411784, -754.875566, 1.000000
2078.558594, -754.856278, 1.000000
2078.705823, -754.824826, 1.000000
2078.853053, -754.793374, 1.000000
2079.000282, -754.761922, 1.000000
2079.147512, -754.730470, 1.000000
2079.432458, -754.683781, 1.000000
2079.575879, -754.650747, 1.000000
2079.718559, -754.605639, 1.000000
2079.861239, -754.560531, 1.000000
2080.004659, -754.527498, 1.000000
2080.147340, -754.482389, 1.000000
2080.290020, -754.437281, 1.000000
2080.433440, -754.404248, 1.000000
2080.577601, -754.383290, 1.000000
2080.726806, -754.385952, 1.000000
2080.870893, -754.364572, 1.000000
2081.013430, -754.319047, 1.000000
2081.155966, -754.273523, 1.000000
2081.299278, -754.240070, 1.000000
2081.441814, -754.194546, 1.000000
2081.599089, -754.378388, 0.000000
2081.745480, -754.390190, 1.000000
2081.890587, -754.368659, 1.000000
2082.034913, -754.334969, 1.000000
2082.179238, -754.301280, 1.000000
2082.323563, -754.267591, 1.000000
2082.467889, -754.233902, 1.000000
2082.612214, -754.200213, 1.000000
2082.755759, -754.154366, 1.000000
2082.903209, -754.169307, 1.000000
2083.057636, -754.300250, 1.000000
2083.202112, -754.278812, 1.000000
2083.345810, -754.245269, 1.000000
2083.489508, -754.211726, 1.000000
2083.633207, -754.178184, 1.000000
2083.776905, -754.144641, 1.000000
2083.920603, -754.111098, 1.000000
2084.065079, -754.089660, 1.000000
2084.211889, -754.104535, 1.000000
2084.359240, -754.122459, 1.000000
2084.504090, -754.100965, 1.000000
2084.648160, -754.067336, 1.000000
2084.793010, -754.045842, 1.000000
2084.937081, -754.012212, 1.000000
2085.081151, -753.978583, 1.000000
2085.225221, -753.944953, 1.000000
2085.370071, -753.923459, 1.000000
2085.518040, -753.950509, 1.000000
2085.664150, -753.959592, 1.000000
2085.808237, -753.938211, 1.000000
2085.951549, -753.904758, 1.000000
2086.094861, -753.871306, 1.000000
2086.238949, -753.849925, 1.000000
2086.382261, -753.816473, 1.000000
2086.527900, -753.819236, 1.000000
2086.676852, -753.871758, 1.000000
2086.821913, -753.862437, 1.000000
2086.965419, -753.828939, 1.000000
2087.109703, -753.807529, 1.000000
2087.253210, -753.774031, 1.000000
2087.397494, -753.752621, 1.000000
2087.541001, -753.719123, 1.000000
2087.685284, -753.697713, 1.000000
2087.832675, -753.724657, 1.000000
2087.984298, -753.814043, 1.000000
2088.131178, -753.828926, 1.000000
2088.276501, -753.819588, 0.000000
2088.421825, -753.810249, 0.000000
2088.566370, -753.788801, 0.000000
2088.711693, -753.779463, 0.000000
2088.857016, -753.770124, 0.000000
2089.001530, -753.748389, 0.000000
2089.146816, -753.739053, 0.000000
2089.292102, -753.729717, 0.000000
2089.437388, -753.720382, 0.000000
2089.581895, -753.698939, 0.000000
2089.727181, -753.689603, 0.000000
2089.872467, -753.680267, 0.000000
2090.017753, -753.670931, 0.000000
2090.162363, -753.650671, 0.000000
2090.307806, -753.641325, 0.000000
2090.453250, -753.631979, 0.000000
2090.598694, -753.622633, 0.000000
2090.743358, -753.601167, 0.000000
2090.888802, -753.591821, 0.000000
2091.034246, -753.582475, 0.000000
2091.178910, -753.561009, 0.000000
2091.324354, -753.551663, 0.000000
2091.469208, -753.536330, 0.000000
2091.613833, -753.527037, 0.000000
2091.757684, -753.505692, 0.000000
2091.902310, -753.496398, 0.000000
2092.046935, -753.487105, 0.000000
2092.191561, -753.477811, 0.000000
2092.335412, -753.456466, 0.000000
2092.480500, -753.454370, 0.000000
2092.626130, -753.445012, 0.000000
2092.771760, -753.435655, 0.000000
2092.916610, -753.414161, 0.000000
2093.062239, -753.404803, 0.000000
2093.207869, -753.395445, 0.000000
2093.352719, -753.373951, 0.000000
2093.498349, -753.364593, 0.000000
2093.643979, -753.355235, 0.000000
2093.843361, -753.338833, 0.000000
2093.986565, -753.309744, 0.000000
2094.131189, -753.292708, 0.000000
2094.274392, -753.263619, 1.000000
2094.419016, -753.246582, 1.000000
2094.563639, -753.229545, 1.000000
2094.708263, -753.212508, 1.000000
2094.851467, -753.183420, 1.000000
2094.994671, -753.154331, 1.000000
2095.142134, -753.161398, 1.000000
2095.270438, -753.233522, 1.000000
2095.414265, -753.207976, 1.000000
2095.559214, -753.194508, 1.000000
2095.703041, -753.168962, 1.000000
2095.847991, -753.155495, 1.000000
2095.991818, -753.129949, 1.000000
2096.136768, -753.116482, 1.000000
2096.286558, -753.154714, 1.000000
2096.434211, -753.165438, 1.000000
2096.579612, -753.151929, 1.000000
2096.725013, -753.138420, 1.000000
2096.869288, -753.112794, 1.000000
2097.014689, -753.099285, 1.000000
2097.160090, -753.085776, 1.000000
2097.305491, -753.072267, 1.000000
2097.452018, -753.070875, 1.000000
2097.745338, -753.076681, 0.000000
2097.890288, -753.063214, 0.000000
2098.035237, -753.049746, 0.000000
2098.180187, -753.036279, 0.000000
2098.325136, -753.022812, 0.000000
2098.470086, -753.009345, 0.000000
2098.615035, -752.995878, 0.000000
2098.759985, -752.982411, 0.000000
2098.904934, -752.968943, 0.000000
2099.051190, -752.962007, 0.000000
2099.196973, -752.948462, 0.000000
2099.342755, -752.934918, 0.000000
2099.488538, -752.921373, 0.000000
2099.634320, -752.907828, 0.000000
2099.780103, -752.894284, 0.000000
2099.925885, -752.880739, 0.000000
2100.069990, -752.857191, 0.000000
2100.214500, -752.843765, 0.000000
2100.359010, -752.830339, 0.000000
2100.503521, -752.816912, 0.000000
2100.648031, -752.803486, 0.000000
2100.792541, -752.790060, 0.000000
2100.937051, -752.776633, 0.000000
2101.081562, -752.763207, 0.000000
2101.226072, -752.749781, 0.000000
2101.371351, -752.741610, 0.000000
2101.516528, -752.728122, 0.000000
2101.661705, -752.714633, 0.000000
2101.806883, -752.701145, 0.000000
2101.952060, -752.687657, 0.000000
2102.097237, -752.674168, 0.000000
2102.242415, -752.660680, 0.000000
2102.387592, -752.647192, 0.000000
2102.532770, -752.633703, 0.000000
2102.677993, -752.620488, 0.000000
2102.823205, -752.606996, 0.000000
2102.968417, -752.593505, 0.000000
2103.113629, -752.580013, 0.000000
2103.258841, -752.566521, 0.000000
2103.404053, -752.553030, 0.000000
2103.549265, -752.539538, 0.000000
2103.694477, -752.526047, 0.000000
2103.840756, -752.524382, 1.000000
2103.985933, -752.510893, 1.000000
2104.132235, -752.509503, 1.000000
2104.278536, -752.508113, 1.000000
2104.423713, -752.494625, 1.000000
2104.568891, -752.481136, 1.000000
2104.714068, -752.467648, 1.000000
2104.859245, -752.454160, 1.000000
2105.000864, -752.402574, 1.000000
2105.143569, -752.364949, 1.000000
2105.288518, -752.351482, 1.000000
2105.433468, -752.338015, 1.000000
2105.578417, -752.324547, 1.000000
2105.723367, -752.311080, 1.000000
2105.868316, -752.297613, 1.000000
2106.013266, -752.284146, 1.000000
2106.158215, -752.270679, 1.000000
2106.302042, -752.245133, 1.000000
2106.412239, -752.212488, 1.000000
2106.557417, -752.203378, 1.000000
2106.702595, -752.194268, 1.000000
2106.847773, -752.185158, 1.000000
2106.992951, -752.176048, 1.000000
2107.138128, -752.166938, 1.000000
2107.284065, -752.169926, 1.000000
2107.574578, -752.165219, 0.000000
2107.719921, -752.156217, 0.000000
2107.864515, -752.135102, 0.000000
2108.009858, -752.126100, 0.000000
2108.154452, -752.104985, 0.000000
2108.299796, -752.095983, 0.000000
2108.444389, -752.074868, 0.000000
2108.588982, -752.053754, 0.000000
2108.734958, -752.048104, 0.000000
2108.880009, -752.026922, 0.000000
2109.025814, -752.017891, 0.000000
2109.170866, -751.996710, 0.000000
2109.316670, -751.987679, 0.000000
2109.461722, -751.966497, 0.000000
2109.607526, -751.957466, 0.000000
2109.752578, -751.936285, 0.000000
2109.896960, -751.908291, 0.000000
2110.041777, -751.899321, 0.000000
2110.185847, -751.878283, 0.000000
2110.330665, -751.869313, 0.000000
2110.474734, -751.848275, 0.000000
2110.619552, -751.839305, 0.000000
2110.763622, -751.818267, 0.000000
2110.908439, -751.809297, 0.000000
2111.053413, -751.792717, 0.000000
2111.198162, -751.771579, 0.000000
2111.343663, -751.762567, 0.000000
2111.488412, -751.741430, 0.000000
2111.633912, -751.732418, 0.000000
2111.778661, -751.711280, 0.000000
2111.924162, -751.702268, 0.000000
2112.068911, -751.681131, 0.000000
2112.214655, -751.674012, 0.000000
2112.359707, -751.652830, 0.000000
2112.504759, -751.631649, 0.000000
2112.650563, -751.622618, 0.000000
2112.795615, -751.601436, 0.000000
2112.941420, -751.592405, 0.000000
2113.086471, -751.571224, 0.000000
2113.231523, -751.550043, 1.000000
2113.376575, -751.528861, 1.000000
2113.520194, -751.492094, 1.000000
2113.665378, -751.483101, 1.000000
2113.810562, -751.474109, 1.000000
2113.955746, -751.465116, 1.000000
2114.100930, -751.456123, 1.000000
2114.246114, -751.447131, 1.000000
2114.390549, -751.426039, 1.000000
2114.533926, -751.384772, 1.000000
2114.679125, -751.363569, 1.000000
2114.825077, -751.354529, 1.000000
2114.971029, -751.345489, 1.000000
2115.116228, -751.324286, 1.000000
2115.262180, -751.315245, 1.000000
2115.408132, -751.306205, 1.000000
2115.554084, -751.297165, 1.000000
2115.699283, -751.275962, 1.000000
2115.842506, -751.227645, 1.000000
2115.987867, -751.218642, 1.000000
2116.236770, -752.881292, 1.000000
2116.382131, -752.872288, 1.000000
2116.526742, -752.851171, 1.000000
2116.670602, -752.817941, 1.000000
2116.815213, -752.796824, 1.000000
2116.958324, -752.751480, 1.000000
2117.103485, -752.734906, 1.000000
2117.247635, -752.701608, 1.000000
2117.391785, -752.668311, 1.000000
2117.539695, -752.695703, 0.000000
2117.688356, -752.735232, 0.000000
2117.836265, -752.762624, 0.000000
2117.984926, -752.802153, 0.000000
2118.132835, -752.829545, 0.000000
2118.282160, -752.877209, 0.000000
2118.430556, -752.904691, 0.000000
2118.579706, -752.944350, 0.000000
2118.728102, -752.971832, 0.000000
2118.877252, -753.011492, 0.000000
2119.025647, -753.038973, 0.000000
2119.174797, -753.078633, 0.000000
2119.322724, -753.099879, 0.000000
2119.470787, -753.127299, 0.000000
2119.619601, -753.166869, 0.000000
2119.767663, -753.194289, 0.000000
2119.916478, -753.233860, 0.000000
2120.064540, -753.261280, 0.000000
2120.213355, -753.300850, 0.000000
2120.361417, -753.328270, 0.000000
2120.510232, -753.367841, 0.000000
2120.663945, -753.397008, 0.000000
2120.812934, -753.436348, 0.000000
2120.961149, -753.463531, 0.000000
2121.109364, -753.490714, 0.000000
2121.258353, -753.530054, 0.000000
2121.406568, -753.557236, 0.000000
2121.555557, -753.596577, 0.000000
2121.703772, -753.623759, 0.000000
2121.851066, -753.660911, 0.000000
2121.999171, -753.688140, 0.000000
2122.148045, -753.727519, 0.000000
2122.296150, -753.754748, 0.000000
2122.445023, -753.794127, 0.000000
2122.593129, -753.821356, 0.000000
2122.742002, -753.860735, 0.000000
2122.890107, -753.887964, 0.000000
2123.038212, -753.915193, 0.000000
2123.176623, -753.790099, 1.000000
2123.320161, -753.756746, 1.000000
2123.461406, -753.687127, 1.000000
2123.606473, -753.677952, 1.000000
2123.752305, -753.680867, 1.000000
2123.897372, -753.671692, 1.000000
2124.042440, -753.662518, 1.000000
2124.188272, -753.665432, 1.000000
2124.336397, -753.704613, 1.000000
2124.479630, -753.665451, 1.000000
2124.622356, -753.607630, 1.000000
2124.768156, -753.598409, 1.000000
2124.913956, -753.589189, 1.000000
2125.060524, -753.592118, 1.000000
2125.207092, -753.595047, 1.000000
2125.353660, -753.597976, 1.000000
2125.500997, -753.613055, 1.000000
2125.648334, -753.628134, 1.000000
2125.792597, -753.594613, 0.000000
2125.936898, -753.561487, 0.000000
2126.081177, -753.527963, 0.000000
2126.225455, -753.494438, 0.000000
2126.369734, -753.460913, 0.000000
2126.514013, -753.427389, 0.000000
2126.658292, -753.393864, 0.000000
2126.802570, -753.360340, 0.000000
2126.946849, -753.326815, 0.000000
2127.091108, -753.296825, 0.000000
2127.235027, -753.263384, 0.000000
2127.378946, -753.229943, 0.000000
2127.522865, -753.196502, 0.000000
2127.666784, -753.163061, 0.000000
2127.810703, -753.129620, 0.000000
2127.954622, -753.096179, 0.000000
2128.098541, -753.062738, 0.000000
2128.242460, -753.029297, 0.000000
2128.388428, -753.028246, 1.000000
2128.535012, -753.031176, 1.000000
2128.681596, -753.034105, 1.000000
2128.828181, -753.037035, 1.000000
2131.290929, -752.675381, 0.000000
2131.435479, -752.654081, 0.000000
2131.580029, -752.632781, 0.000000
2131.725345, -752.623591, 0.000000
2131.869896, -752.602291, 0.000000
2132.015937, -752.603296, 0.000000
2132.160969, -752.581925, 0.000000
2132.306000, -752.560554, 0.000000
2132.451800, -752.551333, 0.000000
2132.596832, -752.529962, 0.000000
2132.741863, -752.508592, 0.000000
2132.887663, -752.499371, 0.000000
2133.032694, -752.478000, 0.000000
2133.177726, -752.456629, 0.000000
2133.323526, -752.447408, 0.000000
2133.466751, -752.409349, 0.000000
2133.610970, -752.388098, 0.000000
2133.755953, -752.378929, 0.000000
2133.900173, -752.357678, 0.000000
2134.045156, -752.348508, 0.000000
2134.189376, -752.327257, 0.000000
2134.333595, -752.306006, 0.000000
2134.644254, -752.219765, 1.000000
2134.786033, -752.177813, 1.000000
2134.932270, -752.172049, 1.000000
2135.077020, -752.154223, 1.000000
2135.223256, -752.148459, 1.000000
2135.368007, -752.130632, 1.000000
2135.512758, -752.112806, 1.000000
2135.657508, -752.094979, 1.000000
2135.797802, -752.040965, 1.000000
2135.867682, -751.996801, 1.000000
2136.012786, -751.982664, 1.000000
2136.159069, -751.980618, 1.000000
2136.304173, -751.966481, 1.000000
2136.450455, -751.964436, 1.000000
2136.595559, -751.950298, 1.000000
2136.739485, -751.924069, 1.000000
2136.877106, -751.831643, 1.000000
2137.022551, -751.817472, 1.000000
2137.169177, -751.815422, 1.000000
2137.314623, -751.801251, 1.000000
2137.460068, -751.787081, 1.000000
2137.605513, -751.772910, 1.000000
2137.753321, -751.782980, 1.000000
2137.902309, -751.805171, 1.000000
2138.056580, -751.881591, 1.000000
2138.198750, -751.843425, 0.000000
2138.340921, -751.805258, 0.000000
2138.483091, -751.767092, 0.000000
2138.625261, -751.728926, 0.000000
2138.767431, -751.690759, 0.000000
2138.909601, -751.652593, 0.000000
2139.051771, -751.614427, 0.000000
2139.193942, -751.576260, 0.000000
2139.336148, -751.538423, 0.000000
2139.478336, -751.500252, 0.000000
2139.620524, -751.462081, 0.000000
2139.762712, -751.423910, 0.000000
2139.903726, -751.373694, 0.000000
2140.045914, -751.335523, 0.000000
2140.322940, -751.183907, 1.000000
2140.466122, -751.157813, 1.000000
2140.611648, -751.155778, 1.000000
2140.756003, -751.141714, 1.000000
2140.900357, -751.127650, 1.000000
2141.044711, -751.113585, 1.000000
2141.189065, -751.099521, 1.000000
2141.333420, -751.085457, 1.000000
2141.477774, -751.071392, 1.000000
2141.617440, -751.009210, 1.000000
2141.760622, -750.983116, 1.000000
2141.904977, -750.969052, 1.000000
2142.049331, -750.954987, 1.000000
2142.193685, -750.940923, 1.000000
2142.349760, -751.047154, 1.000000
2142.494114, -751.033090, 1.000000
2142.638468, -751.019025, 1.000000
2142.780478, -750.980902, 1.000000
2142.923833, -750.952192, 1.000000
2143.067575, -750.925996, 1.000000
2143.212494, -750.911876, 1.000000
2143.357412, -750.897757, 1.000000
2143.502331, -750.883638, 1.000000
2143.648426, -750.881595, 1.000000
2143.794522, -750.879552, 1.000000
2143.941705, -750.886398, 1.000000
2144.084788, -750.847987, 0.000000
2144.227872, -750.809575, 0.000000
2144.372136, -750.783284, 0.000000
2144.515220, -750.744873, 0.000000
2144.658304, -750.706461, 0.000000
2144.801387, -750.668049, 0.000000
2144.945652, -750.641758, 0.000000
2145.087927, -750.595051, 0.000000
2145.230493, -750.556779, 0.000000
2145.373058, -750.518506, 0.000000
2145.515623, -750.480234, 0.000000
2145.659366, -750.454038, 0.000000
2145.801931, -750.415765, 0.000000
2145.944496, -750.377493, 0.000000
2146.087062, -750.339221, 0.000000
2146.229965, -750.307191, 0.000000
2146.373309, -750.281068, 1.000000
2146.518999, -750.279030, 1.000000
2146.664689, -750.276993, 1.000000
2146.809206, -750.262913, 1.000000
2146.954896, -750.260876, 1.000000
2147.099413, -750.246796, 1.000000
2147.242757, -750.220673, 1.000000
2147.386100, -750.194549, 1.000000
2147.533004, -750.152779, 1.000000
2147.677293, -750.138356, 1.000000
2147.821582, -750.123933, 1.000000
2147.965871, -750.109510, 1.000000
2148.108957, -750.083063, 1.000000
2148.253246, -750.068640, 1.000000
2148.397535, -750.054217, 1.000000
2148.543025, -750.051818, 1.000000
2148.686926, -750.052282, 1.000000
2148.832602, -750.050013, 1.000000
2148.977086, -750.035704, 1.000000
2149.121569, -750.021395, 1.000000
2149.264860, -749.995046, 1.000000
2149.409344, -749.980737, 1.000000
2149.553827, -749.966428, 1.000000
2149.700732, -749.975270, 1.000000
2149.845978, -749.960885, 1.000000
2149.991224, -749.946501, 1.000000
2150.137669, -749.944220, 1.000000
2150.281717, -749.917732, 0.000000
2150.424566, -749.879140, 0.000000
2150.568613, -749.852651, 0.000000
2150.711462, -749.814059, 0.000000
2150.854311, -749.775467, 0.000000
2150.995179, -749.723487, 0.000000
2151.137072, -749.685153, 0.000000
2151.278964, -749.646819, 0.000000
2151.420857, -749.608485, 0.000000
2151.562749, -749.570152, 0.000000
2151.704641, -749.531818, 0.000000
2151.846534, -749.493484, 0.000000
2151.988426, -749.455150, 0.000000
2152.131509, -749.428839, 1.000000
2152.275486, -749.412762, 1.000000
2152.420806, -749.410498, 1.000000
2152.564936, -749.396224, 1.000000
2152.709067, -749.381950, 1.000000
2152.853198, -749.367676, 1.000000
2152.997328, -749.353402, 1.000000
2153.139080, -749.315107, 1.000000
2153.281640, -749.276680, 1.000000
2153.426748, -749.262309, 1.000000
2153.570657, -749.235846, 1.000000
2153.715764, -749.221476, 1.000000
2153.860871, -749.207105, 1.000000
2154.004781, -749.180642, 1.000000
2154.149888, -749.166271, 1.000000
2154.294995, -749.151901, 1.000000
2154.441064, -749.144710, 1.000000
2154.585565, -749.118139, 1.000000
2154.731268, -749.103709, 1.000000
2154.876971, -749.089279, 1.000000
2155.022675, -749.074849, 1.000000
2155.169581, -749.072561, 1.000000
2155.315284, -749.058132, 1.000000
2155.460870, -749.046905, 0.000000
2155.604638, -749.020468, 0.000000
2155.748407, -748.994031, 0.000000
2155.893372, -748.979674, 0.000000
2156.037141, -748.953237, 0.000000
2156.180910, -748.926800, 0.000000
2156.325875, -748.912443, 0.000000
2156.469644, -748.886006, 0.000000
2156.613999, -748.864430, 0.000000
2156.758182, -748.837917, 0.000000
2156.903565, -748.823519, 0.000000
2157.047748, -748.797006, 0.000000
2157.191930, -748.770493, 0.000000
2157.337313, -748.756095, 0.000000
2157.481496, -748.729581, 0.000000
2157.625679, -748.703068, 0.000000
2157.771062, -748.688670, 0.000000
2157.913651, -748.652175, 1.000000
2158.058134, -748.637866, 1.000000
2158.203810, -748.635598, 1.000000
2158.348293, -748.621289, 1.000000
2158.493969, -748.619020, 1.000000
2158.638453, -748.604711, 1.000000
2158.782936, -748.590402, 1.000000
2158.931278, -748.610470, 1.000000
2159.077861, -748.608187, 1.000000
2159.223244, -748.593789, 1.000000
2159.368626, -748.579391, 1.000000
2159.514009, -748.564993, 1.000000
2159.659392, -748.550595, 1.000000
2159.804774, -748.536197, 1.000000
2159.950157, -748.521799, 1.000000
2160.097940, -748.531631, 1.000000
2160.259792, -748.537613, 1.000000
2160.406243, -748.534112, 1.000000
2160.551395, -748.518516, 1.000000
2160.696547, -748.502919, 1.000000
2160.841698, -748.487323, 1.000000
2160.988150, -748.483822, 1.000000
2161.126802, -748.462831, 1.000000
2161.418689, -748.456796, 0.000000
2161.562120, -748.429664, 0.000000
2161.706807, -748.414590, 0.000000
2161.851494, -748.399515, 0.000000
2161.996181, -748.384440, 0.000000
2162.139612, -748.357309, 0.000000
2162.283687, -748.336353, 0.000000
2162.427887, -748.321329, 0.000000
2162.572088, -748.306305, 0.000000
2162.715036, -748.279264, 0.000000
2162.859237, -748.264241, 0.000000
2163.003437, -748.249217, 0.000000
2163.147638, -748.234193, 0.000000
2163.290586, -748.207152, 0.000000
2163.435212, -748.195168, 0.000000
2163.579668, -748.180118, 0.000000
2163.722870, -748.153029, 0.000000
2163.867327, -748.137979, 0.000000
2164.011783, -748.122928, 1.000000
2164.157494, -748.119916, 1.000000
2164.301951, -748.104865, 1.000000
2164.447662, -748.101853, 1.000000
2164.593512, -748.096802, 1.000000
2164.738805, -748.081665, 1.000000
2164.884098, -748.066527, 1.000000
2165.029391, -748.051389, 1.000000
2165.174684, -748.036252, 1.000000
2165.319977, -748.021114, 1.000000
2165.464008, -747.993868, 1.000000
2165.606546, -747.958463, 1.000000
2165.751143, -747.943398, 1.000000
2165.895741, -747.928333, 1.000000
2166.041594, -747.925317, 1.000000
2166.186192, -747.910252, 1.000000
2166.330790, -747.895187, 1.000000
2166.475387, -747.880121, 1.000000
2166.619985, -747.865056, 1.000000
2166.764648, -747.846119, 1.000000
2166.909941, -747.830981, 1.000000
2167.055234, -747.815844, 1.000000
2167.200527, -747.800706, 1.000000
2167.347081, -747.797676, 1.000000
2167.491113, -747.770431, 0.000000
2167.635368, -747.746534, 0.000000
2167.778665, -747.719427, 0.000000
2167.923216, -747.704367, 0.000000
2168.066513, -747.677260, 0.000000
2168.209810, -747.650154, 0.000000
2168.354361, -747.635094, 0.000000
2168.497658, -747.607987, 0.000000
2168.642210, -747.592927, 0.000000
2168.786329, -747.573716, 0.000000
2168.931572, -747.558584, 0.000000
2169.075554, -747.531348, 0.000000
2169.219537, -747.504112, 0.000000
2169.364780, -747.488979, 1.000000
2169.511284, -747.485950, 1.000000
2169.657789, -747.482921, 1.000000
2169.801968, -747.460971, 1.000000
2169.947866, -747.457955, 1.000000
2170.092509, -747.442885, 1.000000
2170.238408, -747.439869, 1.000000
2170.383051, -747.424799, 1.000000
2170.527694, -747.409729, 1.000000
2170.672337, -747.394659, 1.000000
2170.818236, -747.391642, 1.000000
2170.962676, -747.374962, 1.000000
2171.107180, -747.359906, 1.000000
2171.251685, -747.344851, 1.000000
2171.396190, -747.329795, 1.000000
2171.541949, -747.326782, 1.000000
2171.686453, -747.311726, 1.000000
2171.830958, -747.296671, 1.000000
2171.975462, -747.281615, 1.000000
2172.048338, -747.286382, 1.000000
2172.194443, -747.277445, 1.000000
2172.340548, -747.268509, 1.000000
2172.487397, -747.271747, 1.000000
2172.633502, -747.262811, 1.000000
2172.780352, -747.266049, 1.000000
2172.947838, -747.261876, 0.000000
2173.092449, -747.239090, 0.000000
2173.237060, -747.216305, 0.000000
2173.381670, -747.193519, 0.000000
2173.527170, -747.182858, 0.000000
2173.671780, -747.160073, 0.000000
2173.816391, -747.137287, 0.000000
2173.961890, -747.126626, 0.000000
2174.106501, -747.103841, 0.000000
2174.251112, -747.081055, 0.000000
2174.396611, -747.070394, 0.000000
2174.541222, -747.047609, 0.000000
2174.685832, -747.024823, 0.000000
2174.831332, -747.014162, 0.000000
2174.976831, -747.003501, 1.000000
2175.123218, -747.004966, 1.000000
2175.268717, -746.994305, 1.000000
2175.415105, -746.995769, 1.000000
2175.560604, -746.985108, 1.000000
2175.706103, -746.974448, 1.000000
2175.852491, -746.975912, 1.000000
2175.997990, -746.965251, 1.000000
2176.143489, -746.954590, 1.000000
2176.288988, -746.943930, 1.000000
2176.434487, -746.933269, 1.000000
2176.579987, -746.922608, 1.000000
2176.725486, -746.911948, 1.000000
2176.871873, -746.913412, 1.000000
2177.017372, -746.902751, 1.000000
2177.163760, -746.904215, 1.000000
2177.310148, -746.905679, 1.000000
2177.455647, -746.895019, 1.000000
2177.602034, -746.896483, 1.000000
2177.747533, -746.885822, 1.000000
2177.893921, -746.887286, 1.000000
2178.040308, -746.888751, 1.000000
2178.185808, -746.878090, 1.000000
2178.331307, -746.867429, 1.000000
2178.475918, -746.844644, 0.000000
2178.621417, -746.833983, 0.000000
2178.766027, -746.811197, 0.000000
2178.910638, -746.788412, 0.000000
2179.055249, -746.765626, 0.000000
2179.199860, -746.742840, 0.000000
2179.345359, -746.732179, 0.000000
2179.489970, -746.709394, 0.000000
2179.634580, -746.686608, 0.000000
2179.779191, -746.663823, 0.000000
2179.923802, -746.641037, 0.000000
2180.069301, -746.630376, 0.000000
2180.213912, -746.607591, 0.000000
2180.504910, -746.586269, 1.000000
2180.651298, -746.587733, 1.000000
2180.796797, -746.577073, 1.000000
2180.943184, -746.578537, 1.000000
2181.088683, -746.567876, 1.000000
2181.235071, -746.569340, 1.000000
2181.380570, -746.558680, 1.000000
2181.525181, -746.535894, 1.000000
2181.669792, -746.513108, 1.000000
2181.814402, -746.490323, 1.000000
2181.960790, -746.491787, 1.000000
2182.106289, -746.481126, 1.000000
2182.251788, -746.470465, 1.000000
2182.397287, -746.459805, 1.000000
2182.542787, -746.449144, 1.000000
2182.687397, -746.426358, 1.000000
2182.832896, -746.415698, 1.000000
2182.979284, -746.417162, 1.000000
2183.124783, -746.406501, 1.000000
2183.270282, -746.395840, 1.000000
2183.416670, -746.397304, 1.000000
2183.562169, -746.386644, 1.000000
2183.780491, -746.353850, 1.000000
2183.922942, -746.324690, 0.000000
2184.066823, -746.307521, 0.000000
2184.210704, -746.290351, 0.000000
2184.353155, -746.261191, 0.000000
2184.497036, -746.244022, 0.000000
2184.640917, -746.226852, 0.000000
2184.784798, -746.209683, 0.000000
2184.912173, -746.197949, 0.000000
2185.055123, -746.170264, 0.000000
2185.199379, -746.154601, 0.000000
2185.343634, -746.138937, 0.000000
2185.487890, -746.123274, 0.000000
2185.632146, -746.107611, 0.000000
2185.775096, -746.079926, 0.000000
2185.919352, -746.064263, 0.000000
2186.063607, -746.048599, 0.000000
2186.207863, -746.032936, 0.000000
2186.352118, -746.017272, 0.000000
2186.495069, -745.989588, 0.000000
2186.639324, -745.973924, 0.000000
2186.930446, -745.966640, 1.000000
2187.076007, -745.962998, 1.000000
2187.221568, -745.959356, 1.000000
2187.365824, -745.943692, 1.000000
2187.511385, -745.940050, 1.000000
2187.655640, -745.924387, 1.000000
2187.799896, -745.908724, 1.000000
2187.941541, -745.869018, 1.000000
2188.081881, -745.817290, 1.000000
2188.226136, -745.801627, 1.000000
2188.370392, -745.785963, 1.000000
2188.515953, -745.782321, 1.000000
2188.660208, -745.766658, 1.000000
2188.804464, -745.750995, 1.000000
2188.944804, -745.699267, 1.000000
2189.087754, -745.671583, 1.000000
2189.233315, -745.667940, 1.000000
2189.377571, -745.652277, 1.000000
2189.523132, -745.648635, 1.000000
2189.668693, -745.644993, 0.000000
2189.811643, -745.617308, 0.000000
2189.955899, -745.601645, 0.000000
2190.100154, -745.585981, 0.000000
2190.243105, -745.558297, 0.000000
2190.387360, -745.542633, 0.000000
2190.531616, -745.526970, 0.000000
2190.674566, -745.499285, 0.000000
2190.818822, -745.483622, 0.000000
2190.963077, -745.467958, 0.000000
2191.106028, -745.440274, 0.000000
2191.250283, -745.424610, 0.000000
2191.393234, -745.396926, 0.000000
2191.537489, -745.381262, 0.000000
2191.681745, -745.365599, 0.000000
2191.824695, -745.337914, 0.000000
2191.968951, -745.322251, 0.000000
2192.113207, -745.306587, 0.000000
2192.256157, -745.278903, 0.000000
2192.401718, -745.275261, 1.000000
2192.548584, -745.283640, 1.000000
2192.692840, -745.267976, 1.000000
2192.837095, -745.252313, 1.000000
2192.982656, -745.248671, 1.000000
2193.126912, -745.233007, 1.000000
2193.268557, -745.193301, 1.000000
2193.410202, -745.153595, 1.000000
2193.554458, -745.137932, 1.000000
2193.700019, -745.134290, 1.000000
2193.844274, -745.118627, 1.000000
2193.988530, -745.102963, 1.000000
2194.131480, -745.075278, 1.000000
2194.273125, -745.035572, 1.000000
2194.417381, -745.019909, 1.000000
2194.561636, -745.004246, 1.000000
2194.705892, -744.988582, 1.000000
2194.850148, -744.972919, 1.000000
2194.995709, -744.969277, 1.000000
2195.139964, -744.953613, 1.000000
2195.284220, -744.937950, 1.000000
2195.510577, -744.903265, 1.000000
2195.653636, -744.879494, 0.000000
2195.796695, -744.855724, 0.000000
2195.939754, -744.831953, 0.000000
2196.080832, -744.796261, 0.000000
2196.223891, -744.772490, 0.000000
2196.349556, -744.757164, 0.000000
2196.493301, -744.735160, 0.000000
2196.637045, -744.713157, 0.000000
