2177.174034, -327.229179, 1.000000
2177.156917, -327.084269, 1.000000
2177.127725, -326.940785, 1.000000
2177.110618, -326.795875, 1.000000
2177.093502, -326.650966, 1.000000
2177.076385, -326.506057, 1.000000
2177.059269, -326.361148, 1.000000
2177.042152, -326.216239, 1.000000
2177.025036, -326.071331, 1.000000
2177.007919, -325.926422, 1.000000
2176.990792, -325.781514, 1.000000
2176.973676, -325.636604, 1.000000
2176.944483, -325.493120, 1.000000
2176.927377, -325.348210, 1.000000
2176.910260, -325.203301, 1.000000
2176.893144, -325.058392, 0.000000
2176.876027, -324.913484, 0.000000
2176.858911, -324.768575, 0.000000
2176.841794, -324.623666, 0.000000
2176.824667, -324.478758, 0.000000
2176.807551, -324.333849, 0.000000
2176.790434, -324.188939, 0.000000
2176.773317, -324.044029, 0.000000
2176.756211, -323.899119, 0.000000
2176.739095, -323.754210, 0.000000
2176.721978, -323.609301, 0.000000
2176.704862, -323.464392, 0.000000
2176.687745, -323.319484, 0.000000
2176.670629, -323.174575, 0.000000
2176.653502, -323.029667, 0.000000
2176.636385, -322.884757, 0.000000
2176.619268, -322.739848, 0.000000
2176.602162, -322.594936, 0.000000
2176.585046, -322.450028, 0.000000
2176.567929, -322.305119, 0.000000
2176.550813, -322.160210, 0.000000
2176.533696, -322.015301, 0.000000
2176.516579, -321.870393, 0.000000
2176.499463, -321.725484, 0.000000
2176.482336, -321.580576, 0.000000
2176.465219, -321.435666, 0.000000
2176.448103, -321.290756, 0.000000
2176.430996, -321.145845, 0.000000
2176.413880, -321.000937, 0.000000
2176.396763, -320.856028, 0.000000
2176.379647, -320.711119, 0.000000
2176.362530, -320.566210, 0.000000
2176.345414, -320.421302, 0.000000
2176.328297, -320.276393, 0.000000
2176.311170, -320.131485, 0.000000
2176.294054, -319.986575, 0.000000
2176.276937, -319.841665, 0.000000
2176.259831, -319.696754, 0.000000
2176.242714, -319.551846, 0.000000
2176.225598, -319.406937, 0.000000
2176.208481, -319.262028, 0.000000
2176.179289, -319.118546, 1.000000
2176.150097, -318.975063, 1.000000
2176.120894, -318.831582, 1.000000
2176.103777, -318.686672, 1.000000
2176.086660, -318.541763, 1.000000
2176.069544, -318.396853, 1.000000
2176.052438, -318.251942, 1.000000
2176.035321, -318.107034, 1.000000
2176.018205, -317.962125, 1.000000
2176.001088, -317.817216, 1.000000
2175.983972, -317.672307, 1.000000
2175.966855, -317.527399, 1.000000
2175.949728, -317.382491, 1.000000
2175.932611, -317.237581, 1.000000
2175.915495, -317.092671, 1.000000
2175.898389, -316.947760, 1.000000
2175.881272, -316.802851, 1.000000
2175.864156, -316.657943, 1.000000
2175.834964, -316.514460, 1.000000
2175.802202, -316.359604, 1.000000
2175.785945, -316.213093, 1.000000
2175.769689, -316.066582, 1.000000
2175.785208, -315.913177, 1.000000
2175.769831, -315.769733, 0.000000
2175.754454, -315.626290, 0.000000
2175.739088, -315.482846, 0.000000
2175.723711, -315.339404, 0.000000
2175.708334, -315.195961, 0.000000
2175.692957, -315.052519, 0.000000
2175.665626, -314.910358, 0.000000
2175.650250, -314.766916, 0.000000
2175.634862, -314.623474, 0.000000
2175.619485, -314.480031, 0.000000
2175.604108, -314.336588, 0.000000
2175.588742, -314.193144, 0.000000
2175.573365, -314.049701, 0.000000
2175.557988, -313.906259, 0.000000
2175.542611, -313.762817, 0.000000
2175.527234, -313.619374, 0.000000
2175.511857, -313.475932, 0.000000
2175.496469, -313.332491, 0.000000
2175.469139, -313.190329, 0.000000
2175.453762, -313.046885, 0.000000
2175.438396, -312.903441, 0.000000
2175.423019, -312.759999, 0.000000
2175.407642, -312.616556, 0.000000
2175.392265, -312.473114, 0.000000
2175.376888, -312.329672, 0.000000
2175.361511, -312.186230, 0.000000
2175.346134, -312.042787, 0.000000
2175.330746, -311.899345, 0.000000
2175.315369, -311.755902, 0.000000
2175.299992, -311.612459, 0.000000
2175.284626, -311.469015, 0.000000
2175.257296, -311.326854, 0.000000
2175.241919, -311.183412, 0.000000
2175.226542, -311.039969, 0.000000
2175.211165, -310.896527, 0.000000
2175.195788, -310.753085, 0.000000
2175.180400, -310.609643, 0.000000
2175.165023, -310.466200, 1.000000
2175.137693, -310.324038, 1.000000
2175.110373, -310.181875, 1.000000
2175.094996, -310.038433, 1.000000
2175.079619, -309.894991, 1.000000
2175.052289, -309.752830, 1.000000
2175.036912, -309.609387, 1.000000
2175.021535, -309.465945, 1.000000
2174.982240, -309.325067, 1.000000
2174.954909, -309.182905, 1.000000
2174.939532, -309.039461, 1.000000
2174.912213, -308.897298, 1.000000
2174.896836, -308.753856, 1.000000
2174.881459, -308.610414, 1.000000
2174.854129, -308.468253, 1.000000
2174.826799, -308.326092, 1.000000
2174.811422, -308.182650, 1.000000
2174.784079, -308.040490, 1.000000
2174.768702, -307.897047, 1.000000
2174.741372, -307.754885, 1.000000
2174.726007, -307.611440, 1.000000
2174.710630, -307.467998, 1.000000
2174.683299, -307.325837, 1.000000
2174.640592, -307.040234, 0.000000
2174.625215, -306.896792, 0.000000
2174.609838, -306.753349, 0.000000
2174.594449, -306.609907, 0.000000
2174.579072, -306.466464, 0.000000
2174.563695, -306.323021, 0.000000
2174.548330, -306.179577, 0.000000
2174.532953, -306.036135, 0.000000
2174.517576, -305.892692, 0.000000
2174.490246, -305.750531, 0.000000
2174.474869, -305.607089, 0.000000
2174.459492, -305.463647, 0.000000
2174.444103, -305.320205, 0.000000
2174.428726, -305.176762, 0.000000
2174.413349, -305.033318, 0.000000
2174.397984, -304.889874, 0.000000
2174.382607, -304.746432, 0.000000
2174.367231, -304.602990, 0.000000
2174.351854, -304.459547, 0.000000
2174.336477, -304.316105, 0.000000
2174.321100, -304.172663, 0.000000
2174.305711, -304.029221, 0.000000
2174.290334, -303.885778, 0.000000
2174.274957, -303.742335, 0.000000
2174.259592, -303.598891, 0.000000
2174.244215, -303.455448, 0.000000
2174.228838, -303.312006, 0.000000
2174.191197, -303.160922, 0.000000
2174.176566, -303.016580, 0.000000
2174.161934, -302.872238, 0.000000
2174.144312, -302.727913, 0.000000
2174.129679, -302.583314, 0.000000
2174.115046, -302.438716, 0.000000
2174.100413, -302.294117, 0.000000
2174.085793, -302.149519, 0.000000
2174.071160, -302.004921, 0.000000
2174.056528, -301.860324, 0.000000
2174.041895, -301.715726, 1.000000
2174.027262, -301.571129, 1.000000
2174.000580, -301.427751, 1.000000
2173.997985, -301.281935, 1.000000
2173.983352, -301.137337, 1.000000
2173.956669, -300.993958, 1.000000
2173.954099, -300.848139, 1.000000
2173.939466, -300.703541, 1.000000
2173.912783, -300.560163, 1.000000
2173.910200, -300.414347, 1.000000
2173.907618, -300.268530, 1.000000
2173.880935, -300.125152, 1.000000
2173.866302, -299.980555, 1.000000
2173.863707, -299.834739, 1.000000
2173.849074, -299.690140, 1.000000
2173.834442, -299.545542, 1.000000
2173.819821, -299.400942, 1.000000
2173.805188, -299.256345, 1.000000
2173.790556, -299.111748, 1.000000
2173.737191, -298.824992, 0.000000
2173.722558, -298.680394, 0.000000
2173.695876, -298.537016, 0.000000
2173.681230, -298.392419, 0.000000
2173.666598, -298.247821, 0.000000
2173.651965, -298.103223, 0.000000
2173.625295, -297.959843, 0.000000
2173.610662, -297.815245, 0.000000
2173.596029, -297.670648, 0.000000
2173.581397, -297.526051, 0.000000
2173.554714, -297.382673, 0.000000
2173.540082, -297.238075, 0.000000
2173.525436, -297.093479, 0.000000
2173.510803, -296.948881, 0.000000
2173.484121, -296.805502, 0.000000
2173.469488, -296.660903, 0.000000
2173.454868, -296.516304, 0.000000
2173.440235, -296.371707, 0.000000
2173.425603, -296.227110, 0.000000
2173.398920, -296.083732, 0.000000
2173.384288, -295.939134, 0.000000
2173.369655, -295.794537, 0.000000
2173.355009, -295.649941, 0.000000
2173.328327, -295.506562, 0.000000
2173.313694, -295.361963, 0.000000
2173.299074, -295.217364, 0.000000
2173.284441, -295.072766, 0.000000
2173.257759, -294.929388, 0.000000
2173.243126, -294.784791, 0.000000
2173.228494, -294.640193, 0.000000
2173.213861, -294.495596, 0.000000
2173.187178, -294.352218, 0.000000
2173.172533, -294.207622, 0.000000
2173.157900, -294.063023, 0.000000
2173.143267, -293.918425, 0.000000
2173.116598, -293.775045, 0.000000
2173.101965, -293.630447, 0.000000
2173.087332, -293.485850, 0.000000
2173.072700, -293.341252, 0.000000
2173.058067, -293.196655, 0.000000
2173.031384, -293.053277, 0.000000
2173.016752, -292.908680, 0.000000
2173.002106, -292.764083, 0.000000
2172.987473, -292.619485, 0.000000
2172.960790, -292.476106, 0.000000
2172.946171, -292.331506, 0.000000
2172.931538, -292.186909, 1.000000
2172.916905, -292.042312, 1.000000
2172.890223, -291.898934, 1.000000
2172.875590, -291.754336, 1.000000
2172.848908, -291.610958, 1.000000
2172.834262, -291.466362, 1.000000
2172.807579, -291.322983, 1.000000
2172.792946, -291.178385, 1.000000
2172.778313, -291.033786, 1.000000
2172.775744, -290.887968, 1.000000
2172.761111, -290.743371, 1.000000
2172.746479, -290.598773, 1.000000
2172.731846, -290.454176, 1.000000
2172.705164, -290.310798, 1.000000
2172.690531, -290.166200, 1.000000
2172.687934, -290.020385, 1.000000
2172.685351, -289.874567, 1.000000
2172.658669, -289.731188, 1.000000
2172.659908, -289.605825, 1.000000
2172.655723, -289.461119, 1.000000
2172.627645, -289.319102, 1.000000
2172.611513, -289.175740, 1.000000
2172.561457, -289.073394, 0.000000
2172.542166, -288.928514, 0.000000
2172.522875, -288.783635, 0.000000
2172.503570, -288.638756, 0.000000
2172.484279, -288.493876, 0.000000
2172.477061, -288.347387, 0.000000
2172.457784, -288.202505, 0.000000
2172.438493, -288.057625, 0.000000
2172.419201, -287.912746, 0.000000
2172.399910, -287.767866, 0.000000
2172.380619, -287.622987, 0.000000
2172.361328, -287.478107, 0.000000
2172.342023, -287.333229, 0.000000
2172.322732, -287.188348, 0.000000
2172.303441, -287.043468, 0.000000
2172.296223, -286.896979, 0.000000
2172.276945, -286.752098, 0.000000
2172.257654, -286.607218, 0.000000
2172.238363, -286.462338, 0.000000
2172.219072, -286.317459, 0.000000
2172.199781, -286.172579, 0.000000
2172.180490, -286.027699, 0.000000
2172.161185, -285.882821, 0.000000
2172.141894, -285.737940, 0.000000
2172.122603, -285.593060, 0.000000
2172.115398, -285.446570, 0.000000
2172.096107, -285.301690, 0.000000
2172.076816, -285.156811, 0.000000
2172.057525, -285.011931, 0.000000
2172.038234, -284.867051, 0.000000
2172.018943, -284.722172, 0.000000
2171.999638, -284.577294, 0.000000
2171.980347, -284.432413, 0.000000
2171.961055, -284.287532, 0.000000
2171.941764, -284.142652, 0.000000
2171.934560, -283.996162, 0.000000
2171.915269, -283.851283, 0.000000
2171.895978, -283.706403, 0.000000
2171.876686, -283.561523, 0.000000
2171.869469, -283.415036, 1.000000
2171.850178, -283.270157, 1.000000
2171.842946, -283.123670, 1.000000
2171.811582, -282.980397, 1.000000
2171.792291, -282.835517, 1.000000
2171.785086, -282.689027, 1.000000
2171.765795, -282.544147, 1.000000
2171.734430, -282.400875, 1.000000
2171.715139, -282.255996, 1.000000
2171.695848, -282.111116, 1.000000
2171.676557, -281.966236, 1.000000
2171.657253, -281.821358, 1.000000
2171.625888, -281.678085, 1.000000
2171.606597, -281.533205, 1.000000
2171.587306, -281.388324, 1.000000
2171.568028, -281.243442, 1.000000
2171.548737, -281.098563, 1.000000
2171.529445, -280.953683, 1.000000
2171.498081, -280.810411, 1.000000
2171.478790, -280.665531, 1.000000
2171.447426, -280.522259, 1.000000
2171.428121, -280.377381, 1.000000
2171.408830, -280.232500, 1.000000
2171.377465, -280.089227, 0.000000
2171.358187, -279.944345, 0.000000
2171.338896, -279.799465, 0.000000
2171.319605, -279.654586, 0.000000
2171.300314, -279.509706, 0.000000
2171.281023, -279.364826, 0.000000
2171.261732, -279.219947, 0.000000
2171.242427, -279.075069, 0.000000
2171.223136, -278.930188, 0.000000
2171.203844, -278.785307, 0.000000
2171.196627, -278.638819, 0.000000
2171.177349, -278.493937, 0.000000
2171.158058, -278.349058, 0.000000
2171.138767, -278.204178, 0.000000
2171.119476, -278.059298, 0.000000
2171.100185, -277.914419, 0.000000
2171.080893, -277.769539, 0.000000
2171.061589, -277.624661, 0.000000
2171.042297, -277.479780, 0.000000
2171.023006, -277.334899, 0.000000
2171.003729, -277.190017, 0.000000
2170.984437, -277.045138, 0.000000
2170.965146, -276.900258, 0.000000
2170.945855, -276.755378, 0.000000
2170.926564, -276.610499, 0.000000
2170.907273, -276.465619, 0.000000
2170.887968, -276.320741, 0.000000
2170.868677, -276.175860, 0.000000
2170.849386, -276.030980, 0.000000
2170.830095, -275.886099, 0.000000
2170.825104, -275.737427, 0.000000
2170.805997, -275.592709, 0.000000
2170.786890, -275.447990, 0.000000
2170.790340, -275.233496, 0.000000
2170.776827, -275.090227, 0.000000
2170.763315, -274.946958, 0.000000
2170.749789, -274.803690, 0.000000
2170.736276, -274.660421, 0.000000
2170.722763, -274.517151, 0.000000
2170.709264, -274.373881, 0.000000
2170.707690, -274.229486, 1.000000
2170.682239, -274.087343, 1.000000
2170.668726, -273.944075, 1.000000
2170.643274, -273.801932, 1.000000
2170.629762, -273.658664, 1.000000
2170.628175, -273.514270, 1.000000
2170.614662, -273.371000, 1.000000
2170.601150, -273.227730, 1.000000
2170.587650, -273.084460, 1.000000
2170.562199, -272.942317, 1.000000
2170.548686, -272.799048, 1.000000
2170.547112, -272.654654, 1.000000
2170.533600, -272.511385, 1.000000
2170.520087, -272.368117, 1.000000
2170.506561, -272.224849, 1.000000
2170.493049, -272.081579, 1.000000
2170.479536, -271.938310, 1.000000
2170.454097, -271.796165, 1.000000
2170.440585, -271.652896, 1.000000
2170.427072, -271.509628, 1.000000
2170.413560, -271.366359, 1.000000
2170.388108, -271.224216, 0.000000
2170.374595, -271.080948, 0.000000
2170.361083, -270.937679, 0.000000
2170.347557, -270.794411, 0.000000
2170.334044, -270.651141, 0.000000
2170.320531, -270.507871, 0.000000
2170.307032, -270.364601, 0.000000
2170.293520, -270.221333, 0.000000
2170.280007, -270.078064, 0.000000
2170.266494, -269.934795, 0.000000
2170.264921, -269.790401, 0.000000
2170.251408, -269.647132, 0.000000
2170.237882, -269.503864, 0.000000
2170.224370, -269.360594, 0.000000
2170.210857, -269.217325, 0.000000
2170.197358, -269.074054, 0.000000
2170.183845, -268.930786, 0.000000
2170.170332, -268.787517, 0.000000
2170.156820, -268.644248, 0.000000
2170.143307, -268.500980, 0.000000
2170.129795, -268.357711, 0.000000
2170.116269, -268.214443, 0.000000
2170.102756, -268.071174, 0.000000
2170.089243, -267.927904, 0.000000
2170.075744, -267.784633, 0.000000
2170.062231, -267.641365, 0.000000
2170.048719, -267.498096, 0.000000
2170.035206, -267.354827, 0.000000
2170.021694, -267.211559, 0.000000
2170.008181, -267.068290, 0.000000
2170.006594, -266.923897, 0.000000
2169.993081, -266.780627, 0.000000
2169.979569, -266.637357, 0.000000
2169.966069, -266.494086, 0.000000
2169.952557, -266.350818, 0.000000
2169.939044, -266.207549, 0.000000
2169.925532, -266.064280, 0.000000
2169.912019, -265.921012, 0.000000
2169.898506, -265.777743, 0.000000
2169.896933, -265.633349, 1.000000
2169.871468, -265.491206, 1.000000
2169.846016, -265.349063, 1.000000
2169.832503, -265.205793, 1.000000
2169.819004, -265.062523, 1.000000
2169.805491, -264.919254, 1.000000
2169.791979, -264.775986, 1.000000
2169.778466, -264.632717, 1.000000
2169.764954, -264.489448, 1.000000
2169.751441, -264.346180, 1.000000
2169.749854, -264.201786, 1.000000
2169.736341, -264.058516, 1.000000
2169.710890, -263.916372, 1.000000
2169.697390, -263.773102, 1.000000
2169.683878, -263.629833, 1.000000
2169.670365, -263.486565, 1.000000
2169.668792, -263.342170, 1.000000
2169.643340, -263.200027, 1.000000
2169.629827, -263.056759, 1.000000
2169.628240, -262.912365, 1.000000
2169.614728, -262.769095, 1.000000
2169.589276, -262.626952, 1.000000
2169.575777, -262.483681, 1.000000
2169.550325, -262.341538, 0.000000
2169.536812, -262.198270, 0.000000
2169.487499, -262.064883, 0.000000
2169.485332, -261.917646, 0.000000
2169.470996, -261.771604, 0.000000
2169.490130, -261.625407, 0.000000
2169.475892, -261.481987, 0.000000
2169.461653, -261.338566, 0.000000
2169.447427, -261.195145, 0.000000
2169.433189, -261.051726, 0.000000
2169.430902, -260.907120, 0.000000
2169.416663, -260.763701, 0.000000
2169.402424, -260.620282, 0.000000
2169.388185, -260.476863, 0.000000
2169.373933, -260.333444, 0.000000
2169.359694, -260.190024, 0.000000
2169.345469, -260.046602, 0.000000
2169.331230, -259.903183, 0.000000
2169.328943, -259.758577, 0.000000
2169.314704, -259.615158, 0.000000
2169.300465, -259.471739, 0.000000
2169.286227, -259.328320, 0.000000
2169.271975, -259.184901, 0.000000
2169.257736, -259.041481, 0.000000
2169.243497, -258.898061, 0.000000
2169.241223, -258.753453, 0.000000
2169.226984, -258.610034, 0.000000
2169.212746, -258.466615, 0.000000
2169.198507, -258.323196, 0.000000
2169.184268, -258.179776, 0.000000
2169.170029, -258.036357, 0.000000
2169.155777, -257.892938, 0.000000
2169.153490, -257.748331, 0.000000
2169.139265, -257.604910, 0.000000
2169.125026, -257.461491, 0.000000
2169.110787, -257.318072, 0.000000
2169.108500, -257.173466, 1.000000
2169.094261, -257.030047, 1.000000
2169.080022, -256.886627, 1.000000
2169.077722, -256.742022, 1.000000
2169.063484, -256.598602, 1.000000
2169.049245, -256.455182, 1.000000
2169.035019, -256.311761, 1.000000
2169.008829, -256.169528, 1.000000
2169.006541, -256.024923, 1.000000
2168.992303, -255.881503, 1.000000
2168.990016, -255.736898, 1.000000
2168.975777, -255.593478, 1.000000
2168.961525, -255.450059, 1.000000
2168.947286, -255.306639, 1.000000
2168.933060, -255.163218, 1.000000
2168.906870, -255.020985, 1.000000
2168.892631, -254.877566, 1.000000
2168.890344, -254.732960, 1.000000
2168.864154, -254.590727, 1.000000
2168.837963, -254.448495, 0.000000
2168.823712, -254.305076, 0.000000
2168.809473, -254.161656, 0.000000
2168.795234, -254.018236, 0.000000
2168.781008, -253.874815, 0.000000
2168.766769, -253.731396, 0.000000
2168.764482, -253.586790, 0.000000
2168.750244, -253.443371, 0.000000
2168.736005, -253.299952, 0.000000
2168.721766, -253.156532, 0.000000
2168.707514, -253.013113, 0.000000
2168.693276, -252.869693, 0.000000
2168.679050, -252.726272, 0.000000
2168.664811, -252.582852, 0.000000
2168.650572, -252.439433, 0.000000
2168.636333, -252.296014, 0.000000
2168.622095, -252.152595, 0.000000
2168.607856, -252.009176, 0.000000
2168.593604, -251.865757, 0.000000
2168.591317, -251.721150, 0.000000
2168.577078, -251.577730, 0.000000
2168.562852, -251.434309, 0.000000
2168.548614, -251.290890, 0.000000
2168.534375, -251.147471, 0.000000
2168.520136, -251.004052, 0.000000
2168.505897, -250.860632, 0.000000
2168.491659, -250.717213, 0.000000
2168.477407, -250.573794, 0.000000
2168.463168, -250.430374, 0.000000
2168.448942, -250.286953, 0.000000
2168.434703, -250.143533, 0.000000
2168.420465, -250.000114, 0.000000
2168.418178, -249.855508, 0.000000
2168.403939, -249.712089, 0.000000
2168.389700, -249.568670, 0.000000
2168.378610, -249.471152, 0.000000
2168.360586, -249.328124, 0.000000
2168.342562, -249.185096, 0.000000
2168.311051, -249.075043, 1.000000
2168.290269, -248.930975, 1.000000
2168.269487, -248.786907, 1.000000
2168.236700, -248.644570, 1.000000
2168.215918, -248.500502, 1.000000
2168.195137, -248.356434, 1.000000
2168.174355, -248.212365, 1.000000
2168.165566, -248.066566, 1.000000
2168.132778, -247.924229, 1.000000
2168.124002, -247.778428, 1.000000
2168.103233, -247.634357, 1.000000
2168.082452, -247.490289, 1.000000
2168.061670, -247.346221, 1.000000
2168.040888, -247.202152, 1.000000
2168.020107, -247.058084, 1.000000
2167.999325, -246.914016, 1.000000
2167.990536, -246.768218, 1.000000
2167.969755, -246.624148, 1.000000
2167.948973, -246.480079, 1.000000
2167.928191, -246.336010, 1.000000
2167.907422, -246.191940, 1.000000
2167.886640, -246.047871, 1.000000
2167.841847, -245.907267, 0.000000
2167.821066, -245.763198, 0.000000
2167.800284, -245.619130, 0.000000
2167.779502, -245.475062, 0.000000
2167.758708, -245.330995, 0.000000
2167.737926, -245.186926, 0.000000
2167.717144, -245.042857, 0.000000
2167.696375, -244.898786, 0.000000
2167.687599, -244.752986, 0.000000
2167.666817, -244.608917, 0.000000
2167.646036, -244.464849, 0.000000
2167.625254, -244.320781, 0.000000
2167.604472, -244.176713, 0.000000
2167.583691, -244.032644, 0.000000
2167.562896, -243.888577, 0.000000
2167.542115, -243.744508, 0.000000
2167.521333, -243.600439, 0.000000
2167.500564, -243.456368, 0.000000
2167.479782, -243.312300, 0.000000
2167.459000, -243.168231, 0.000000
2167.438219, -243.024163, 0.000000
2167.417437, -242.880095, 0.000000
2167.408661, -242.734295, 0.000000
2167.387879, -242.590227, 0.000000
2167.367085, -242.446159, 0.000000
2167.346303, -242.302090, 0.000000
2167.325521, -242.158021, 0.000000
2167.304752, -242.013950, 0.000000
2167.283971, -241.869882, 0.000000
2167.263189, -241.725814, 0.000000
2167.242407, -241.581746, 0.000000
2167.221626, -241.437677, 0.000000
2167.200844, -241.293609, 0.000000
2167.180050, -241.149543, 0.000000
2167.159268, -241.005473, 0.000000
2167.138486, -240.861404, 0.000000
2167.117704, -240.717335, 0.000000
2167.108941, -240.571533, 0.000000
2167.088159, -240.427464, 0.000000
2167.067377, -240.283396, 0.000000
2167.046596, -240.139328, 0.000000
2167.025814, -239.995260, 0.000000
2167.005032, -239.851191, 0.000000
2166.984238, -239.707125, 0.000000
2166.963456, -239.563055, 1.000000
2166.942675, -239.418986, 1.000000
2166.921905, -239.274915, 1.000000
2166.901124, -239.130847, 1.000000
2166.880342, -238.986779, 1.000000
2166.859560, -238.842710, 1.000000
2166.838779, -238.698642, 1.000000
2166.817997, -238.554574, 1.000000
2166.797215, -238.410506, 1.000000
2166.788427, -238.264707, 1.000000
2166.767645, -238.120638, 1.000000
2166.746863, -237.976568, 1.000000
2166.726094, -237.832497, 1.000000
2166.705312, -237.688429, 1.000000
2166.684531, -237.544361, 1.000000
2166.663749, -237.400293, 1.000000
2166.642967, -237.256225, 1.000000
2166.622186, -237.112156, 1.000000
2166.613410, -236.966356, 1.000000
2166.592615, -236.822289, 1.000000
2166.571834, -236.678220, 1.000000
2166.539046, -236.535882, 1.000000
2166.510812, -236.391033, 0.000000
2166.490259, -236.247335, 0.000000
2166.469706, -236.103636, 0.000000
2166.426446, -235.887456, 0.000000
2166.411787, -235.740661, 0.000000
2166.397127, -235.593866, 0.000000
2166.382455, -235.447071, 0.000000
2166.380028, -235.299053, 0.000000
2166.365368, -235.152257, 0.000000
2166.350721, -235.005460, 0.000000
2166.336061, -234.858665, 0.000000
2166.321402, -234.711869, 0.000000
2166.318975, -234.563852, 0.000000
2166.304316, -234.417057, 0.000000
2166.289656, -234.270262, 0.000000
2166.274984, -234.123467, 0.000000
2166.260324, -233.976671, 0.000000
2166.257897, -233.828653, 0.000000
2166.243250, -233.681856, 0.000000
2166.228590, -233.535061, 0.000000
2166.213931, -233.388266, 0.000000
2166.211504, -233.240249, 0.000000
2166.196844, -233.093454, 0.000000
2166.182185, -232.946658, 0.000000
2166.167513, -232.799863, 0.000000
2166.152853, -232.653067, 0.000000
2166.150438, -232.505048, 0.000000
2166.135779, -232.358253, 0.000000
2166.121119, -232.211457, 0.000000
2166.106460, -232.064662, 0.000000
2166.091800, -231.917867, 0.000000
2166.089373, -231.769850, 0.000000
2166.074701, -231.623056, 0.000000
2166.060042, -231.476259, 0.000000
2166.045382, -231.329463, 0.000000
2166.042967, -231.181444, 0.000000
2166.028308, -231.034649, 0.000000
2166.013648, -230.887854, 0.000000
2165.986755, -230.742280, 1.000000
2165.959863, -230.596706, 1.000000
2165.945203, -230.449911, 1.000000
2165.930531, -230.303117, 1.000000
2165.915871, -230.156320, 1.000000
2165.901212, -230.009524, 1.000000
2165.898797, -229.861505, 1.000000
2165.884138, -229.714710, 1.000000
2165.869478, -229.567915, 1.000000
2165.854818, -229.421120, 1.000000
2165.840159, -229.274324, 1.000000
2165.825499, -229.127529, 1.000000
2165.810827, -228.980734, 1.000000
2165.796167, -228.833938, 1.000000
2165.781508, -228.687142, 1.000000
2165.766860, -228.540345, 1.000000
2165.752201, -228.393550, 1.000000
2165.737541, -228.246755, 1.000000
2165.722881, -228.099959, 1.000000
2165.708222, -227.953164, 1.000000
2165.681329, -227.807590, 1.000000
2165.654424, -227.662017, 1.000000
2165.627531, -227.516442, 0.000000
2165.612884, -227.369645, 0.000000
2165.598224, -227.222850, 0.000000
2165.583565, -227.076054, 0.000000
2165.581138, -226.928038, 0.000000
2165.566478, -226.781242, 0.000000
2165.551819, -226.634447, 0.000000
2165.537147, -226.487653, 0.000000
2165.522487, -226.340857, 0.000000
2165.507827, -226.194060, 0.000000
2165.493180, -226.047263, 0.000000
2165.478520, -225.900468, 0.000000
2165.476094, -225.752451, 0.000000
2165.461434, -225.605656, 0.000000
2165.446774, -225.458860, 0.000000
2165.432115, -225.312065, 0.000000
2165.417443, -225.165271, 0.000000
2165.402783, -225.018474, 0.000000
2165.388123, -224.871678, 0.000000
2165.373476, -224.724881, 0.000000
2165.371049, -224.576864, 0.000000
2165.356389, -224.430069, 0.000000
2165.341730, -224.283274, 0.000000
2165.327070, -224.136478, 0.000000
2165.312411, -223.989683, 0.000000
2165.297739, -223.842888, 0.000000
2165.283079, -223.696092, 0.000000
2165.268419, -223.549296, 0.000000
2165.266005, -223.401277, 0.000000
2165.251345, -223.254482, 0.000000
2165.236685, -223.107687, 0.000000
2165.222026, -222.960892, 0.000000
2165.207366, -222.814096, 0.000000
2165.192706, -222.667301, 0.000000
2165.200310, -222.444179, 0.000000
2165.192551, -222.298801, 0.000000
2165.196906, -222.152775, 0.000000
2165.183580, -221.994442, 0.000000
2165.176956, -221.848515, 0.000000
2165.182492, -221.702035, 1.000000
2165.151547, -221.557211, 1.000000
2165.144923, -221.411283, 1.000000
2165.126138, -221.265907, 1.000000
2165.119514, -221.119979, 1.000000
2165.112878, -220.974052, 1.000000
2165.106253, -220.828123, 1.000000
2165.099629, -220.682194, 1.000000
2165.080857, -220.536816, 1.000000
2165.074233, -220.390889, 1.000000
2165.067608, -220.244961, 1.000000
2165.060984, -220.099033, 1.000000
2165.042200, -219.953657, 1.000000
2165.035575, -219.807729, 1.000000
2165.028951, -219.661801, 1.000000
2165.022315, -219.515874, 1.000000
2165.027852, -219.369393, 1.000000
2165.021227, -219.223464, 1.000000
2165.014603, -219.077535, 1.000000
2165.007991, -218.931606, 1.000000
2165.001367, -218.785679, 1.000000
2164.994743, -218.639751, 1.000000
2164.988119, -218.493823, 1.000000
2164.981495, -218.347895, 1.000000
2164.974871, -218.201967, 1.000000
2164.968247, -218.056039, 1.000000
2164.973771, -217.909559, 1.000000
2164.954986, -217.764183, 0.000000
2164.948362, -217.618254, 0.000000
2164.941750, -217.472324, 0.000000
2164.935126, -217.326396, 0.000000
2164.928502, -217.180468, 0.000000
2164.921878, -217.034541, 0.000000
2164.915254, -216.888613, 0.000000
2164.908630, -216.742685, 0.000000
2164.902006, -216.596757, 0.000000
2164.883209, -216.451382, 0.000000
2164.876584, -216.305453, 0.000000
2164.869960, -216.159524, 0.000000
2164.863336, -216.013595, 0.000000
2164.856724, -215.867666, 0.000000
2164.850100, -215.721738, 0.000000
2164.843476, -215.575810, 0.000000
2164.836852, -215.429883, 0.000000
2164.830228, -215.283955, 0.000000
2164.823604, -215.138027, 0.000000
2164.816980, -214.992099, 0.000000
2164.810343, -214.846171, 0.000000
2164.803719, -214.700242, 0.000000
2164.797095, -214.554313, 0.000000
2164.790483, -214.408384, 0.000000
2164.783859, -214.262456, 0.000000
2164.777235, -214.116528, 0.000000
2164.758450, -213.971152, 0.000000
2164.751826, -213.825225, 0.000000
2164.745202, -213.679297, 0.000000
2164.738578, -213.533369, 0.000000
2164.731941, -213.387442, 0.000000
2164.725317, -213.241513, 0.000000
2164.718693, -213.095584, 0.000000
2164.712069, -212.949655, 0.000000
2164.705457, -212.803726, 0.000000
2164.698833, -212.657798, 0.000000
2164.692209, -212.511870, 0.000000
2164.685585, -212.365942, 0.000000
2164.678961, -212.220015, 0.000000
2164.672337, -212.074087, 0.000000
2164.665713, -211.928159, 0.000000
2164.659076, -211.782231, 0.000000
2164.652452, -211.636302, 0.000000
2164.633667, -211.490925, 0.000000
2164.627055, -211.344996, 0.000000
2164.620431, -211.199068, 0.000000
2164.613807, -211.053140, 0.000000
2164.607183, -210.907212, 0.000000
2164.600559, -210.761284, 0.000000
2164.593935, -210.615357, 0.000000
2164.587311, -210.469429, 0.000000
2164.580674, -210.323502, 0.000000
2164.574050, -210.177573, 1.000000
2164.567426, -210.031644, 1.000000
2164.548641, -209.886267, 1.000000
2164.529869, -209.740890, 1.000000
2164.523245, -209.594962, 1.000000
2164.504460, -209.449586, 1.000000
2164.497836, -209.303658, 1.000000
2164.491212, -209.157730, 1.000000
2164.472427, -209.012355, 1.000000
2164.465803, -208.866427, 1.000000
2164.447005, -208.721051, 1.000000
2164.440381, -208.575122, 1.000000
2164.433757, -208.429193, 1.000000
2164.404849, -208.289783, 1.000000
2164.397734, -208.143022, 1.000000
2164.390620, -207.996261, 1.000000
2164.383505, -207.849500, 1.000000
2164.366196, -207.826988, 1.000000
2164.348852, -207.679879, 1.000000
2164.331496, -207.532772, 1.000000
2164.314152, -207.385663, 1.000000
2164.296809, -207.238553, 1.000000
2164.279478, -207.091443, 1.000000
2164.262135, -206.944334, 1.000000
2164.244792, -206.797226, 1.000000
2164.227448, -206.650118, 1.000000
2164.197846, -206.504454, 1.000000
2164.168230, -206.358792, 0.000000
2164.150886, -206.211682, 0.000000
2164.133556, -206.064572, 0.000000
2164.116212, -205.917463, 0.000000
2164.111128, -205.768910, 0.000000
2164.093785, -205.621801, 0.000000
2164.076441, -205.474693, 0.000000
2164.059084, -205.327585, 0.000000
2164.041741, -205.180475, 0.000000
2164.024411, -205.033365, 0.000000
2164.007067, -204.886256, 0.000000
2163.989724, -204.739148, 0.000000
2163.984639, -204.590594, 0.000000
2163.967296, -204.443485, 0.000000
2163.949939, -204.296378, 0.000000
2163.932596, -204.149269, 0.000000
2163.915265, -204.002158, 0.000000
2163.897922, -203.855049, 0.000000
2163.880578, -203.707941, 0.000000
2163.875494, -203.559387, 0.000000
2163.858150, -203.412278, 0.000000
2163.840794, -203.265171, 0.000000
2163.823450, -203.118062, 0.000000
2163.806107, -202.970952, 0.000000
2163.788776, -202.823842, 0.000000
2163.771433, -202.676734, 0.000000
2163.754090, -202.529625, 0.000000
2163.749005, -202.381071, 0.000000
2163.731662, -202.233963, 0.000000
2163.714305, -202.086855, 0.000000
2163.696962, -201.939745, 0.000000
2163.679631, -201.792635, 0.000000
2163.662288, -201.645526, 0.000000
2163.644944, -201.498418, 0.000000
2163.639860, -201.349864, 0.000000
2163.622516, -201.202756, 0.000000
2163.605160, -201.055648, 0.000000
2163.587816, -200.908539, 0.000000
2163.582745, -200.759982, 1.000000
2163.565401, -200.612874, 1.000000
2163.548058, -200.465766, 1.000000
2163.530714, -200.318657, 1.000000
2163.513371, -200.171549, 1.000000
2163.496015, -200.024441, 1.000000
2163.478671, -199.877332, 1.000000
2163.461340, -199.730221, 1.000000
2163.443997, -199.583112, 1.000000
2163.426653, -199.436004, 1.000000
2163.409310, -199.288895, 1.000000
2163.379708, -199.143232, 1.000000
2163.362351, -198.996125, 1.000000
2163.332748, -198.850461, 0.000000
2163.315405, -198.703351, 0.000000
2163.298074, -198.556241, 0.000000
2163.268472, -198.410578, 0.000000
2163.251128, -198.263469, 0.000000
2163.233785, -198.116361, 0.000000
2163.216442, -197.969252, 0.000000
2163.199085, -197.822145, 0.000000
2163.181741, -197.675035, 0.000000
2163.152152, -197.529370, 0.000000
2163.134808, -197.382261, 0.000000
2163.169684, -197.251527, 0.000000
2163.151025, -197.108719, 0.000000
2163.132365, -196.965912, 0.000000
2163.113692, -196.823106, 0.000000
2163.083132, -196.681852, 0.000000
2163.064472, -196.539044, 0.000000
2163.045825, -196.396234, 0.000000
2163.027165, -196.253427, 0.000000
2163.008505, -196.110619, 0.000000
2162.989846, -195.967812, 0.000000
2162.959285, -195.826559, 0.000000
2162.940612, -195.683754, 0.000000
2162.921953, -195.540945, 0.000000
2162.903293, -195.398137, 0.000000
2162.884646, -195.255327, 0.000000
2162.865986, -195.112519, 0.000000
2162.835426, -194.971267, 0.000000
2162.816766, -194.828459, 0.000000
2162.798106, -194.685652, 0.000000
2162.779446, -194.542845, 0.000000
2162.760773, -194.400038, 0.000000
2162.730213, -194.258784, 0.000000
2162.711566, -194.115974, 0.000000
2162.692906, -193.973167, 0.000000
2162.674246, -193.830360, 0.000000
2162.655587, -193.687552, 0.000000
2162.636927, -193.544745, 0.000000
2162.606366, -193.403492, 0.000000
2162.587693, -193.260686, 0.000000
2162.569034, -193.117877, 0.000000
2162.550374, -192.975069, 0.000000
2162.531727, -192.832260, 0.000000
2162.513067, -192.689452, 0.000000
2162.482507, -192.548200, 0.000000
2162.463847, -192.405392, 0.000000
2162.445187, -192.262585, 0.000000
2162.438415, -192.118224, 1.000000
2162.407854, -191.976970, 1.000000
2162.389194, -191.834162, 1.000000
2162.370548, -191.691352, 1.000000
2162.351888, -191.548545, 1.000000
2162.345129, -191.404182, 1.000000
2162.350270, -191.258265, 1.000000
2162.319710, -191.117013, 1.000000
2162.324839, -190.971097, 1.000000
2162.306179, -190.828288, 1.000000
2162.287519, -190.685480, 1.000000
2162.292673, -190.539560, 1.000000
2162.274013, -190.396753, 1.000000
2162.255353, -190.253945, 1.000000
2162.248594, -190.109583, 1.000000
2162.229935, -189.966775, 1.000000
2162.211275, -189.823968, 1.000000
2162.204503, -189.679606, 1.000000
2162.173942, -189.538353, 1.000000
2162.155295, -189.395543, 1.000000
2162.136635, -189.252735, 0.000000
2162.117976, -189.109928, 0.000000
2162.099316, -188.967120, 0.000000
2162.080656, -188.824313, 0.000000
2162.061996, -188.681506, 0.000000
2162.055224, -188.537144, 0.000000
2162.036565, -188.394336, 0.000000
2162.017905, -188.251527, 0.000000
2161.999257, -188.108718, 0.000000
2161.980598, -187.965911, 0.000000
2161.961938, -187.823103, 0.000000
2161.943278, -187.680296, 0.000000
2161.924618, -187.537488, 0.000000
2161.905946, -187.394682, 0.000000
2161.887286, -187.251874, 0.000000
2161.880527, -187.107510, 0.000000
2161.861879, -186.964701, 0.000000
2161.843220, -186.821893, 0.000000
2161.824560, -186.679086, 0.000000
2161.805900, -186.536278, 0.000000
2161.787240, -186.393471, 0.000000
2161.768568, -186.250665, 0.000000
2161.749908, -186.107857, 0.000000
2161.731248, -185.965048, 0.000000
2161.712601, -185.822238, 0.000000
2161.705842, -185.677876, 0.000000
2161.687182, -185.535068, 0.000000
2161.647243, -185.363116, 0.000000
2161.630952, -185.218393, 0.000000
2161.614660, -185.073671, 0.000000
2161.614538, -184.912895, 0.000000
2161.599701, -184.769427, 0.000000
2161.584876, -184.625957, 0.000000
2161.570038, -184.482489, 0.000000
2161.555201, -184.339022, 0.000000
2161.552319, -184.194318, 0.000000
2161.537482, -184.050850, 0.000000
2161.522645, -183.907382, 0.000000
2161.507795, -183.763915, 0.000000
2161.492957, -183.620446, 0.000000
2161.502044, -183.474504, 1.000000
2161.499162, -183.329800, 1.000000
2161.484324, -183.186332, 1.000000
2161.493398, -183.040392, 1.000000
2161.478561, -182.896924, 1.000000
2161.487635, -182.750983, 1.000000
2161.484741, -182.606280, 1.000000
2161.469904, -182.462811, 1.000000
2161.455078, -182.319341, 1.000000
2161.440241, -182.175874, 1.000000
2161.437359, -182.031170, 1.000000
2161.446433, -181.885229, 1.000000
2161.431596, -181.741762, 1.000000
2161.416758, -181.598294, 1.000000
2161.413865, -181.453590, 1.000000
2161.399028, -181.310121, 1.000000
2161.369364, -181.023184, 0.000000
2161.354527, -180.879717, 0.000000
2161.339690, -180.736249, 0.000000
2161.324852, -180.592781, 0.000000
2161.310015, -180.449314, 0.000000
2161.295166, -180.305846, 0.000000
2161.280329, -180.162378, 0.000000
2161.265502, -180.018908, 0.000000
2161.238709, -179.876677, 0.000000
2161.223872, -179.733209, 0.000000
2161.209035, -179.589742, 0.000000
2161.194197, -179.446274, 0.000000
2161.179360, -179.302806, 0.000000
2161.164511, -179.159339, 0.000000
2161.149674, -179.015870, 0.000000
2161.134848, -178.872401, 0.000000
2161.120010, -178.728933, 0.000000
2161.105173, -178.585466, 0.000000
2161.090336, -178.441998, 0.000000
2161.075498, -178.298530, 0.000000
2161.060661, -178.155063, 0.000000
2161.045812, -178.011595, 0.000000
2161.030975, -177.868127, 0.000000
2161.016148, -177.724657, 0.000000
2161.001311, -177.581189, 0.000000
2160.974518, -177.438958, 0.000000
2160.959681, -177.295491, 0.000000
2160.944843, -177.152023, 0.000000
2160.930006, -177.008555, 0.000000
2160.915157, -176.865088, 0.000000
2160.900320, -176.721619, 0.000000
2160.885494, -176.578150, 0.000000
2160.870656, -176.434682, 0.000000
2160.855819, -176.291215, 0.000000
2160.840982, -176.147747, 0.000000
2160.826144, -176.004279, 0.000000
2160.811307, -175.860812, 0.000000
2160.796458, -175.717344, 0.000000
2160.781620, -175.573876, 0.000000
2160.766794, -175.430406, 0.000000
2160.751957, -175.286938, 0.000000
2160.725164, -175.144707, 0.000000
2160.710327, -175.001240, 0.000000
2160.695489, -174.857772, 0.000000
2160.680652, -174.714304, 0.000000
2160.665803, -174.570837, 0.000000
2160.650966, -174.427368, 0.000000
2160.636140, -174.283899, 0.000000
2160.621302, -174.140431, 0.000000
2160.606465, -173.996964, 0.000000
2160.613642, -173.819963, 1.000000
2160.589911, -173.678243, 1.000000
2160.577580, -173.518409, 1.000000
2160.567194, -173.374535, 1.000000
2160.556819, -173.230660, 1.000000
2160.534443, -173.087653, 1.000000
2160.536046, -172.942914, 1.000000
2160.525659, -172.799041, 1.000000
2160.515273, -172.655167, 1.000000
2160.504875, -172.511294, 1.000000
2160.494489, -172.367420, 1.000000
2160.484114, -172.223545, 1.000000
2160.473727, -172.079672, 1.000000
2160.463341, -171.935799, 1.000000
2160.452955, -171.791926, 1.000000
2160.454546, -171.647188, 1.000000
2160.444160, -171.503313, 1.000000
2160.445774, -171.358573, 1.000000
2160.447377, -171.213834, 1.000000
2160.425001, -171.070826, 0.000000
2160.426604, -170.926088, 0.000000
2160.416218, -170.782215, 0.000000
2160.405820, -170.638341, 0.000000
2160.407423, -170.493602, 0.000000
2160.397048, -170.349727, 0.000000
2160.386662, -170.205854, 0.000000
2160.388265, -170.061115, 0.000000
2160.377878, -169.917242, 0.000000
2160.367481, -169.773369, 0.000000
2160.357095, -169.629495, 0.000000
2160.358709, -169.484754, 0.000000
2160.348322, -169.340881, 0.000000
2160.337936, -169.197008, 0.000000
2160.339539, -169.052269, 0.000000
2160.329152, -168.908396, 0.000000
2160.318755, -168.764523, 0.000000
2160.320358, -168.619783, 0.000000
2160.309983, -168.475909, 0.000000
2160.299596, -168.332035, 0.000000
2160.301199, -168.187297, 0.000000
2160.290813, -168.043423, 0.000000
2160.280416, -167.899551, 0.000000
2160.282019, -167.754811, 0.000000
2160.271643, -167.610936, 0.000000
2160.261257, -167.467063, 0.000000
2160.262860, -167.322324, 0.000000
2160.252473, -167.178451, 0.000000
2160.242087, -167.034578, 0.000000
2160.243679, -166.889839, 0.000000
2160.233293, -166.745965, 0.000000
2160.222917, -166.602090, 0.000000
2160.224520, -166.457352, 0.000000
2160.214134, -166.313478, 0.000000
2160.203747, -166.169605, 1.000000
2160.181361, -166.026598, 1.000000
2160.170975, -165.882724, 1.000000
2160.172588, -165.737983, 1.000000
2160.162202, -165.594110, 1.000000
2160.151815, -165.450237, 1.000000
2160.141429, -165.306364, 1.000000
2160.131042, -165.162490, 1.000000
2160.120646, -165.018617, 1.000000
2160.110259, -164.874743, 1.000000
2160.095729, -164.740772, 1.000000
2160.084314, -164.596538, 1.000000
2160.065526, -164.600693, 1.000000
2160.039016, -164.456349, 1.000000
2160.000466, -164.314215, 1.000000
2159.973956, -164.169869, 1.000000
2159.947445, -164.025523, 1.000000
2159.920946, -163.881176, 1.000000
2159.882407, -163.739040, 1.000000
2159.855896, -163.594696, 1.000000
2159.829386, -163.450351, 1.000000
2159.778808, -163.310426, 0.000000
2159.752297, -163.166080, 0.000000
2159.725798, -163.021732, 0.000000
2159.699288, -162.877387, 0.000000
2159.672777, -162.733043, 0.000000
2159.658296, -162.586489, 0.000000
2159.631786, -162.442144, 0.000000
2159.605265, -162.297800, 0.000000
2159.578754, -162.153454, 0.000000
2159.552255, -162.009107, 0.000000
2159.525744, -161.864762, 0.000000
2159.499234, -161.720417, 0.000000
2159.472724, -161.576072, 0.000000
2159.446214, -161.431728, 0.000000
2159.419693, -161.287384, 0.000000
2159.405211, -161.140829, 0.000000
2159.378711, -160.996482, 0.000000
2159.352201, -160.852137, 0.000000
2159.325691, -160.707792, 0.000000
2159.299181, -160.563447, 0.000000
2159.272660, -160.419104, 0.000000
2159.246150, -160.274758, 0.000000
2159.219639, -160.130412, 0.000000
2159.193139, -159.986065, 0.000000
2159.166629, -159.841721, 0.000000
2159.152148, -159.695167, 0.000000
2159.125638, -159.550822, 0.000000
2159.099117, -159.406478, 0.000000
2159.072606, -159.262132, 0.000000
2159.046106, -159.117785, 0.000000
2159.019596, -158.973440, 0.000000
2158.993086, -158.829095, 0.000000
2158.966576, -158.684750, 0.000000
2158.940066, -158.540406, 0.000000
2158.925574, -158.393853, 0.000000
2158.899063, -158.249507, 0.000000
2158.872563, -158.105159, 0.000000
2158.846053, -157.960815, 0.000000
2158.819543, -157.816470, 0.000000
2158.805061, -157.669916, 1.000000
2158.790580, -157.523362, 1.000000
2158.764059, -157.379018, 1.000000
2158.737549, -157.234672, 1.000000
2158.711049, -157.090325, 1.000000
2158.684539, -156.945980, 1.000000
2158.658028, -156.801635, 1.000000
2158.631518, -156.657290, 1.000000
2158.617027, -156.510738, 1.000000
2158.590516, -156.366392, 1.000000
2158.564006, -156.222046, 1.000000
2158.537506, -156.077700, 1.000000
2158.510995, -155.933355, 1.000000
2158.496514, -155.786801, 1.000000
2180.591490, -326.825511, 0.000000
2180.562298, -326.682027, 0.000000
2180.545181, -326.537118, 0.000000
2180.528050, -326.392210, 0.000000
2180.510933, -326.247301, 0.000000
2180.493817, -326.102392, 0.000000
2180.476700, -325.957484, 0.000000
2180.459584, -325.812575, 0.000000
2180.430392, -325.669092, 0.000000
2180.413275, -325.524184, 0.000000
2180.396173, -325.379272, 0.000000
2180.379056, -325.234362, 0.000000
2180.361940, -325.089453, 0.000000
2180.344809, -324.944545, 0.000000
2180.327692, -324.799636, 0.000000
2180.298500, -324.656154, 0.000000
2180.281383, -324.511245, 0.000000
2180.264267, -324.366336, 0.000000
2180.247150, -324.221428, 0.000000
2180.230048, -324.076517, 0.000000
2180.212932, -323.931607, 0.000000
2180.195815, -323.786698, 0.000000
2180.166622, -323.643214, 0.000000
2180.149491, -323.498307, 0.000000
2180.132375, -323.353398, 0.000000
2180.115258, -323.208489, 0.000000
2180.098142, -323.063581, 0.000000
2180.081025, -322.918672, 0.000000
2180.063909, -322.773763, 0.000000
2180.034731, -322.630279, 0.000000
2180.017614, -322.485369, 0.000000
2180.000498, -322.340459, 0.000000
2179.983367, -322.195551, 0.000000
2179.966250, -322.050642, 0.000000
2179.949134, -321.905733, 0.000000
2179.932017, -321.760825, 0.000000
2179.914900, -321.615916, 0.000000
2179.885708, -321.472433, 0.000000
2179.868592, -321.327525, 0.000000
2179.851489, -321.182614, 0.000000
2179.834373, -321.037704, 0.000000
2179.817256, -320.892794, 0.000000
2179.800125, -320.747886, 0.000000
2179.783009, -320.602977, 0.000000
2179.753816, -320.459495, 0.000000
2179.736700, -320.314586, 0.000000
2179.719583, -320.169678, 0.000000
2179.702467, -320.024769, 0.000000
2179.685350, -319.879860, 0.000000
2179.668248, -319.734949, 0.000000
2179.651131, -319.590039, 0.000000
2179.621939, -319.446556, 0.000000
2179.604808, -319.301648, 0.000000
2179.587692, -319.156739, 0.000000
2179.570575, -319.011830, 0.000000
2179.553458, -318.866922, 0.000000
2179.536342, -318.722013, 0.000000
2179.519225, -318.577104, 0.000000
2179.490047, -318.433620, 0.000000
2179.472930, -318.288710, 0.000000
2179.455814, -318.143800, 0.000000
2179.438697, -317.998891, 0.000000
2179.421567, -317.853983, 0.000000
2179.404450, -317.709074, 0.000000
2179.387334, -317.564166, 0.000000
2179.358141, -317.420683, 0.000000
2179.341025, -317.275775, 0.000000
2179.323908, -317.130866, 0.000000
2179.306806, -316.985955, 0.000000
2179.289689, -316.841045, 0.000000
2179.272572, -316.696135, 0.000000
2179.255442, -316.551227, 0.000000
2179.226250, -316.407745, 0.000000
2179.209133, -316.262836, 0.000000
2179.192016, -316.117927, 0.000000
2179.196375, -315.983000, 0.000000
2179.180119, -315.836489, 0.000000
2179.163863, -315.689978, 0.000000
2179.108312, -315.556942, 0.000000
2179.080981, -315.414781, 0.000000
2179.065604, -315.271337, 0.000000
2179.050214, -315.127896, 0.000000
2179.034837, -314.984454, 0.000000
2179.019460, -314.841011, 0.000000
2179.004083, -314.697569, 0.000000
2178.988706, -314.554127, 0.000000
2178.961376, -314.411966, 0.000000
2178.946012, -314.268522, 0.000000
2178.930635, -314.125078, 0.000000
2178.915258, -313.981635, 0.000000
2178.899868, -313.838193, 0.000000
2178.884491, -313.694751, 0.000000
2178.869114, -313.551309, 0.000000
2178.841784, -313.409148, 0.000000
2178.826407, -313.265706, 0.000000
2178.811030, -313.122263, 0.000000
2178.795666, -312.978819, 0.000000
2178.804197, -312.832813, 1.000000
2178.776866, -312.690651, 1.000000
2178.761475, -312.547210, 1.000000
2178.734145, -312.405049, 1.000000
2178.718768, -312.261606, 1.000000
2178.679484, -312.120727, 1.000000
2178.640200, -311.979847, 1.000000
2178.624823, -311.836405, 1.000000
2178.621400, -311.691681, 1.000000
2178.761433, -311.531578, 1.000000
2178.805824, -311.381728, 1.000000
2178.814354, -311.235722, 0.000000
2178.834823, -311.088437, 0.000000
2178.843353, -310.942432, 0.000000
2178.851883, -310.796426, 0.000000
2178.860413, -310.650421, 0.000000
2178.880897, -310.503135, 0.000000
2178.889427, -310.357130, 0.000000
2178.431783, -310.261097, 1.000000
2178.392499, -310.120217, 1.000000
2178.377122, -309.976774, 1.000000
2178.361732, -309.833332, 1.000000
2178.346355, -309.689890, 1.000000
2178.330978, -309.546448, 1.000000
2178.315601, -309.403005, 1.000000
2178.312178, -309.258282, 1.000000
2178.296801, -309.114839, 1.000000
2178.281437, -308.971395, 0.000000
2178.278013, -308.826670, 0.000000
2178.274590, -308.681946, 0.000000
2178.259200, -308.538504, 0.000000
2178.255777, -308.393780, 0.000000
2178.240400, -308.250338, 0.000000
2178.236976, -308.105614, 0.000000
2178.221599, -307.962172, 0.000000
2178.218176, -307.817448, 0.000000
2178.214766, -307.672723, 0.000000
2178.199389, -307.529280, 0.000000
2178.195966, -307.384555, 0.000000
2178.180575, -307.241113, 0.000000
2179.157341, -306.991314, 0.000000
2178.173728, -306.951666, 1.000000
2178.202742, -306.658374, 1.000000
2178.127598, -306.521339, 1.000000
2178.100267, -306.379178, 1.000000
2178.072950, -306.237015, 1.000000
2178.057573, -306.093571, 1.000000
2178.030243, -305.951409, 1.000000
2178.002899, -305.809250, 1.000000
2177.999475, -305.664526, 1.000000
2178.103634, -305.508270, 1.000000
2178.076303, -305.366109, 1.000000
2177.989205, -305.230355, 1.000000
2177.949921, -305.089476, 1.000000
2177.910651, -304.948594, 1.000000
2177.883320, -304.806432, 1.000000
2177.855989, -304.664270, 0.000000
2177.828646, -304.522110, 0.000000
2177.813269, -304.378668, 0.000000
2177.797892, -304.235226, 0.000000
2177.770562, -304.093065, 0.000000
2177.755185, -303.949622, 0.000000
2177.727854, -303.807462, 0.000000
2177.712490, -303.664017, 0.000000
2177.685159, -303.521856, 0.000000
2177.669782, -303.378412, 0.000000
2177.654393, -303.234971, 0.000000
2177.627062, -303.092810, 0.000000
2177.611685, -302.949367, 0.000000
2177.595263, -302.815866, 0.000000
2177.580632, -302.671524, 0.000000
2177.553972, -302.528401, 0.000000
2177.542375, -302.384042, 0.000000
2177.527742, -302.239444, 0.000000
2177.501059, -302.096065, 0.000000
2177.486427, -301.951466, 0.000000
2177.459732, -301.808089, 0.000000
2177.445099, -301.663492, 0.000000
2177.430466, -301.518895, 0.000000
2177.403784, -301.375517, 0.000000
2177.389151, -301.230919, 0.000000
2177.362469, -301.087541, 0.000000
2177.347848, -300.942942, 0.000000
2177.321165, -300.799563, 0.000000
2177.306533, -300.654965, 0.000000
2177.291888, -300.510368, 0.000000
2177.265205, -300.366990, 0.000000
2177.250573, -300.222392, 0.000000
2177.223890, -300.079014, 0.000000
2177.209257, -299.934417, 0.000000
2177.194625, -299.789820, 0.000000
2177.167942, -299.646442, 0.000000
2177.153321, -299.501843, 0.000000
2177.126639, -299.358464, 0.000000
2177.112006, -299.213865, 0.000000
2177.085312, -299.070488, 0.000000
2177.070679, -298.925890, 0.000000
2177.056046, -298.781293, 0.000000
2177.014731, -298.493318, 0.000000
2176.988049, -298.349940, 0.000000
2176.973416, -298.205342, 0.000000
2176.946745, -298.061962, 0.000000
2176.932112, -297.917364, 0.000000
2176.917479, -297.772765, 0.000000
2176.890785, -297.629388, 0.000000
2176.876153, -297.484791, 0.000000
2176.849470, -297.341413, 0.000000
2176.834838, -297.196815, 0.000000
2176.820205, -297.052218, 0.000000
2176.793522, -296.908840, 0.000000
2176.778901, -296.764242, 0.000000
2176.752218, -296.620862, 0.000000
2176.737585, -296.476264, 0.000000
2176.710903, -296.332885, 0.000000
2176.696259, -296.188289, 0.000000
2176.681626, -296.043691, 0.000000
2176.654944, -295.900313, 0.000000
2176.640311, -295.755716, 0.000000
2176.613629, -295.612338, 0.000000
2176.598996, -295.467740, 0.000000
2176.584374, -295.323142, 0.000000
2176.557692, -295.179763, 0.000000
2176.543059, -295.035164, 0.000000
2176.516365, -294.891786, 0.000000
2176.501733, -294.747189, 0.000000
2176.475050, -294.603811, 0.000000
2176.460418, -294.459214, 1.000000
2176.433735, -294.315836, 1.000000
2176.419102, -294.171238, 1.000000
2176.416520, -294.025422, 1.000000
2176.377798, -293.883261, 1.000000
2176.375215, -293.737444, 1.000000
2176.384682, -293.590406, 1.000000
2176.357989, -293.447029, 1.000000
2176.331306, -293.303651, 1.000000
2176.328723, -293.157834, 1.000000
2176.302041, -293.014456, 1.000000
2176.287408, -292.869859, 1.000000
2176.284825, -292.724042, 1.000000
2176.282242, -292.578225, 1.000000
2175.641027, -292.497035, 1.000000
2175.626394, -292.352436, 1.000000
2175.611761, -292.207838, 1.000000
2175.585073, -292.064460, 1.000000
2175.570440, -291.919862, 1.000000
2175.567857, -291.774046, 1.000000
2175.601424, -291.624571, 0.000000
2175.598841, -291.478754, 0.000000
2175.596258, -291.332937, 0.000000
2175.593682, -291.187120, 0.000000
2175.591099, -291.041302, 0.000000
2175.588516, -290.895484, 0.000000
2175.585933, -290.749666, 0.000000
2175.583343, -290.603850, 0.000000
2175.580760, -290.458033, 0.000000
2175.578177, -290.312217, 0.000000
2175.563544, -290.167619, 0.000000
2175.560962, -290.021802, 0.000000
2175.558379, -289.875986, 0.000000
2175.555803, -289.730168, 0.000000
2175.553220, -289.584350, 0.000000
2175.550637, -289.438532, 0.000000
2175.539088, -289.281848, 0.000000
2175.534903, -289.137142, 0.000000
2175.530718, -288.992436, 0.000000
2175.526533, -288.847730, 0.000000
2175.531490, -288.677926, 0.000000
2175.524272, -288.531439, 0.000000
2175.517055, -288.384952, 0.000000
2175.509845, -288.238463, 0.000000
2175.490554, -288.093582, 0.000000
2175.483336, -287.947094, 0.000000
2175.476110, -287.800607, 0.000000
2175.468892, -287.654120, 0.000000
2175.461674, -287.507632, 0.000000
2175.454456, -287.361145, 0.000000
2175.447238, -287.214658, 0.000000
2175.440021, -287.068171, 0.000000
2175.432812, -286.921682, 0.000000
2175.425594, -286.775194, 0.000000
2175.418376, -286.628705, 0.000000
2175.411158, -286.482217, 0.000000
2175.403931, -286.335731, 0.000000
2175.396713, -286.189244, 0.000000
2175.377422, -286.044364, 0.000000
2175.370204, -285.897877, 0.000000
2175.362987, -285.751390, 0.000000
2175.355769, -285.604902, 0.000000
2175.348561, -285.458413, 0.000000
2175.341343, -285.311925, 0.000000
2175.334125, -285.165437, 0.000000
2175.677023, -284.972330, 0.000000
2175.307606, -284.874070, 1.000000
2175.288315, -284.729191, 1.000000
2175.256950, -284.585919, 1.000000
2175.237659, -284.441039, 1.000000
2175.182148, -284.300982, 1.000000
2175.162867, -284.156101, 1.000000
2175.143576, -284.011220, 1.000000
2175.136358, -283.864732, 1.000000
2175.129140, -283.718244, 1.000000
2175.109839, -283.573365, 1.000000
2175.054328, -283.433309, 1.000000
2175.035037, -283.288429, 1.000000
2175.027819, -283.141942, 1.000000
2175.020601, -282.995454, 1.000000
2175.001310, -282.850575, 1.000000
2174.957882, -282.708908, 1.000000
2174.938591, -282.564028, 1.000000
2174.931373, -282.417539, 1.000000
2174.899998, -282.274268, 1.000000
2174.880707, -282.129388, 1.000000
2174.861416, -281.984509, 1.000000
2174.854198, -281.838021, 1.000000
2174.834907, -281.693142, 1.000000
2174.815616, -281.548262, 1.000000
2174.796335, -281.403381, 1.000000
2174.777043, -281.258500, 1.000000
2174.769826, -281.112012, 1.000000
2174.726388, -280.970347, 1.000000
2174.707087, -280.825468, 1.000000
2174.687796, -280.680588, 1.000000
2174.668505, -280.535709, 1.000000
2174.661287, -280.389222, 1.000000
2174.654069, -280.242734, 1.000000
2174.634778, -280.097855, 1.000000
2174.603423, -279.954581, 1.000000
2174.596205, -279.808092, 1.000000
2174.576914, -279.663212, 1.000000
2174.557613, -279.518333, 1.000000
2174.538322, -279.373453, 1.000000
2174.519031, -279.228573, 1.000000
2174.487666, -279.085301, 1.000000
2174.480448, -278.938814, 1.000000
2174.461157, -278.793934, 1.000000
2174.429803, -278.650661, 1.000000
2174.422585, -278.504173, 1.000000
2174.403294, -278.359292, 1.000000
2174.384002, -278.214411, 1.000000
2174.364701, -278.069533, 1.000000
2174.357484, -277.923046, 1.000000
2174.338192, -277.778166, 1.000000
2174.318901, -277.633286, 1.000000
2174.299610, -277.488407, 1.000000
2174.268246, -277.345135, 1.000000
2174.248964, -277.200253, 1.000000
2174.229673, -277.055372, 1.000000
2174.222455, -276.908884, 1.000000
2174.191081, -276.765613, 1.000000
2174.183863, -276.619125, 1.000000
2174.164572, -276.474246, 1.000000
2174.133207, -276.330974, 1.000000
2174.113916, -276.186094, 1.000000
2174.094625, -276.041214, 1.000000
2174.075344, -275.896333, 1.000000
2174.068126, -275.749845, 1.000000
2174.048835, -275.604964, 1.000000
2174.017470, -275.461691, 1.000000
2173.996845, -275.318663, 1.000000
2173.977738, -275.173945, 1.000000
2173.958630, -275.029227, 1.000000
2173.918372, -274.938471, 1.000000
2173.916798, -274.794076, 1.000000
2173.903285, -274.650807, 1.000000
2173.877843, -274.508663, 1.000000
2173.876270, -274.364267, 1.000000
2173.862757, -274.220998, 1.000000
2173.849235, -274.077730, 1.000000
2173.871539, -273.931083, 1.000000
2173.858027, -273.787814, 1.000000
2173.832575, -273.645672, 1.000000
2173.819062, -273.502403, 1.000000
2173.805550, -273.359134, 1.000000
2173.768169, -273.218116, 1.000000
2173.754656, -273.074847, 1.000000
2173.741143, -272.931577, 0.000000
2173.727621, -272.788309, 0.000000
2173.714108, -272.645040, 0.000000
2173.712535, -272.500645, 0.000000
2173.699022, -272.357377, 0.000000
2173.685510, -272.214108, 0.000000
2173.671997, -272.070839, 0.000000
2173.658494, -271.927570, 0.000000
2173.644982, -271.784300, 0.000000
2173.631469, -271.641030, 0.000000
2173.617946, -271.497762, 0.000000
2173.616373, -271.353367, 0.000000
2173.602860, -271.210098, 0.000000
2173.589348, -271.066830, 0.000000
2173.957885, -270.887528, 0.000000
2173.550383, -270.781419, 1.000000
2173.536871, -270.638150, 1.000000
2173.523368, -270.494879, 1.000000
2173.509855, -270.351610, 1.000000
2173.496343, -270.208340, 1.000000
2173.482820, -270.065072, 1.000000
2173.469308, -269.921803, 1.000000
2173.455795, -269.778535, 1.000000
2173.430343, -269.636392, 1.000000
2173.428770, -269.491998, 1.000000
2173.427196, -269.347603, 1.000000
2173.413694, -269.204333, 1.000000
2173.400181, -269.061063, 1.000000
2173.386668, -268.917793, 1.000000
2173.373146, -268.774525, 1.000000
2173.359633, -268.631256, 1.000000
2173.346120, -268.487988, 1.000000
2173.272913, -268.350349, 1.000000
2173.259400, -268.207081, 1.000000
2173.257826, -268.062686, 1.000000
2173.232384, -267.920542, 1.000000
2173.230811, -267.776147, 1.000000
2173.217298, -267.632877, 1.000000
2173.191837, -267.490734, 1.000000
2173.190263, -267.346340, 1.000000
2173.176751, -267.203071, 1.000000
2173.151299, -267.060929, 1.000000
2173.125847, -266.918786, 1.000000
2173.124274, -266.774391, 1.000000
2173.098831, -266.632248, 1.000000
2173.085319, -266.488978, 1.000000
2173.083745, -266.344582, 1.000000
2173.058284, -266.202440, 1.000000
2173.056710, -266.058045, 1.000000
2173.043198, -265.914776, 1.000000
2173.029685, -265.771508, 1.000000
2173.016173, -265.628239, 1.000000
2173.002660, -265.484970, 1.000000
2172.989147, -265.341702, 1.000000
2172.975644, -265.198431, 1.000000
2172.962132, -265.055162, 1.000000
2172.960558, -264.910766, 1.000000
2172.958975, -264.766372, 1.000000
2172.945462, -264.623103, 1.000000
2172.931950, -264.479835, 1.000000
2172.906498, -264.337692, 1.000000
2172.904924, -264.193297, 1.000000
2172.891412, -264.050029, 1.000000
2172.865970, -263.907884, 1.000000
2172.864396, -263.763489, 1.000000
2172.850883, -263.620219, 1.000000
2172.837361, -263.476951, 1.000000
2172.835788, -263.332556, 1.000000
2172.822275, -263.189288, 1.000000
2172.784884, -263.048271, 1.000000
2172.783311, -262.903876, 1.000000
2172.769798, -262.760608, 1.000000
2172.744356, -262.618464, 1.000000
2172.730843, -262.475194, 1.000000
2172.717331, -262.331924, 1.000000
2172.703808, -262.188656, 1.000000
2172.702235, -262.044261, 1.000000
2172.688722, -261.900993, 1.000000
2172.688259, -261.750672, 1.000000
2172.686092, -261.603435, 1.000000
2172.671756, -261.457392, 1.000000
2172.609521, -261.315712, 1.000000
2172.607234, -261.171105, 1.000000
2172.604947, -261.026499, 1.000000
2172.590698, -260.883080, 1.000000
2172.576460, -260.739661, 1.000000
2172.574173, -260.595055, 1.000000
2172.559934, -260.451636, 1.000000
2172.545695, -260.308216, 1.000000
2172.519505, -260.165984, 1.000000
2172.505276, -260.022563, 1.000000
2172.491037, -259.879142, 1.000000
2172.476788, -259.735723, 1.000000
2172.462550, -259.592304, 1.000000
2172.460262, -259.447698, 1.000000
2172.446024, -259.304279, 1.000000
2172.443737, -259.159673, 1.000000
2172.429498, -259.016254, 1.000000
2172.391365, -258.875207, 1.000000
2172.389078, -258.730600, 1.000000
2172.386791, -258.585993, 1.000000
2172.372543, -258.442574, 1.000000
2172.370255, -258.297968, 1.000000
2172.344065, -258.155736, 1.000000
2172.317875, -258.013503, 1.000000
2172.315588, -257.868897, 1.000000
2172.301349, -257.725478, 1.000000
2172.275168, -257.583244, 1.000000
2172.272881, -257.438637, 1.000000
2172.258632, -257.295217, 1.000000
2172.244394, -257.151798, 1.000000
2172.230155, -257.008379, 1.000000
2172.203965, -256.866146, 1.000000
2172.189726, -256.722727, 1.000000
2172.187439, -256.578121, 1.000000
2172.161258, -256.435887, 1.000000
2172.158971, -256.291281, 1.000000
2172.144732, -256.147860, 1.000000
2172.142435, -256.003255, 1.000000
2172.128196, -255.859836, 1.000000
2172.113958, -255.716417, 1.000000
2172.087767, -255.574184, 1.000000
2172.073529, -255.430765, 1.000000
2172.071241, -255.286159, 1.000000
2172.057013, -255.142738, 1.000000
2172.030822, -255.000504, 1.000000
2172.016573, -254.857085, 1.000000
2172.002335, -254.713666, 1.000000
2171.988096, -254.570247, 1.000000
2171.973857, -254.426827, 1.000000
2171.971570, -254.282222, 1.000000
2171.969283, -254.137616, 1.000000
2171.955054, -253.994195, 1.000000
2171.952767, -253.849588, 1.000000
2171.938528, -253.706168, 1.000000
2171.924279, -253.562749, 1.000000
2171.921992, -253.418144, 1.000000
2171.907753, -253.274724, 1.000000
2171.881563, -253.132492, 1.000000
2171.879276, -252.987886, 1.000000
2171.865037, -252.844467, 1.000000
2171.850809, -252.701046, 1.000000
2171.848521, -252.556439, 1.000000
2171.822321, -252.414206, 1.000000
2171.808082, -252.270787, 1.000000
2171.805795, -252.126181, 1.000000
2171.791556, -251.982762, 1.000000
2171.777317, -251.839343, 1.000000
2171.763079, -251.695923, 1.000000
2171.748850, -251.552503, 1.000000
2171.734611, -251.409083, 1.000000
2171.720372, -251.265662, 1.000000
2171.694172, -251.123430, 1.000000
2171.679933, -250.980011, 1.000000
2171.677646, -250.835405, 1.000000
2171.663407, -250.691986, 1.000000
2171.661120, -250.547380, 1.000000
2171.646881, -250.403961, 1.000000
2171.620701, -250.261726, 1.000000
2171.618414, -250.117120, 1.000000
2171.592213, -249.974887, 1.000000
2171.577975, -249.831468, 1.000000
2171.575687, -249.686862, 1.000000
2171.561449, -249.543443, 1.000000
2171.547210, -249.400024, 1.000000
2171.532971, -249.256604, 1.000000
2171.501390, -249.077628, 1.000000
2171.483366, -248.934600, 1.000000
2171.465342, -248.791572, 1.000000
2171.444535, -248.623042, 1.000000
2171.435759, -248.477242, 1.000000
2171.414977, -248.333174, 1.000000
2171.394195, -248.189105, 1.000000
2171.373414, -248.045037, 1.000000
2171.364638, -247.899237, 1.000000
2171.331850, -247.756901, 1.000000
2171.299073, -247.614562, 1.000000
2171.290297, -247.468761, 1.000000
2171.281521, -247.322960, 1.000000
2171.236718, -247.182356, 1.000000
2171.227942, -247.036556, 1.000000
2171.219166, -246.890756, 1.000000
2171.198384, -246.746688, 1.000000
2171.189608, -246.600888, 1.000000
2171.168826, -246.456819, 1.000000
2171.136049, -246.314481, 1.000000
2171.103262, -246.172144, 1.000000
2171.106492, -246.024611, 1.000000
2171.073704, -245.882274, 1.000000
2171.040906, -245.739938, 1.000000
2171.032130, -245.594138, 1.000000
2171.011349, -245.450070, 1.000000
2170.978561, -245.307734, 1.000000
2170.957780, -245.163665, 1.000000
2170.936998, -245.019597, 1.000000
2170.916226, -244.875527, 1.000000
2170.895445, -244.731458, 1.000000
2170.886669, -244.585657, 1.000000
2170.865876, -244.441589, 1.000000
2170.833089, -244.299253, 1.000000
2170.824313, -244.153453, 1.000000
2170.803531, -244.009384, 1.000000
2170.770744, -243.867048, 1.000000
2170.761968, -243.721248, 1.000000
2170.753192, -243.575448, 1.000000
2170.732421, -243.431377, 1.000000
2170.711639, -243.287308, 1.000000
2170.690857, -243.143239, 1.000000
2170.670065, -242.999171, 1.000000
2170.649283, -242.855103, 1.000000
2170.628502, -242.711035, 1.000000
2170.607720, -242.566967, 1.000000
2170.574933, -242.424630, 1.000000
2170.566157, -242.278830, 1.000000
2170.545375, -242.134762, 1.000000
2170.524604, -241.990691, 1.000000
2170.527833, -241.843158, 1.000000
2170.507052, -241.699089, 1.000000
2170.498265, -241.553290, 1.000000
2170.477483, -241.409222, 1.000000
2170.456702, -241.265154, 1.000000
2170.423914, -241.122817, 1.000000
2170.403133, -240.978749, 1.000000
2170.382351, -240.834681, 1.000000
2170.361580, -240.690611, 1.000000
2170.352804, -240.544810, 1.000000
2170.332022, -240.400740, 1.000000
2170.311240, -240.256671, 1.000000
2170.278442, -240.114336, 1.000000
2170.269666, -239.968536, 1.000000
2170.260890, -239.822736, 1.000000
2170.228103, -239.680400, 1.000000
2170.207321, -239.536331, 1.000000
2170.198545, -239.390531, 1.000000
2170.177774, -239.246461, 1.000000
2170.168998, -239.100660, 1.000000
2170.160222, -238.954859, 1.000000
2170.547623, -238.751910, 1.000000
2170.514835, -238.609573, 1.000000
2170.542076, -238.458578, 1.000000
2170.509289, -238.316242, 1.000000
2170.488507, -238.172173, 1.000000
2170.467726, -238.028105, 1.000000
2170.446944, -237.884037, 1.000000
2170.426176, -237.739966, 1.000000
2170.429406, -237.592433, 1.000000
2170.420630, -237.446632, 1.000000
2170.411840, -237.300833, 1.000000
2170.415069, -237.153301, 1.000000
2170.418299, -237.005770, 1.000000
2170.397517, -236.861701, 0.000000
2170.376736, -236.717633, 0.000000
2170.355954, -236.573565, 0.000000
2170.323167, -236.431228, 0.000000
2170.302400, -236.287157, 0.000000
2170.281618, -236.143088, 0.000000
2170.260836, -235.999019, 0.000000
2170.234995, -235.858370, 0.000000
2170.202467, -235.716385, 0.000000
2170.181914, -235.572686, 0.000000
2170.206424, -235.509970, 0.000000
2170.191764, -235.363175, 0.000000
2170.177105, -235.216380, 0.000000
2170.162460, -235.069583, 0.000000
2170.135567, -234.924008, 0.000000
2170.120907, -234.777212, 0.000000
2170.106233, -234.630417, 0.000000
2170.091573, -234.483622, 0.000000
2170.076914, -234.336827, 0.000000
2170.062254, -234.190032, 0.000000
2170.035361, -234.044458, 0.000000
2170.020702, -233.897663, 0.000000
2170.006057, -233.750865, 0.000000
2169.991397, -233.604069, 0.000000
2169.976737, -233.457273, 0.000000
2169.962063, -233.310479, 0.000000
2169.935170, -233.164905, 0.000000
2169.920511, -233.018110, 0.000000
2169.905851, -232.871315, 0.000000
2169.891191, -232.724519, 0.000000
2169.876532, -232.577724, 0.000000
2169.849654, -232.432148, 0.000000
2169.834994, -232.285352, 0.000000
2169.820320, -232.138557, 0.000000
2169.805660, -231.991762, 0.000000
2169.791000, -231.844966, 0.000000
2169.776341, -231.698171, 0.000000
2169.749448, -231.552597, 0.000000
2169.734788, -231.405802, 0.000000
2169.720143, -231.259005, 0.000000
2169.705484, -231.112209, 0.000000
2169.690824, -230.965413, 0.000000
2169.676150, -230.818618, 0.000000
2169.649257, -230.673045, 0.000000
2169.634597, -230.526249, 0.000000
2169.619938, -230.379454, 0.000000
2169.605278, -230.232659, 0.000000
2169.590618, -230.085864, 0.000000
2169.575973, -229.939066, 0.000000
2169.549080, -229.793492, 0.000000
2169.534421, -229.646695, 0.000000
2169.519747, -229.499901, 0.000000
2169.505087, -229.353106, 0.000000
2169.490427, -229.206311, 0.000000
2169.463535, -229.060737, 0.000000
2169.448875, -228.913942, 0.000000
2169.434216, -228.767146, 0.000000
2169.419570, -228.620349, 0.000000
2169.404910, -228.473553, 0.000000
2169.390251, -228.326756, 0.000000
2169.363344, -228.181184, 0.000000
2169.348684, -228.034389, 0.000000
2169.334024, -227.887593, 0.000000
2169.319365, -227.740798, 0.000000
2169.304705, -227.594003, 0.000000
2169.290046, -227.447208, 0.000000
2169.263167, -227.301632, 0.000000
2169.248507, -227.154835, 0.000000
2169.233833, -227.008040, 0.000000
2169.219174, -226.861245, 0.000000
2169.204514, -226.714450, 0.000000
2169.189854, -226.567655, 0.000000
2169.162962, -226.422081, 0.000000
2169.148302, -226.275286, 0.000000
2169.133657, -226.128489, 0.000000
2169.118997, -225.981693, 0.000000
2169.104337, -225.834896, 0.000000
2169.077430, -225.689323, 0.000000
2169.062771, -225.542528, 0.000000
2169.048111, -225.395733, 0.000000
2169.033452, -225.248938, 0.000000
2169.018792, -225.102142, 0.000000
2169.004132, -224.955347, 0.000000
2168.977253, -224.809772, 0.000000
2168.962594, -224.662975, 0.000000
2168.947934, -224.516179, 0.000000
2168.933260, -224.369385, 0.000000
2168.918601, -224.222589, 0.000000
2168.903941, -224.075794, 0.000000
2168.877049, -223.930221, 0.000000
2168.862389, -223.783425, 0.000000
2168.847729, -223.636630, 0.000000
2168.833083, -223.489833, 0.000000
2168.818424, -223.343036, 0.000000
2168.803764, -223.196240, 0.000000
2168.776858, -223.050668, 0.000000
2168.762198, -222.903872, 0.000000
2168.747538, -222.757077, 0.000000
2168.732879, -222.610282, 0.000000
2168.718219, -222.463487, 0.000000
2168.691326, -222.317913, 0.000000
2168.665164, -222.259242, 0.000000
2168.657405, -222.113863, 0.000000
2168.649645, -221.968485, 0.000000
2168.649366, -221.837120, 0.000000
2168.642742, -221.691192, 0.000000
2168.623957, -221.545817, 0.000000
2168.617333, -221.399889, 0.000000
2168.610709, -221.253961, 0.000000
2168.604085, -221.108033, 0.000000
2168.597461, -220.962105, 0.000000
2168.590850, -220.816176, 0.000000
2168.572065, -220.670799, 0.000000
2168.565441, -220.524870, 0.000000
2168.558804, -220.378942, 0.000000
2168.552179, -220.233014, 0.000000
2168.545555, -220.087086, 0.000000
2168.538931, -219.941159, 0.000000
2168.520146, -219.795783, 0.000000
2168.513522, -219.649855, 0.000000
2168.506898, -219.503927, 0.000000
2168.500287, -219.357999, 0.000000
2168.493663, -219.212070, 0.000000
2168.474878, -219.066693, 0.000000
2168.468254, -218.920764, 0.000000
2168.461617, -218.774836, 0.000000
2168.454993, -218.628908, 0.000000
2168.448369, -218.482980, 0.000000
2168.441745, -218.337053, 0.000000
2168.422960, -218.191677, 0.000000
2168.416336, -218.045749, 0.000000
2168.409712, -217.899821, 0.000000
2168.403101, -217.753892, 0.000000
2168.396476, -217.607963, 0.000000
2168.389852, -217.462034, 0.000000
2168.371055, -217.316658, 0.000000
2168.364430, -217.170730, 0.000000
2168.357806, -217.024802, 0.000000
2168.351182, -216.878874, 0.000000
2168.344558, -216.732947, 0.000000
2168.337934, -216.587019, 0.000000
2168.319149, -216.441643, 0.000000
2168.312538, -216.295714, 0.000000
2168.305914, -216.149786, 0.000000
2168.299290, -216.003857, 0.000000
2168.292666, -215.857928, 0.000000
2168.273868, -215.712552, 0.000000
2168.267244, -215.566624, 0.000000
2168.260620, -215.420696, 0.000000
2168.253996, -215.274768, 0.000000
2168.247372, -215.128841, 0.000000
2168.240747, -214.982913, 0.000000
2168.221963, -214.837537, 0.000000
2168.215351, -214.691608, 0.000000
2168.208727, -214.545679, 0.000000
2168.202103, -214.399750, 1.000000
2168.183306, -214.254374, 1.000000
2168.176681, -214.108446, 1.000000
2168.182218, -213.961966, 1.000000
2168.175594, -213.816038, 1.000000
2168.132488, -213.671766, 1.000000
2168.125864, -213.525839, 1.000000
2168.131400, -213.379359, 1.000000
2168.124789, -213.233430, 1.000000
2168.130325, -213.086949, 1.000000
2168.111540, -212.941572, 1.000000
2168.092755, -212.796196, 1.000000
2168.073958, -212.650820, 1.000000
2168.067334, -212.504892, 1.000000
2168.072871, -212.358412, 1.000000
2168.066247, -212.212484, 1.000000
2168.023141, -212.068212, 1.000000
2168.016517, -211.922285, 1.000000
2168.009892, -211.776357, 1.000000
2167.991120, -211.630980, 1.000000
2167.984496, -211.485051, 1.000000
2167.990032, -211.338570, 1.000000
2167.983396, -211.192642, 1.000000
2167.976772, -211.046714, 1.000000
2167.982308, -210.900234, 1.000000
2167.975684, -210.754306, 1.000000
2167.969060, -210.608378, 1.000000
2167.974597, -210.461898, 1.000000
2168.016615, -210.313762, 1.000000
2167.961361, -210.170042, 1.000000
2167.954737, -210.024113, 1.000000
2167.960273, -209.877632, 1.000000
2167.965810, -209.731151, 1.000000
2167.971334, -209.584672, 1.000000
2167.989031, -209.437640, 1.000000
2168.006728, -209.290608, 1.000000
2167.987944, -209.145232, 1.000000
2167.981319, -208.999304, 1.000000
2167.986856, -208.852824, 1.000000
2167.968071, -208.707448, 1.000000
2167.973621, -208.560968, 1.000000
2167.979157, -208.414487, 1.000000
2167.960372, -208.269110, 1.000000
2167.963802, -208.117255, 1.000000
2167.956688, -207.970494, 1.000000
2167.961803, -207.823140, 1.000000
2167.979149, -207.675193, 1.000000
2167.970353, -207.402073, 1.000000
2167.953010, -207.254965, 1.000000
2167.923420, -207.109300, 1.000000
2167.930595, -206.959300, 1.000000
2167.937770, -206.809300, 1.000000
2167.908154, -206.663638, 1.000000
2167.878551, -206.517975, 1.000000
2167.861208, -206.370866, 1.000000
2167.868382, -206.220867, 1.000000
2167.851039, -206.073759, 1.000000
2167.784672, -205.932429, 1.000000
2167.755070, -205.786765, 1.000000
2167.688677, -205.645439, 1.000000
2167.671334, -205.498330, 1.000000
2167.653990, -205.351222, 1.000000
2167.636647, -205.204113, 1.000000
2167.619303, -205.057005, 1.000000
2167.565195, -204.914230, 1.000000
2167.547852, -204.767120, 1.000000
2167.518236, -204.621458, 1.000000
2167.500893, -204.474349, 1.000000
2167.471291, -204.328686, 1.000000
2167.429429, -204.184468, 1.000000
2167.412086, -204.037360, 1.000000
2167.382495, -203.891695, 1.000000
2167.365151, -203.744585, 1.000000
2167.360055, -203.596032, 1.000000
2167.342711, -203.448923, 1.000000
2167.349886, -203.298924, 1.000000
2167.308025, -203.154707, 1.000000
2167.278422, -203.009043, 1.000000
2167.261091, -202.861933, 1.000000
2167.243747, -202.714824, 1.000000
2167.250922, -202.564824, 1.000000
2167.270343, -202.413380, 1.000000
2167.253000, -202.266272, 1.000000
2167.235656, -202.119164, 1.000000
2167.218313, -201.972055, 1.000000
2167.200969, -201.824947, 1.000000
2167.171379, -201.679281, 1.000000
2167.154036, -201.532172, 1.000000
2167.148939, -201.383619, 1.000000
2167.131595, -201.236510, 1.000000
2167.101993, -201.090847, 1.000000
2167.072390, -200.945184, 1.000000
2167.055047, -200.798075, 1.000000
2167.049975, -200.649520, 1.000000
2167.044890, -200.500965, 1.000000
2166.242956, -200.446355, 1.000000
2166.188835, -200.303583, 1.000000
2166.171492, -200.156474, 1.000000
2166.166408, -200.007920, 1.000000
2166.149064, -199.860812, 1.000000
2166.131727, -199.713702, 1.000000
2166.114384, -199.566593, 1.000000
2166.084774, -199.420929, 1.000000
2166.055172, -199.275266, 1.000000
2166.037829, -199.128158, 1.000000
2166.020485, -198.981049, 1.000000
2166.003142, -198.833941, 1.000000
2166.022582, -198.682495, 1.000000
2166.029757, -198.532495, 0.000000
2166.024672, -198.383941, 0.000000
2166.019581, -198.235387, 0.000000
2166.014496, -198.086834, 0.000000
2166.009412, -197.938280, 0.000000
2166.004328, -197.789726, 0.000000
2165.999243, -197.641172, 0.000000
2165.994166, -197.492617, 0.000000
2165.989082, -197.344062, 0.000000
2165.983990, -197.195508, 0.000000
2165.978905, -197.046955, 0.000000
2165.942529, -196.889216, 0.000000
2165.923869, -196.746409, 1.000000
2165.833806, -196.612931, 1.000000
2165.779451, -196.474787, 1.000000
2165.760791, -196.331979, 1.000000
2165.754032, -196.187615, 1.000000
2165.771067, -196.040143, 1.000000
2165.788109, -195.892671, 1.000000
2165.769449, -195.749864, 0.000000
2165.750789, -195.607056, 0.000000
2165.732129, -195.464249, 0.000000
2165.713477, -195.321440, 0.000000
2165.682916, -195.180187, 0.000000
2165.664257, -195.037378, 0.000000
2165.645589, -194.894571, 0.000000
2165.626930, -194.751764, 0.000000
2165.608270, -194.608956, 0.000000
2165.589610, -194.466149, 1.000000
2165.559050, -194.324896, 1.000000
2165.552291, -194.180534, 1.000000
2165.557439, -194.034615, 1.000000
2165.550680, -193.890251, 1.000000
2165.532013, -193.747444, 1.000000
2165.525254, -193.603081, 1.000000
2165.506594, -193.460274, 1.000000
2165.499835, -193.315912, 1.000000
2165.493075, -193.171549, 1.000000
2165.486316, -193.027187, 1.000000
2165.479565, -192.882823, 1.000000
2165.449005, -192.741569, 1.000000
2165.442245, -192.597206, 1.000000
2165.435478, -192.452844, 1.000000
2165.416818, -192.310037, 1.000000
2165.410059, -192.165674, 1.000000
2165.379499, -192.024422, 1.000000
2165.360839, -191.881615, 1.000000
2165.318386, -191.741916, 1.000000
2165.311627, -191.597552, 1.000000
2165.281066, -191.456299, 1.000000
2165.238597, -191.316602, 1.000000
2165.208037, -191.175349, 1.000000
2165.189377, -191.032542, 1.000000
2165.158817, -190.891289, 1.000000
2165.140157, -190.748482, 1.000000
2165.121505, -190.605674, 1.000000
2165.102845, -190.462865, 1.000000
2165.084185, -190.320057, 1.000000
2165.041716, -190.180359, 1.000000
2164.987354, -190.042217, 1.000000
2164.968695, -189.899410, 1.000000
2164.938134, -189.758157, 1.000000
2164.955176, -189.610685, 1.000000
2164.924616, -189.469432, 1.000000
2164.894063, -189.328178, 1.000000
2164.899204, -189.182260, 1.000000
2165.427965, -188.967923, 1.000000
2165.409306, -188.825116, 1.000000
2165.402546, -188.680753, 1.000000
2165.383887, -188.537946, 1.000000
2165.460432, -188.382698, 1.000000
2165.441772, -188.239891, 1.000000
2165.446926, -188.093971, 1.000000
2165.440167, -187.949608, 1.000000
2165.421507, -187.806799, 1.000000
2165.402835, -187.663993, 1.000000
2165.384175, -187.521186, 1.000000
2165.353614, -187.379934, 1.000000
2165.334955, -187.237126, 1.000000
2165.340096, -187.091209, 1.000000
2165.357151, -186.943734, 0.000000
2165.362292, -186.797816, 0.000000
2165.367434, -186.651897, 0.000000
2165.372562, -186.505981, 0.000000
2165.365803, -186.361619, 0.000000
2165.370944, -186.215701, 0.000000
2165.376086, -186.069784, 0.000000
2165.381227, -185.923867, 0.000000
2165.374482, -185.779502, 1.000000
2165.367723, -185.635139, 1.000000
2165.349063, -185.492330, 1.000000
2165.342290, -185.347969, 1.000000
2165.323630, -185.205162, 1.000000
2165.304970, -185.062354, 1.000000
2165.313545, -184.950406, 1.000000
2165.297254, -184.805683, 1.000000
2165.280963, -184.660961, 0.000000
2165.249078, -184.537013, 0.000000
2165.246196, -184.392308, 0.000000
2165.231344, -184.248841, 0.000000
2165.216507, -184.105373, 0.000000
2165.201670, -183.961905, 0.000000
2165.198788, -183.817201, 0.000000
2165.183951, -183.673734, 0.000000
2165.169113, -183.530266, 0.000000
2165.154290, -183.386796, 0.000000
2165.139453, -183.243327, 0.000000
2165.136557, -183.098624, 0.000000
2165.121719, -182.955156, 0.000000
2165.106882, -182.811689, 0.000000
2165.092044, -182.668221, 0.000000
2165.089163, -182.523517, 0.000000
2165.074325, -182.380050, 0.000000
2165.059502, -182.236579, 0.000000
2165.044665, -182.093111, 0.000000
2165.029813, -181.949644, 0.000000
2165.026931, -181.804940, 0.000000
2165.012094, -181.661472, 0.000000
2164.997257, -181.518005, 0.000000
2164.982419, -181.374537, 0.000000
2164.979537, -181.229833, 0.000000
2164.964715, -181.086363, 0.000000
2164.949877, -180.942894, 0.000000
2164.932143, -180.654723, 0.000000
2164.917306, -180.511256, 0.000000
2164.902469, -180.367788, 0.000000
2164.887631, -180.224320, 0.000000
2164.872794, -180.080853, 0.000000
2164.869927, -179.936146, 0.000000
2164.855090, -179.792677, 0.000000
2164.840237, -179.649211, 0.000000
2164.825400, -179.505743, 0.000000
2164.822518, -179.361039, 0.000000
2164.807681, -179.217571, 0.000000
2164.792843, -179.074104, 0.000000
2164.778006, -178.930636, 0.000000
2164.763184, -178.787166, 0.000000
2164.760302, -178.642461, 0.000000
2164.745449, -178.498994, 0.000000
2164.730612, -178.355526, 0.000000
2164.715775, -178.212059, 0.000000
2164.712893, -178.067355, 0.000000
2164.698056, -177.923887, 0.000000
2164.683218, -177.780419, 0.000000
2164.668396, -177.636949, 0.000000
2164.665514, -177.492244, 0.000000
2164.650661, -177.348777, 0.000000
2164.635824, -177.205310, 0.000000
2164.620987, -177.061842, 0.000000
2164.606149, -176.918374, 0.000000
2164.603268, -176.773670, 0.000000
2164.588430, -176.630203, 0.000000
2164.573608, -176.486733, 0.000000
2164.558771, -176.343264, 0.000000
2164.555874, -176.198561, 0.000000
2164.541036, -176.055093, 0.000000
2164.526199, -175.911625, 0.000000
2164.511361, -175.768158, 0.000000
2164.496524, -175.624690, 0.000000
2164.493642, -175.479986, 0.000000
2164.478820, -175.336516, 0.000000
2164.463983, -175.193047, 0.000000
2164.449130, -175.049580, 0.000000
2164.446248, -174.904876, 0.000000
2164.431411, -174.761409, 0.000000
2164.416574, -174.617941, 0.000000
2164.401736, -174.474474, 0.000000
2164.398854, -174.329769, 0.000000
2164.384033, -174.186299, 0.000000
2164.369195, -174.042831, 0.000000
2164.354342, -173.899364, 0.000000
2164.339505, -173.755896, 0.000000
2164.336623, -173.611192, 0.000000
2164.312118, -173.513155, 0.000000
2164.300280, -173.370449, 0.000000
2164.306321, -173.249227, 0.000000
2164.307924, -173.104487, 0.000000
2164.297522, -172.960614, 0.000000
2164.287136, -172.816741, 0.000000
2164.276749, -172.672868, 0.000000
2164.266363, -172.528995, 0.000000
2164.267966, -172.384256, 0.000000
2164.257595, -172.240381, 0.000000
2164.247209, -172.096506, 0.000000
2164.236807, -171.952634, 0.000000
2164.238410, -171.807895, 0.000000
2164.228023, -171.664022, 0.000000
2164.217637, -171.520149, 0.000000
2164.207267, -171.376274, 0.000000
2164.196880, -171.232400, 0.000000
2164.198467, -171.087661, 0.000000
2164.188081, -170.943788, 0.000000
2164.177694, -170.799915, 0.000000
2164.167308, -170.656042, 0.000000
2164.168911, -170.511303, 0.000000
2164.158541, -170.367428, 0.000000
2164.148154, -170.223554, 0.000000
2164.137752, -170.079681, 0.000000
2164.139355, -169.934942, 0.000000
2164.128968, -169.791069, 0.000000
2164.118582, -169.647196, 0.000000
2164.108212, -169.503321, 0.000000
2164.097825, -169.359447, 0.000000
2164.099412, -169.214709, 0.000000
2164.089026, -169.070835, 0.000000
2164.078639, -168.926962, 0.000000
2164.068253, -168.783089, 0.000000
2164.069856, -168.638350, 0.000000
2164.059486, -168.494475, 0.000000
2164.049100, -168.350601, 0.000000
2164.038697, -168.206728, 0.000000
2164.028310, -168.062855, 0.000000
2164.029913, -167.918116, 0.000000
2164.019527, -167.774243, 0.000000
2164.009157, -167.630368, 0.000000
2163.998771, -167.486494, 0.000000
2164.000357, -167.341756, 0.000000
2163.989971, -167.197882, 0.000000
2163.979584, -167.054009, 0.000000
2163.969198, -166.910136, 0.000000
2163.970801, -166.765397, 0.000000
2163.960431, -166.621522, 0.000000
2163.950045, -166.477648, 0.000000
2163.939642, -166.333775, 0.000000
2163.929255, -166.189902, 0.000000
2163.930858, -166.045163, 0.000000
2163.920472, -165.901290, 0.000000
2163.910102, -165.757416, 0.000000
2163.899716, -165.613541, 0.000000
2163.901302, -165.468803, 0.000000
2163.890916, -165.324930, 0.000000
2163.880529, -165.181056, 0.000000
2163.870143, -165.037183, 0.000000
2163.859756, -164.893310, 0.000000
2163.861376, -164.748569, 0.000000
2163.850990, -164.604695, 0.000000
2163.845829, -164.443982, 1.000000
2163.810375, -164.301650, 1.000000
2163.734290, -163.926892, 1.000000
2163.659665, -163.791384, 1.000000
2163.621142, -163.649245, 1.000000
2163.594632, -163.504900, 1.000000
2163.580150, -163.358344, 1.000000
2163.553624, -163.214002, 1.000000
2163.527114, -163.069658, 1.000000
2163.512632, -162.923104, 1.000000
2163.498151, -162.776550, 1.000000
2163.483686, -162.629992, 1.000000
2163.457175, -162.485646, 1.000000
2163.430648, -162.341304, 1.000000
2163.416167, -162.194750, 1.000000
2163.377628, -162.052614, 1.000000
2163.363146, -161.906060, 1.000000
2163.336636, -161.761715, 1.000000
2163.358258, -161.608530, 1.000000
2163.319718, -161.466393, 0.000000
2163.281163, -161.324260, 0.000000
2163.230595, -161.184333, 0.000000
2163.192056, -161.042198, 0.000000
2163.153517, -160.900062, 0.000000
2163.114978, -160.757926, 0.000000
2163.076455, -160.615787, 0.000000
2163.037916, -160.473650, 0.000000
2162.987332, -160.333726, 0.000000
2162.948793, -160.191591, 0.000000
2162.910254, -160.049455, 0.000000
2162.871715, -159.907319, 0.000000
2162.833192, -159.765181, 0.000000
2162.794653, -159.623044, 0.000000
2162.744085, -159.483117, 0.000000
2162.705530, -159.340984, 0.000000
2162.666991, -159.198848, 0.000000
2162.628452, -159.056712, 0.000000
2162.589913, -158.914577, 0.000000
2162.563418, -158.770229, 1.000000
2162.560965, -158.621464, 1.000000
2162.546469, -158.474912, 1.000000
2162.544016, -158.326149, 1.000000
2162.529534, -158.179595, 1.000000
2162.515053, -158.033041, 1.000000
2162.500571, -157.886487, 1.000000
2162.462048, -157.744348, 1.000000
2162.435537, -157.600002, 1.000000
2162.409012, -157.455659, 1.000000
2162.370473, -157.313524, 0.000000
2162.331934, -157.171388, 0.000000
2162.293395, -157.029252, 0.000000
2162.242827, -156.889326, 0.000000
2162.204303, -156.747187, 0.000000
2162.165764, -156.605050, 0.000000
2162.127210, -156.462917, 0.000000
2162.088671, -156.320781, 1.000000
2162.050132, -156.178645, 1.000000
2162.035650, -156.032091, 1.000000
2162.009155, -155.887744, 1.000000
2161.982645, -155.743398, 1.000000
2161.956134, -155.599052, 1.000000
2161.917580, -155.456919, 1.000000
2161.879041, -155.314783, 1.000000
2161.852531, -155.170438, 1.000000
