1971.899095, 238.501740, 0.000000
1971.913562, 238.356869, 0.000000
1971.928030, 238.211998, 0.000000
1971.944892, 237.921051, 1.000000
1971.971432, 237.777386, 1.000000
1971.985899, 237.632515, 1.000000
1972.000367, 237.487644, 1.000000
1972.000168, 237.341519, 1.000000
1972.026667, 237.198079, 1.000000
1972.041111, 237.053435, 1.000000
1972.055556, 236.908791, 1.000000
1972.070001, 236.764147, 1.000000
1972.096499, 236.620707, 1.000000
1972.110944, 236.476063, 1.000000
1972.122649, 236.330940, 1.000000
1972.137175, 236.185482, 1.000000
1972.151701, 236.040025, 1.000000
1972.178349, 235.895777, 1.000000
1972.192875, 235.750319, 1.000000
1972.207401, 235.604861, 1.000000
1972.234048, 235.460614, 1.000000
1972.248574, 235.315156, 1.000000
1972.263101, 235.169698, 1.000000
1972.259876, 235.022509, 1.000000
1972.262273, 234.876334, 1.000000
1972.300911, 234.733778, 0.000000
1972.315389, 234.588809, 0.000000
1972.329866, 234.443841, 0.000000
1972.344343, 234.298872, 0.000000
1972.358820, 234.153903, 0.000000
1972.373298, 234.008934, 0.000000
1972.387775, 233.863966, 0.000000
1972.399859, 233.718810, 0.000000
1972.414316, 233.574047, 0.000000
1972.428772, 233.429285, 0.000000
1972.443229, 233.284522, 0.000000
1972.457686, 233.139760, 0.000000
1972.472142, 232.994997, 0.000000
1972.486599, 232.850235, 0.000000
1972.501056, 232.705472, 0.000000
1972.515512, 232.560709, 0.000000
1972.529969, 232.415947, 0.000000
1972.552519, 232.271583, 0.000000
1972.567046, 232.126125, 0.000000
1972.581572, 231.980667, 0.000000
1972.608219, 231.836420, 0.000000
1972.622745, 231.690962, 0.000000
1972.637271, 231.545504, 0.000000
1972.651797, 231.400046, 0.000000
1972.666323, 231.254588, 0.000000
1972.680850, 231.109131, 0.000000
1972.681853, 230.962808, 0.000000
1972.696263, 230.818506, 0.000000
1972.710674, 230.674203, 0.000000
1972.725085, 230.529900, 0.000000
1972.739496, 230.385597, 0.000000
1972.753906, 230.241294, 0.000000
1972.768317, 230.096991, 0.000000
1972.782728, 229.952688, 0.000000
1972.801117, 229.808783, 0.000000
1972.815561, 229.664139, 0.000000
1972.830006, 229.519495, 0.000000
1972.844451, 229.374851, 0.000000
1972.858896, 229.230207, 0.000000
1972.861287, 229.084360, 1.000000
1972.875732, 228.939716, 1.000000
1972.890177, 228.795072, 1.000000
1972.916675, 228.651632, 1.000000
1972.931120, 228.506988, 1.000000
1972.930852, 228.360533, 1.000000
1972.945378, 228.215075, 1.000000
1972.959904, 228.069617, 1.000000
1972.986552, 227.925370, 1.000000
1973.001078, 227.779912, 1.000000
1973.015604, 227.634454, 1.000000
1973.068899, 227.345959, 0.000000
1973.083425, 227.200501, 0.000000
1973.090425, 227.049576, 0.000000
1973.104473, 226.904749, 0.000000
1973.118520, 226.759921, 0.000000
1973.132567, 226.615094, 0.000000
1973.146615, 226.470266, 0.000000
1973.160662, 226.325439, 0.000000
1973.174709, 226.180611, 0.000000
1973.188757, 226.035784, 0.000000
1973.202804, 225.890956, 0.000000
1973.216852, 225.746129, 0.000000
1973.231378, 225.591603, 0.000000
1973.244605, 225.446688, 0.000000
1973.257832, 225.301774, 0.000000
1973.271059, 225.156859, 0.000000
1973.284286, 225.011944, 0.000000
1973.297513, 224.867029, 0.000000
1973.310740, 224.722114, 0.000000
1973.323967, 224.577199, 0.000000
1973.337194, 224.432285, 0.000000
1973.350421, 224.287370, 0.000000
1973.367222, 224.142628, 0.000000
1973.380476, 223.997411, 0.000000
1973.393731, 223.852193, 0.000000
1973.406985, 223.706975, 0.000000
1973.408138, 223.560653, 0.000000
1973.421393, 223.415435, 0.000000
1973.434648, 223.270217, 0.000000
1973.447902, 223.124999, 0.000000
1973.461157, 222.979781, 0.000000
1973.474412, 222.834564, 0.000000
1973.491093, 222.689609, 0.000000
1973.504375, 222.544098, 0.000000
1973.517656, 222.398587, 0.000000
1973.530937, 222.253076, 0.000000
1973.544219, 222.107564, 0.000000
1973.557500, 221.962053, 0.000000
1973.570782, 221.816542, 0.000000
1973.584063, 221.671031, 0.000000
1973.597344, 221.525520, 0.000000
1973.599073, 221.379863, 0.000000
1973.612265, 221.235335, 0.000000
1973.625456, 221.090807, 0.000000
1973.638648, 220.946279, 0.000000
1973.651840, 220.801751, 0.000000
1973.665031, 220.657223, 0.000000
1973.678223, 220.512695, 0.000000
1973.691415, 220.368167, 0.000000
1973.704606, 220.223639, 0.000000
1973.717798, 220.079111, 0.000000
1973.730990, 219.934583, 0.000000
1973.732137, 219.788955, 1.000000
1973.757373, 219.645527, 1.000000
1973.782609, 219.502098, 1.000000
1973.795800, 219.357570, 1.000000
1973.821036, 219.214141, 1.000000
1973.834228, 219.069613, 1.000000
1973.847419, 218.925085, 1.000000
1973.839233, 218.778509, 1.000000
1973.852446, 218.633749, 1.000000
1973.865659, 218.488990, 1.000000
1973.890935, 218.345331, 1.000000
1973.904148, 218.200572, 1.000000
1973.917361, 218.055812, 1.000000
1973.942637, 217.912154, 1.000000
1973.955849, 217.767394, 1.000000
1973.969062, 217.622634, 1.000000
1973.982275, 217.477875, 1.000000
1973.974074, 217.331083, 1.000000
1973.975225, 217.184988, 1.000000
1974.000542, 217.041100, 1.000000
1974.013776, 216.896108, 1.000000
1974.027010, 216.751117, 1.000000
1974.040244, 216.606125, 1.000000
1974.065560, 216.462237, 1.000000
1974.078794, 216.317245, 1.000000
1974.092028, 216.172254, 1.000000
1974.125506, 216.028706, 1.000000
1974.150942, 215.884136, 0.000000
1974.164239, 215.738458, 0.000000
1974.177535, 215.592780, 0.000000
1974.178692, 215.445994, 0.000000
1974.191989, 215.300316, 0.000000
1974.205285, 215.154638, 0.000000
1974.218582, 215.008960, 0.000000
1974.231879, 214.863281, 0.000000
1974.243193, 214.717507, 0.000000
1974.256474, 214.571995, 0.000000
1974.257630, 214.425377, 0.000000
1974.270911, 214.279866, 0.000000
1974.284193, 214.134355, 0.000000
1974.297474, 213.988844, 0.000000
1974.310755, 213.843333, 0.000000
1974.324037, 213.697822, 0.000000
1974.337318, 213.552310, 0.000000
1974.338474, 213.405692, 0.000000
1974.348804, 213.283742, 0.000000
1974.364104, 213.138484, 0.000000
1974.379405, 212.993226, 0.000000
1974.394706, 212.847968, 0.000000
1974.410007, 212.702710, 0.000000
1974.425308, 212.557451, 0.000000
1974.428504, 212.410918, 0.000000
1974.443805, 212.265660, 0.000000
1974.459106, 212.120402, 0.000000
1974.464215, 211.980858, 0.000000
1974.479983, 211.836493, 0.000000
1974.495752, 211.692128, 0.000000
1974.511520, 211.547763, 0.000000
1974.515258, 211.402084, 0.000000
1974.531027, 211.257719, 0.000000
1974.546795, 211.113355, 0.000000
1974.562564, 210.968990, 1.000000
1974.602393, 210.827253, 1.000000
1974.570040, 210.677632, 1.000000
1974.573778, 210.531953, 1.000000
1974.586439, 210.386713, 1.000000
1974.602294, 210.241555, 1.000000
1974.618149, 210.096396, 1.000000
1974.646101, 209.952559, 1.000000
1974.661956, 209.807400, 1.000000
1974.677811, 209.662241, 1.000000
1974.693667, 209.517083, 1.000000
1974.721618, 209.373245, 1.000000
1974.737474, 209.228087, 1.000000
1974.753329, 209.082928, 1.000000
1974.769184, 208.937769, 1.000000
1974.784801, 208.793129, 1.000000
1974.800539, 208.649045, 1.000000
1974.840291, 208.507585, 1.000000
1974.916063, 208.370059, 1.000000
1974.931801, 208.225975, 1.000000
1974.947539, 208.081892, 0.000000
1974.963277, 207.937808, 0.000000
1974.982944, 207.794154, 0.000000
1974.998717, 207.649743, 0.000000
1975.014491, 207.505332, 0.000000
1975.030265, 207.360922, 0.000000
1975.046038, 207.216511, 0.000000
1975.061812, 207.072100, 0.000000
1975.077585, 206.927689, 0.000000
1975.093359, 206.783278, 0.000000
1975.109132, 206.638867, 0.000000
1975.136940, 206.495771, 0.000000
1975.154010, 206.351412, 0.000000
1975.169796, 206.206894, 0.000000
1975.185581, 206.062377, 0.000000
1975.201366, 205.917860, 0.000000
1975.217151, 205.773342, 0.000000
1975.232936, 205.628825, 0.000000
1975.248721, 205.484307, 0.000000
1975.261232, 205.339682, 0.000000
1975.276988, 205.195433, 0.000000
1975.292744, 205.051184, 0.000000
1975.308500, 204.906936, 0.000000
1975.324256, 204.762687, 0.000000
1975.340011, 204.618438, 0.000000
1975.355767, 204.474190, 0.000000
1975.371523, 204.329941, 0.000000
1975.387279, 204.185692, 0.000000
1975.414114, 204.041886, 0.000000
1975.429969, 203.896728, 0.000000
1975.445824, 203.751569, 0.000000
1975.461679, 203.606410, 0.000000
1975.477534, 203.461252, 0.000000
1975.505486, 203.317414, 0.000000
1975.521341, 203.172256, 0.000000
1975.537197, 203.027097, 0.000000
1975.553052, 202.881938, 0.000000
1975.568907, 202.736780, 0.000000
1975.584762, 202.591621, 0.000000
1975.592968, 202.446048, 0.000000
1975.608755, 202.301515, 0.000000
1975.624542, 202.156981, 0.000000
1975.640329, 202.012447, 0.000000
1975.656116, 201.867914, 0.000000
1975.659858, 201.722065, 1.000000
1975.675645, 201.577531, 1.000000
1975.703477, 201.434313, 1.000000
1975.719264, 201.289779, 1.000000
1975.735051, 201.145245, 1.000000
1975.728501, 200.998174, 1.000000
1975.756360, 200.854812, 1.000000
1975.772163, 200.710133, 1.000000
1975.787966, 200.565455, 1.000000
1975.815825, 200.422093, 1.000000
1975.831628, 200.277414, 1.000000
1975.847431, 200.132735, 1.000000
1975.875290, 199.989373, 1.000000
1975.891093, 199.844694, 1.000000
1975.906896, 199.700015, 1.000000
1975.892474, 199.571575, 1.000000
1975.909810, 199.427476, 1.000000
1975.939155, 199.284822, 1.000000
1975.956492, 199.140723, 1.000000
1975.985837, 198.998069, 1.000000
1976.003174, 198.853970, 1.000000
1976.020510, 198.709871, 1.000000
1976.049855, 198.567217, 1.000000
1976.067192, 198.423118, 1.000000
1976.084528, 198.279019, 1.000000
1976.080817, 198.135385, 1.000000
1976.098435, 197.991048, 1.000000
1976.128080, 197.848179, 1.000000
1976.145697, 197.703842, 1.000000
1976.175343, 197.560973, 1.000000
1976.204988, 197.418104, 1.000000
1976.252251, 197.130897, 0.000000
1976.269868, 196.986560, 0.000000
1976.287486, 196.842223, 0.000000
1976.302013, 196.697025, 0.000000
1976.319718, 196.551972, 0.000000
1976.337422, 196.406920, 0.000000
1976.343039, 196.260392, 0.000000
1976.360744, 196.115340, 0.000000
1976.378449, 195.970287, 0.000000
1976.384065, 195.823759, 0.000000
1976.401770, 195.678707, 0.000000
1976.407387, 195.532179, 0.000000
1976.422405, 195.386892, 0.000000
1976.440083, 195.242059, 0.000000
1976.445691, 195.095754, 0.000000
1976.463369, 194.950921, 0.000000
1976.481047, 194.806089, 0.000000
1976.486655, 194.659783, 0.000000
1976.504333, 194.514951, 0.000000
1976.522010, 194.370118, 0.000000
1976.527619, 194.223813, 0.000000
1976.543791, 194.078913, 0.000000
1976.561453, 193.934206, 0.000000
1976.567057, 193.788026, 0.000000
1976.584719, 193.643319, 0.000000
1976.590323, 193.497140, 0.000000
1976.607985, 193.352433, 0.000000
1976.625648, 193.207725, 0.000000
1976.631251, 193.061546, 0.000000
1976.636855, 192.915367, 1.000000
1976.652030, 192.770392, 1.000000
1976.669667, 192.625899, 1.000000
1976.699344, 192.482876, 1.000000
1976.716980, 192.338383, 1.000000
1976.734617, 192.193890, 1.000000
1976.764294, 192.050867, 1.000000
1976.781931, 191.906374, 1.000000
1976.799567, 191.761881, 1.000000
1976.817203, 191.617388, 1.000000
1976.846881, 191.474365, 1.000000
1976.876558, 191.331341, 1.000000
1976.870112, 191.183909, 1.000000
1976.872871, 191.037743, 1.000000
1976.878457, 190.892025, 1.000000
1976.908084, 190.749241, 1.000000
1976.925691, 190.604989, 1.000000
1976.943298, 190.460738, 1.000000
1976.960905, 190.316487, 1.000000
1976.978512, 190.172235, 1.000000
1977.001871, 190.028396, 1.000000
1977.019537, 189.883655, 1.000000
1977.061328, 189.741858, 0.000000
1977.078994, 189.597116, 0.000000
1977.084599, 189.450903, 0.000000
1977.102266, 189.306162, 0.000000
1977.119932, 189.161420, 0.000000
1977.125537, 189.015207, 0.000000
1977.143204, 188.870465, 0.000000
1977.160871, 188.725724, 0.000000
1977.184357, 188.581609, 0.000000
1977.189981, 188.434892, 0.000000
1977.207708, 188.289653, 0.000000
1977.225436, 188.144413, 0.000000
1977.215125, 187.995986, 0.000000
1977.232683, 187.852130, 0.000000
1977.250242, 187.708274, 0.000000
1977.255812, 187.562954, 0.000000
1977.273371, 187.419098, 0.000000
1977.290930, 187.275242, 0.000000
1977.308488, 187.131386, 0.000000
1977.314059, 186.986067, 0.000000
1977.339685, 186.839410, 0.000000
1977.357039, 186.694830, 0.000000
1977.362345, 186.548804, 0.000000
1977.379699, 186.404224, 0.000000
1977.397053, 186.259644, 0.000000
1977.414407, 186.115064, 0.000000
1977.419713, 185.969038, 0.000000
1977.437067, 185.824458, 0.000000
1977.454421, 185.679878, 0.000000
1977.459727, 185.533852, 0.000000
1977.480631, 185.388787, 0.000000
1977.497965, 185.243885, 0.000000
1977.503225, 185.097539, 0.000000
1977.520559, 184.952637, 0.000000
1977.537894, 184.807735, 0.000000
1977.555228, 184.662833, 0.000000
1977.560487, 184.516487, 0.000000
1977.577822, 184.371585, 0.000000
1977.595156, 184.226684, 0.000000
1977.600416, 184.080337, 0.000000
1977.613826, 183.935149, 0.000000
1977.619072, 183.789167, 1.000000
1977.648408, 183.646066, 1.000000
1977.665700, 183.501525, 1.000000
1977.682991, 183.356983, 1.000000
1977.700283, 183.212442, 1.000000
1977.729619, 183.069341, 1.000000
1977.746910, 182.924800, 1.000000
1977.764202, 182.780258, 1.000000
1977.781493, 182.635717, 1.000000
1977.786740, 182.489734, 1.000000
1977.778370, 182.342234, 1.000000
1977.795644, 182.197839, 1.000000
1977.812918, 182.053443, 1.000000
1977.830192, 181.909048, 1.000000
1977.847466, 181.764652, 1.000000
1977.876773, 181.621697, 1.000000
1977.894047, 181.477301, 1.000000
1977.911321, 181.332906, 1.000000
1977.916562, 181.187071, 1.000000
1977.936314, 181.042796, 1.000000
1977.953615, 180.898171, 1.000000
1977.970917, 180.753545, 1.000000
1977.988218, 180.608919, 1.000000
1978.017572, 180.465735, 1.000000
1978.046926, 180.322551, 0.000000
1978.064227, 180.177925, 0.000000
1978.081529, 180.033299, 0.000000
1978.098830, 179.888673, 0.000000
1978.121165, 179.744338, 0.000000
1978.138522, 179.599251, 0.000000
1978.155879, 179.454164, 0.000000
1978.173236, 179.309077, 0.000000
1978.190592, 179.163989, 0.000000
1978.195858, 179.017456, 0.000000
1978.213215, 178.872369, 0.000000
1978.230572, 178.727282, 0.000000
1978.247928, 178.582195, 0.000000
1978.265285, 178.437108, 0.000000
1978.274012, 178.291660, 0.000000
1978.291273, 178.147369, 0.000000
1978.308535, 178.003077, 0.000000
1978.325796, 177.858785, 0.000000
1978.343058, 177.714494, 0.000000
1978.360319, 177.570202, 0.000000
1978.377581, 177.425910, 0.000000
1978.394842, 177.281619, 0.000000
1978.412104, 177.137327, 0.000000
1978.429365, 176.993035, 0.000000
1978.455109, 176.849163, 0.000000
1978.472464, 176.704089, 0.000000
1978.489819, 176.559015, 0.000000
1978.495085, 176.412494, 0.000000
1978.512440, 176.267420, 0.000000
1978.529795, 176.122346, 0.000000
1978.547150, 175.977272, 0.000000
1978.564505, 175.832198, 0.000000
1978.581860, 175.687123, 0.000000
1978.594290, 175.541693, 0.000000
1978.611590, 175.397078, 0.000000
1978.628890, 175.252463, 0.000000
1978.651439, 174.961791, 1.000000
1978.680791, 174.818618, 1.000000
1978.698091, 174.674003, 1.000000
1978.715391, 174.529388, 1.000000
1978.732691, 174.384773, 1.000000
1978.762043, 174.241600, 1.000000
1978.779343, 174.096985, 1.000000
1978.784592, 173.950928, 1.000000
1978.741260, 173.772702, 1.000000
1978.755991, 173.627978, 1.000000
1978.770722, 173.483253, 1.000000
1978.797513, 173.339756, 1.000000
1978.812243, 173.195032, 1.000000
1978.826974, 173.050307, 1.000000
1978.841704, 172.905582, 1.000000
1978.868495, 172.762085, 1.000000
1978.871165, 172.616133, 1.000000
1978.879174, 172.427210, 1.000000
1978.889773, 172.281662, 1.000000
1978.912500, 172.136998, 1.000000
1978.923098, 171.991450, 1.000000
1978.945826, 171.846785, 1.000000
1978.956424, 171.701238, 1.000000
1978.967023, 171.555690, 1.000000
1978.977621, 171.410142, 1.000000
1978.988220, 171.264594, 1.000000
1978.998818, 171.119047, 1.000000
1978.997288, 170.972616, 1.000000
1978.998071, 170.826147, 1.000000
1979.008686, 170.680375, 1.000000
1979.067891, 170.538141, 1.000000
1979.090654, 170.393253, 1.000000
1979.113416, 170.248366, 1.000000
1979.136179, 170.103478, 0.000000
1979.146794, 169.957706, 0.000000
1979.157408, 169.811934, 0.000000
1979.168023, 169.666162, 0.000000
1979.162784, 169.519265, 0.000000
1979.173374, 169.373837, 0.000000
1979.183964, 169.228410, 0.000000
1979.194553, 169.082982, 0.000000
1979.205143, 168.937555, 0.000000
1979.215733, 168.792127, 0.000000
1979.214204, 168.645818, 0.000000
1979.224793, 168.500390, 0.000000
1979.235383, 168.354963, 0.000000
1979.245973, 168.209535, 0.000000
1979.255853, 168.064117, 0.000000
1979.266438, 167.918756, 0.000000
1979.277023, 167.773394, 0.000000
1979.275495, 167.627151, 0.000000
1979.286080, 167.481789, 0.000000
1979.296664, 167.336428, 0.000000
1979.307249, 167.191067, 0.000000
1979.317834, 167.045705, 0.000000
1979.328419, 166.900344, 0.000000
1979.339004, 166.754982, 0.000000
1979.337476, 166.608739, 0.000000
1979.339666, 166.462833, 0.000000
1979.350193, 166.318271, 0.000000
1979.360720, 166.173708, 0.000000
1979.371247, 166.029146, 0.000000
1979.381773, 165.884584, 0.000000
1979.392300, 165.740021, 0.000000
1979.390780, 165.594581, 0.000000
1979.401307, 165.450019, 0.000000
1979.419570, 165.159575, 1.000000
1979.442283, 165.015007, 1.000000
1979.464995, 164.870439, 1.000000
1979.439224, 164.722341, 1.000000
1979.449815, 164.576891, 1.000000
1979.472527, 164.432323, 1.000000
1979.483119, 164.286872, 1.000000
1979.493710, 164.141422, 1.000000
1979.504302, 163.995972, 1.000000
1979.514893, 163.850521, 1.000000
1979.513364, 163.704188, 1.000000
1979.494483, 163.557066, 1.000000
1979.505037, 163.412131, 1.000000
1979.527669, 163.268075, 1.000000
1979.538223, 163.123140, 1.000000
1979.548776, 162.978205, 1.000000
1979.559330, 162.833270, 1.000000
1979.581962, 162.689214, 1.000000
1979.592516, 162.544279, 1.000000
1979.590992, 162.398464, 1.000000
1979.590136, 162.252638, 1.000000
1979.600695, 162.107637, 1.000000
1979.611253, 161.962636, 1.000000
1979.621812, 161.817635, 1.000000
1979.632371, 161.672634, 1.000000
1979.642929, 161.527633, 1.000000
1979.665571, 161.383512, 1.000000
1979.688213, 161.239391, 1.000000
1979.735022, 161.097029, 1.000000
1979.745581, 160.952028, 1.000000
1979.760071, 160.821560, 1.000000
1979.796245, 160.678290, 0.000000
1979.808209, 160.533026, 0.000000
1979.820172, 160.387762, 0.000000
1979.832136, 160.242498, 0.000000
1979.844100, 160.097234, 0.000000
1979.856063, 159.951970, 0.000000
1979.868027, 159.806706, 0.000000
1979.879990, 159.661442, 0.000000
1979.891954, 159.516178, 0.000000
1979.903917, 159.370915, 0.000000
1979.915881, 159.225651, 0.000000
1979.927845, 159.080387, 0.000000
1979.939212, 158.990340, 0.000000
1979.956316, 158.845534, 0.000000
1979.973421, 158.700727, 0.000000
1979.990525, 158.555921, 0.000000
1980.007629, 158.411114, 0.000000
1980.024734, 158.266308, 0.000000
1980.041838, 158.121502, 0.000000
1980.058943, 157.976695, 0.000000
1980.076047, 157.831889, 0.000000
1980.093152, 157.687083, 0.000000
1980.117629, 157.543331, 0.000000
1980.134682, 157.398959, 0.000000
1980.151735, 157.254587, 0.000000
1980.168788, 157.110216, 0.000000
1980.185842, 156.965844, 0.000000
1980.202895, 156.821472, 0.000000
1980.219948, 156.677101, 0.000000
1980.237001, 156.532729, 0.000000
1980.254054, 156.388357, 0.000000
1980.276418, 156.244323, 0.000000
1980.293529, 156.099460, 0.000000
1980.310640, 155.954597, 0.000000
1980.327751, 155.809735, 0.000000
1980.344863, 155.664872, 0.000000
1980.361974, 155.520009, 0.000000
1980.379085, 155.375147, 0.000000
1980.396196, 155.230284, 0.000000
1980.413307, 155.085422, 0.000000
1980.430418, 154.940559, 0.000000
1980.449040, 154.795757, 0.000000
1980.466167, 154.650755, 0.000000
1980.483295, 154.505753, 0.000000
1980.500422, 154.360751, 0.000000
1980.505466, 154.214322, 1.000000
1980.534677, 154.070748, 1.000000
1980.563888, 153.927173, 1.000000
1980.581016, 153.782171, 1.000000
1980.589043, 153.636448, 1.000000
1980.606072, 153.492282, 1.000000
1980.635114, 153.349536, 1.000000
1980.652143, 153.205370, 1.000000
1980.681185, 153.062623, 1.000000
1980.698214, 152.918458, 1.000000
1980.715243, 152.774292, 1.000000
1980.744286, 152.631545, 1.000000
1980.761314, 152.487380, 1.000000
1980.784187, 152.343904, 1.000000
1980.801278, 152.199212, 1.000000
1980.818369, 152.054519, 1.000000
1980.847518, 151.911250, 1.000000
1980.864609, 151.766557, 1.000000
1980.881700, 151.621864, 1.000000
1980.910848, 151.478596, 1.000000
1980.927939, 151.333903, 1.000000
1980.957088, 151.190634, 1.000000
1980.986237, 151.047366, 1.000000
1981.017521, 150.904287, 1.000000
1981.058780, 150.762261, 0.000000
1981.075893, 150.617383, 0.000000
1981.093006, 150.472505, 0.000000
1981.110119, 150.327627, 0.000000
1981.127232, 150.182749, 0.000000
1981.144344, 150.037871, 0.000000
1981.161457, 149.892993, 0.000000
1981.167490, 149.746749, 0.000000
1981.184613, 149.601786, 0.000000
1981.201736, 149.456823, 0.000000
1981.220326, 149.312012, 0.000000
1981.237463, 149.166922, 0.000000
1981.254601, 149.021833, 0.000000
1981.271739, 148.876743, 0.000000
1981.288877, 148.731654, 0.000000
1981.306015, 148.586564, 0.000000
1981.323153, 148.441475, 0.000000
1981.340291, 148.296385, 0.000000
1981.348762, 148.150587, 0.000000
1981.365812, 148.006243, 0.000000
1981.382862, 147.861898, 0.000000
1981.387883, 147.716133, 0.000000
1981.404933, 147.571788, 0.000000
1981.421983, 147.427444, 0.000000
1981.439033, 147.283099, 0.000000
1981.456083, 147.138755, 0.000000
1981.473132, 146.994411, 0.000000
1981.490182, 146.850066, 0.000000
1981.499118, 146.721926, 1.000000
1981.529776, 146.578915, 1.000000
1981.579046, 146.291342, 1.000000
1981.597657, 146.146780, 1.000000
1981.616268, 146.002218, 1.000000
1981.646926, 145.859207, 1.000000
1981.665537, 145.714645, 1.000000
1981.684148, 145.570083, 1.000000
1981.659598, 145.428887, 1.000000
1981.666978, 145.282272, 1.000000
1981.686439, 145.137279, 1.000000
1981.717984, 144.993908, 1.000000
1981.737446, 144.848915, 1.000000
1981.756908, 144.703922, 1.000000
1981.788453, 144.560551, 1.000000
1981.807914, 144.415558, 1.000000
1981.827376, 144.270565, 1.000000
1981.822048, 144.122268, 1.000000
1981.841503, 143.977330, 1.000000
1981.860957, 143.832392, 1.000000
1981.892490, 143.689076, 1.000000
1981.936101, 143.547380, 0.000000
1981.955555, 143.402443, 0.000000
1981.975010, 143.257505, 0.000000
1982.006543, 143.114188, 0.000000
1982.025997, 142.969251, 0.000000
1982.032215, 142.823401, 0.000000
1982.051518, 142.679596, 0.000000
1982.070820, 142.535791, 0.000000
1982.090123, 142.391986, 0.000000
1982.109425, 142.248181, 0.000000
1982.140711, 142.105985, 0.000000
1982.160014, 141.962180, 0.000000
1982.185372, 141.818925, 0.000000
1982.204743, 141.674604, 0.000000
1982.224115, 141.530283, 0.000000
1982.243487, 141.385962, 0.000000
1982.262859, 141.241641, 0.000000
1982.294257, 141.098934, 0.000000
1982.313629, 140.954613, 0.000000
1982.333000, 140.810292, 0.000000
1982.352372, 140.665971, 0.000000
1982.371744, 140.521650, 0.000000
1982.391116, 140.377329, 0.000000
1982.410487, 140.233008, 0.000000
1982.443481, 140.090414, 0.000000
1982.462870, 139.945959, 0.000000
1982.482260, 139.801504, 0.000000
1982.501649, 139.657050, 0.000000
1982.521039, 139.512595, 0.000000
1982.540429, 139.368140, 0.000000
1982.559818, 139.223686, 0.000000
1982.591246, 139.080847, 0.000000
1982.608201, 138.936220, 0.000000
1982.627563, 138.791968, 0.000000
1982.646926, 138.647716, 0.000000
1982.666288, 138.503464, 1.000000
1982.649588, 138.354371, 1.000000
1982.668950, 138.210119, 1.000000
1982.644802, 137.913176, 1.000000
1982.652131, 137.767559, 1.000000
1982.671461, 137.623553, 1.000000
1982.702791, 137.481158, 1.000000
1982.722120, 137.337152, 1.000000
1982.741449, 137.193146, 1.000000
1982.772779, 137.050751, 1.000000
1982.792109, 136.906745, 1.000000
1982.811438, 136.762738, 1.000000
1982.818767, 136.617122, 1.000000
1982.807788, 136.468699, 1.000000
1982.839230, 136.325796, 1.000000
1982.858628, 136.181277, 1.000000
1982.878026, 136.036757, 1.000000
1982.909468, 135.893854, 1.000000
1982.940909, 135.750952, 1.000000
1983.020524, 135.614515, 1.000000
1984.093729, 126.304315, 1.000000
1984.063892, 126.154995, 1.000000
1984.066890, 126.008826, 1.000000
1984.081965, 125.863912, 1.000000
1984.109116, 125.720255, 1.000000
1984.124191, 125.575341, 1.000000
1984.139265, 125.430428, 1.000000
1984.166416, 125.286771, 1.000000
1984.205643, 125.144370, 1.000000
1984.269022, 125.004481, 1.000000
1984.320325, 124.863336, 0.000000
1984.335400, 124.718423, 0.000000
1984.352830, 124.573643, 0.000000
1984.367925, 124.428541, 0.000000
1984.383019, 124.283439, 0.000000
1984.398113, 124.138336, 0.000000
1984.413208, 123.993234, 0.000000
1984.428302, 123.848132, 0.000000
1984.443396, 123.703029, 0.000000
1984.458491, 123.557927, 0.000000
1984.473585, 123.412825, 0.000000
1984.488679, 123.267723, 0.000000
1984.503774, 123.122620, 0.000000
1984.518868, 122.977518, 0.000000
1984.533962, 122.832416, 0.000000
1984.543104, 122.687135, 0.000000
1984.558149, 122.542509, 0.000000
1984.573194, 122.397882, 0.000000
1984.588239, 122.253256, 0.000000
1984.603284, 122.108629, 0.000000
1984.630381, 121.965256, 0.000000
1984.645426, 121.820630, 0.000000
1984.660470, 121.676003, 0.000000
1984.675515, 121.531377, 0.000000
1984.690560, 121.386750, 0.000000
1984.705605, 121.242124, 0.000000
1984.720650, 121.097497, 0.000000
1984.735695, 120.952871, 0.000000
1984.750740, 120.808244, 0.000000
1984.765784, 120.663618, 0.000000
1984.780829, 120.518991, 0.000000
1984.795874, 120.374364, 0.000000
1984.810919, 120.229738, 0.000000
1984.825964, 120.085111, 0.000000
1984.841009, 119.940485, 0.000000
1984.860289, 119.828240, 0.000000
1984.877935, 119.683465, 0.000000
1984.895581, 119.538691, 0.000000
1984.913227, 119.393916, 0.000000
1984.936455, 119.102896, 1.000000
1984.966166, 118.959592, 1.000000
1984.983812, 118.814818, 1.000000
1985.013523, 118.671514, 1.000000
1984.994976, 118.522327, 1.000000
1985.024686, 118.379023, 1.000000
1985.042333, 118.234249, 1.000000
1985.059979, 118.089474, 1.000000
1985.089690, 117.946170, 1.000000
1985.107336, 117.801396, 1.000000
1985.124982, 117.656621, 1.000000
1985.154693, 117.513317, 1.000000
1985.172339, 117.368542, 1.000000
1985.189985, 117.223768, 1.000000
1985.219696, 117.080464, 1.000000
1985.237342, 116.935689, 1.000000
1985.254988, 116.790915, 1.000000
1985.284699, 116.647611, 1.000000
1985.302345, 116.502836, 1.000000
1985.319992, 116.358061, 1.000000
1985.349702, 116.214757, 1.000000
1985.415607, 116.075865, 1.000000
1985.331831, 115.921566, 1.000000
1985.289218, 115.768739, 1.000000
1985.319279, 115.624885, 1.000000
1985.337228, 115.479536, 1.000000
1985.367290, 115.335683, 1.000000
1985.385239, 115.190334, 1.000000
1985.415300, 115.046480, 1.000000
1985.469586, 114.905618, 1.000000
1985.506091, 114.616442, 0.000000
1985.523929, 114.471993, 0.000000
1985.541766, 114.327545, 0.000000
1985.559604, 114.183096, 0.000000
1985.577442, 114.038647, 0.000000
1985.607317, 113.895685, 0.000000
1985.625155, 113.751236, 0.000000
1985.648612, 113.607146, 0.000000
1985.666504, 113.462257, 0.000000
1985.684396, 113.317368, 0.000000
1985.702288, 113.172478, 0.000000
1985.720180, 113.027589, 0.000000
1985.738072, 112.882700, 0.000000
1985.755964, 112.737811, 0.000000
1985.775897, 112.593106, 0.000000
1985.793809, 112.448056, 0.000000
1985.811721, 112.303007, 0.000000
1985.841721, 112.159450, 0.000000
1985.859632, 112.014400, 0.000000
1985.877544, 111.869351, 0.000000
1985.895456, 111.724301, 0.000000
1985.913368, 111.579251, 0.000000
1985.931280, 111.434202, 0.000000
1985.949192, 111.289152, 0.000000
1985.967104, 111.144102, 0.000000
1985.985487, 110.999086, 0.000000
1986.003403, 110.854000, 0.000000
1986.021320, 110.708914, 0.000000
1986.039236, 110.563827, 0.000000
1986.069243, 110.420234, 0.000000
1986.087160, 110.275148, 0.000000
1986.105076, 110.130061, 0.000000
1986.122993, 109.984975, 0.000000
1986.140909, 109.839889, 0.000000
1986.137372, 109.692831, 1.000000
1986.155199, 109.548472, 1.000000
1986.185055, 109.405599, 1.000000
1986.202882, 109.261241, 1.000000
1986.232738, 109.118368, 1.000000
1986.250565, 108.974010, 1.000000
1986.268392, 108.829651, 1.000000
1986.298248, 108.686778, 1.000000
1986.316075, 108.542420, 1.000000
1986.316663, 108.395843, 1.000000
1986.322482, 108.249463, 1.000000
1986.340374, 108.104574, 1.000000
1986.370340, 107.961176, 1.000000
1986.388232, 107.816286, 1.000000
1986.418198, 107.672888, 1.000000
1986.436090, 107.527999, 1.000000
1986.453982, 107.383110, 1.000000
1986.471875, 107.238221, 1.000000
1986.456051, 107.090020, 1.000000
1986.485671, 106.948283, 0.000000
1986.503355, 106.805072, 0.000000
1986.533558, 106.628338, 0.000000
1986.548681, 106.484075, 0.000000
1986.563805, 106.339813, 0.000000
1986.578928, 106.195550, 0.000000
1986.594052, 106.051288, 0.000000
1986.609175, 105.907025, 0.000000
1986.624299, 105.762762, 0.000000
1986.639422, 105.618500, 0.000000
1986.654546, 105.474237, 0.000000
1986.669669, 105.329974, 0.000000
1986.701288, 105.179267, 0.000000
1986.715971, 105.033707, 0.000000
1986.730654, 104.888147, 0.000000
1986.745338, 104.742588, 0.000000
1986.760021, 104.597028, 0.000000
1986.774704, 104.451469, 0.000000
1986.789387, 104.305909, 0.000000
1986.816200, 104.161573, 0.000000
1986.830883, 104.016013, 0.000000
1986.834431, 103.869976, 0.000000
1986.849029, 103.725268, 0.000000
1986.863626, 103.580560, 0.000000
1986.878223, 103.435852, 0.000000
1986.892820, 103.291144, 0.000000
1986.907417, 103.146435, 0.000000
1986.922014, 103.001727, 0.000000
1986.936612, 102.857019, 0.000000
1986.951209, 102.712311, 0.000000
1986.965806, 102.567603, 0.000000
1986.990082, 102.423373, 0.000000
1987.004753, 102.277924, 0.000000
1987.019425, 102.132475, 0.000000
1987.034097, 101.987026, 0.000000
1987.048769, 101.841578, 0.000000
1987.063441, 101.696129, 0.000000
1987.078113, 101.550680, 0.000000
1987.080664, 101.404009, 1.000000
1987.107457, 101.259783, 1.000000
1987.122129, 101.114334, 1.000000
1987.152164, 100.823409, 1.000000
1987.178966, 100.679131, 1.000000
1987.193644, 100.533630, 1.000000
1987.220446, 100.389352, 1.000000
1987.235123, 100.243851, 1.000000
1987.261925, 100.099573, 1.000000
1987.276603, 99.954071, 1.000000
1987.291280, 99.808570, 1.000000
1987.256115, 99.658562, 1.000000
1987.270688, 99.514093, 1.000000
1987.285261, 99.369624, 1.000000
1987.311873, 99.226369, 1.000000
1987.326446, 99.081900, 1.000000
1987.341019, 98.937431, 1.000000
1987.367631, 98.794176, 1.000000
1987.382204, 98.649706, 1.000000
1987.396777, 98.505237, 1.000000
1987.392659, 98.358674, 1.000000
1987.407274, 98.213792, 0.000000
1987.421889, 98.068910, 0.000000
1987.436503, 97.924028, 0.000000
1987.451118, 97.779146, 0.000000
1987.465733, 97.634264, 0.000000
1987.480347, 97.489382, 0.000000
1987.494962, 97.344500, 0.000000
1987.509577, 97.199618, 0.000000
1987.536265, 97.055953, 0.000000
1987.550880, 96.911071, 0.000000
1987.565495, 96.766189, 0.000000
1987.578165, 96.621236, 0.000000
1987.592764, 96.476501, 0.000000
1987.607364, 96.331767, 0.000000
1987.621964, 96.187032, 0.000000
1987.636564, 96.042298, 0.000000
1987.651164, 95.897564, 0.000000
1987.665764, 95.752829, 0.000000
1987.680363, 95.608095, 0.000000
1987.694963, 95.463361, 0.000000
1987.706075, 95.318475, 0.000000
1987.720648, 95.174006, 0.000000
1987.735221, 95.029537, 0.000000
1987.749794, 94.885067, 0.000000
1987.776406, 94.741813, 0.000000
1987.790979, 94.597343, 0.000000
1987.805552, 94.452874, 0.000000
1987.820126, 94.308405, 0.000000
1987.834699, 94.163936, 0.000000
1987.849272, 94.019466, 0.000000
1987.863845, 93.874997, 0.000000
1987.878418, 93.730528, 0.000000
1987.896160, 93.585503, 1.000000
1987.922986, 93.441102, 1.000000
1987.949811, 93.296701, 1.000000
1987.928094, 93.147403, 1.000000
1987.942784, 93.001778, 1.000000
1987.957473, 92.856153, 1.000000
1987.984298, 92.711752, 1.000000
1987.998988, 92.566127, 1.000000
1987.983941, 92.461092, 1.000000
1988.001801, 92.316923, 1.000000
1988.019660, 92.172753, 1.000000
1988.049534, 92.030072, 1.000000
1988.067393, 91.885902, 1.000000
1988.097267, 91.743221, 1.000000
1988.115126, 91.599052, 1.000000
1988.132986, 91.454882, 1.000000
1988.162859, 91.312201, 1.000000
1988.180719, 91.168032, 1.000000
1988.169761, 91.021892, 1.000000
1988.175767, 90.875666, 1.000000
1988.193832, 90.730946, 1.000000
1988.223958, 90.587732, 1.000000
1988.254083, 90.444517, 1.000000
1988.320389, 90.305819, 1.000000
1988.350514, 90.162605, 1.000000
1988.392700, 90.020896, 1.000000
1988.422825, 89.877681, 0.000000
1988.440891, 89.732961, 0.000000
1988.446896, 89.586735, 0.000000
1988.464962, 89.442015, 0.000000
1988.483027, 89.297295, 0.000000
1988.496831, 89.151561, 0.000000
1988.514968, 89.006272, 0.000000
1988.533105, 88.860982, 0.000000
1988.551241, 88.715692, 0.000000
1988.557270, 88.568891, 0.000000
1988.575407, 88.423601, 0.000000
1988.570433, 88.275716, 0.000000
1988.576391, 88.130642, 0.000000
1988.594314, 87.987061, 0.000000
1988.612237, 87.843481, 0.000000
1988.630161, 87.699900, 0.000000
1988.636119, 87.554826, 0.000000
1988.654042, 87.411246, 0.000000
1988.688191, 87.268567, 0.000000
1988.694199, 87.122274, 0.000000
1988.712273, 86.977487, 0.000000
1988.730347, 86.832700, 0.000000
1988.748421, 86.687913, 0.000000
1988.754429, 86.541620, 0.000000
1988.772503, 86.396833, 0.000000
1988.786938, 86.251823, 0.000000
1988.792934, 86.105807, 0.000000
1988.810974, 85.961294, 0.000000
1988.829014, 85.816782, 0.000000
1988.847053, 85.672269, 0.000000
1988.853050, 85.526253, 0.000000
1988.871090, 85.381740, 0.000000
1988.889129, 85.237227, 0.000000
1988.907169, 85.092714, 0.000000
1988.916464, 84.946938, 0.000000
1988.934535, 84.802172, 0.000000
1988.952607, 84.657405, 0.000000
1988.958614, 84.511133, 0.000000
1987.348062, 84.163064, 1.000000
1987.366133, 84.018297, 1.000000
1987.384205, 83.873531, 1.000000
1987.402276, 83.728764, 1.000000
1987.420646, 83.583943, 1.000000
1987.438740, 83.438995, 1.000000
1987.456834, 83.294047, 1.000000
1987.474928, 83.149099, 1.000000
1987.493021, 83.004151, 1.000000
1987.511115, 82.859203, 1.000000
1987.517130, 82.712748, 1.000000
1987.535224, 82.567800, 1.000000
1987.565397, 82.424360, 1.000000
1987.583491, 82.279412, 1.000000
1987.612908, 82.135915, 1.000000
1987.618904, 81.989915, 1.000000
1987.636941, 81.845419, 1.000000
1987.654979, 81.700922, 1.000000
1987.660975, 81.554922, 1.000000
1987.666972, 81.408922, 1.000000
1987.685009, 81.264425, 1.000000
1987.691005, 81.118425, 1.000000
1987.708395, 80.973848, 1.000000
1987.714372, 80.828338, 1.000000
1987.732349, 80.684327, 1.000000
1987.750326, 80.540316, 1.000000
1987.768303, 80.396305, 1.000000
1987.786280, 80.252294, 1.000000
1987.804257, 80.108282, 1.000000
1987.822234, 79.964271, 1.000000
1987.852212, 79.821758, 1.000000
1987.858188, 79.676249, 1.000000
1987.876165, 79.532238, 1.000000
1987.893982, 79.387197, 1.000000
1987.911179, 79.243054, 1.000000
1987.928377, 79.098911, 1.000000
1987.957586, 78.956202, 0.000000
1987.974784, 78.812059, 0.000000
1987.991981, 78.667916, 0.000000
1988.009179, 78.523773, 0.000000
1988.026376, 78.379630, 0.000000
1988.043574, 78.235487, 0.000000
1988.060772, 78.091344, 0.000000
1988.077969, 77.947201, 0.000000
1988.095167, 77.803058, 0.000000
1988.113250, 77.657276, 0.000000
1988.129862, 77.512103, 0.000000
1988.146473, 77.366930, 0.000000
1988.163085, 77.221757, 0.000000
1988.179697, 77.076584, 0.000000
1988.196309, 76.931411, 0.000000
1988.212921, 76.786238, 0.000000
1988.229533, 76.641065, 0.000000
1988.245753, 76.495990, 0.000000
1988.262333, 76.351098, 0.000000
1988.278913, 76.206206, 0.000000
1988.295492, 76.061315, 0.000000
1988.312072, 75.916423, 0.000000
1988.328652, 75.771531, 0.000000
1988.345231, 75.626640, 0.000000
1988.361811, 75.481748, 0.000000
1988.366316, 75.335475, 0.000000
1988.382896, 75.190583, 0.000000
1988.399492, 75.045687, 0.000000
1988.416073, 74.900783, 0.000000
1988.432654, 74.755879, 0.000000
1988.449235, 74.610975, 0.000000
1988.465816, 74.466071, 0.000000
1988.482398, 74.321167, 0.000000
1988.498979, 74.176263, 0.000000
1988.515560, 74.031358, 0.000000
1988.532141, 73.886454, 0.000000
1988.549246, 73.741575, 0.000000
1988.565874, 73.596255, 0.000000
1988.582503, 73.450936, 0.000000
1988.599132, 73.305616, 0.000000
1988.615760, 73.160296, 0.000000
1988.632389, 73.014976, 0.000000
1988.649018, 72.869656, 0.000000
1988.665646, 72.724337, 0.000000
1988.682275, 72.579017, 0.000000
1988.698904, 72.433697, 0.000000
1988.714710, 72.288602, 0.000000
1988.731267, 72.143911, 0.000000
1988.747823, 71.999220, 0.000000
1988.764380, 71.854530, 0.000000
1988.768879, 71.708459, 1.000000
1988.773378, 71.562389, 1.000000
1988.777877, 71.416319, 1.000000
1988.794434, 71.271628, 1.000000
1988.798933, 71.125557, 1.000000
1988.803432, 70.979487, 1.000000
1988.819824, 70.834886, 1.000000
1988.824318, 70.689000, 1.000000
1988.845347, 70.398606, 1.000000
1988.861883, 70.254098, 1.000000
1988.866376, 70.108212, 1.000000
1988.870870, 69.962326, 1.000000
1988.875363, 69.816440, 1.000000
1988.879857, 69.670554, 1.000000
1988.884350, 69.524668, 1.000000
1988.900886, 69.380160, 1.000000
1990.735179, 69.443683, 0.000000
1988.921898, 69.089843, 0.000000
1988.938428, 68.945384, 0.000000
1988.954958, 68.800925, 0.000000
1988.983527, 68.657844, 0.000000
1989.000057, 68.513385, 0.000000
1989.016587, 68.368926, 0.000000
1989.033117, 68.224467, 0.000000
1989.049647, 68.080008, 0.000000
1989.066483, 67.934785, 0.000000
1989.083112, 67.789465, 0.000000
1989.111850, 67.645531, 0.000000
1989.128479, 67.500211, 0.000000
1989.145108, 67.354892, 0.000000
1989.161736, 67.209572, 0.000000
1989.178365, 67.064252, 0.000000
1989.194994, 66.918932, 0.000000
1989.211622, 66.773613, 0.000000
1989.239992, 66.629910, 0.000000
1989.256527, 66.485402, 0.000000
1989.273063, 66.340894, 0.000000
1989.289599, 66.196386, 0.000000
1989.306135, 66.051878, 0.000000
1989.322671, 65.907370, 0.000000
1989.339206, 65.762862, 0.000000
1989.367784, 65.619732, 0.000000
1989.384320, 65.475224, 0.000000
1989.400856, 65.330716, 0.000000
1989.417392, 65.186208, 0.000000
1989.433658, 65.040849, 0.000000
1989.448766, 64.895929, 0.000000
1989.463874, 64.751009, 0.000000
1989.491058, 64.607347, 0.000000
1989.506166, 64.462427, 0.000000
1989.521274, 64.317507, 0.000000
1989.536382, 64.172587, 0.000000
1989.551490, 64.027667, 0.000000
1989.566598, 63.882746, 0.000000
1989.582449, 63.737475, 0.000000
1989.597651, 63.591334, 0.000000
1989.625032, 63.446460, 0.000000
1989.639360, 63.300444, 0.000000
1989.654430, 63.155581, 0.000000
1989.669499, 63.010719, 0.000000
1989.684568, 62.865857, 0.000000
1989.699638, 62.720994, 0.000000
1989.714707, 62.576132, 0.000000
1989.741848, 62.432526, 0.000000
1989.756918, 62.287663, 0.000000
1989.771987, 62.142801, 0.000000
1989.787056, 61.997939, 0.000000
1989.802126, 61.853076, 0.000000
1989.817195, 61.708214, 0.000000
1989.832265, 61.563352, 0.000000
1989.859406, 61.419745, 0.000000
1989.874475, 61.274883, 0.000000
1989.889545, 61.130020, 0.000000
1989.904380, 60.985134, 0.000000
1989.919420, 60.840552, 0.000000
1989.934460, 60.695971, 0.000000
1989.949500, 60.551390, 0.000000
1989.976589, 60.408062, 0.000000
1989.991629, 60.263480, 0.000000
1990.006801, 60.118901, 0.000000
1990.021856, 59.974177, 0.000000
1990.036911, 59.829454, 0.000000
1990.051966, 59.684730, 0.000000
1990.067021, 59.540007, 0.000000
1990.094517, 59.396255, 0.000000
1990.109608, 59.251183, 0.000000
1990.124700, 59.106111, 0.000000
1990.139791, 58.961040, 0.000000
1990.154882, 58.815968, 0.000000
1968.651573, 238.177428, 0.000000
1968.666041, 238.032557, 0.000000
1968.680508, 237.887686, 0.000000
1968.709443, 237.597944, 0.000000
1968.723910, 237.453074, 0.000000
1968.738378, 237.308203, 0.000000
1968.764918, 237.164537, 1.000000
1968.781843, 237.020122, 1.000000
1968.796288, 236.875478, 1.000000
1968.798679, 236.729631, 1.000000
1968.813124, 236.584987, 1.000000
1968.815515, 236.439139, 1.000000
1968.829959, 236.294496, 1.000000
1968.844404, 236.149852, 1.000000
1968.874090, 236.006524, 1.000000
1968.888616, 235.861067, 1.000000
1968.903143, 235.715609, 1.000000
1968.905547, 235.568940, 1.000000
1968.920073, 235.423483, 1.000000
1968.922478, 235.276814, 1.000000
1968.937004, 235.131356, 1.000000
1968.939408, 234.984688, 1.000000
1968.953935, 234.839230, 1.000000
1969.010161, 234.697978, 1.000000
1969.036718, 234.554216, 1.000000
1969.039115, 234.408040, 1.000000
1969.041511, 234.261865, 1.000000
1969.043908, 234.115690, 0.000000
1969.058385, 233.970721, 0.000000
1969.072862, 233.825753, 0.000000
1969.087340, 233.680784, 0.000000
1969.113898, 233.537022, 0.000000
1969.130637, 233.392331, 0.000000
1969.145094, 233.247568, 0.000000
1969.159551, 233.102806, 0.000000
1969.174007, 232.958043, 0.000000
1969.188464, 232.813280, 0.000000
1969.202921, 232.668518, 0.000000
1969.217377, 232.523755, 0.000000
1969.231834, 232.378993, 0.000000
1969.258354, 232.235435, 0.000000
1969.272811, 232.090672, 0.000000
1969.279718, 231.944746, 0.000000
1969.294244, 231.799288, 0.000000
1969.308770, 231.653830, 0.000000
1969.323296, 231.508373, 0.000000
1969.337822, 231.362915, 0.000000
1969.352348, 231.217457, 0.000000
1969.378996, 231.073210, 0.000000
1969.393522, 230.927752, 0.000000
1969.408048, 230.782294, 0.000000
1969.435038, 230.638567, 0.000000
1969.449449, 230.494264, 0.000000
1969.463860, 230.349961, 0.000000
1969.478271, 230.205658, 0.000000
1969.492681, 230.061355, 0.000000
1969.519117, 229.918253, 0.000000
1969.533528, 229.773951, 0.000000
1969.547939, 229.629648, 0.000000
1969.558684, 229.484979, 0.000000
1969.573129, 229.340335, 0.000000
1969.587574, 229.195691, 0.000000
1969.602018, 229.051047, 0.000000
1969.616463, 228.906403, 0.000000
1969.642962, 228.762963, 0.000000
1969.657406, 228.618320, 0.000000
1969.671851, 228.473676, 0.000000
1969.686296, 228.329032, 0.000000
1969.700741, 228.184388, 1.000000
1969.706537, 228.038538, 1.000000
1969.708941, 227.891870, 1.000000
1969.723467, 227.746412, 1.000000
1969.725872, 227.599743, 1.000000
1969.740398, 227.454286, 1.000000
1969.742803, 227.307617, 1.000000
1969.771855, 227.016702, 1.000000
1969.774259, 226.870033, 1.000000
1969.819737, 226.732340, 1.000000
1969.833785, 226.587512, 1.000000
1969.835763, 226.441514, 1.000000
1969.837742, 226.295516, 1.000000
1969.851789, 226.150689, 1.000000
1969.853767, 226.004691, 0.000000
1969.867815, 225.859863, 0.000000
1969.881862, 225.715036, 0.000000
1969.895909, 225.570208, 0.000000
1969.909957, 225.425381, 0.000000
1969.922489, 225.289588, 0.000000
1969.947793, 225.145775, 0.000000
1969.961020, 225.000860, 0.000000
1969.974247, 224.855945, 0.000000
1969.987473, 224.711031, 0.000000
1970.000700, 224.566116, 0.000000
1970.013927, 224.421201, 0.000000
1970.027154, 224.276286, 0.000000
1970.040381, 224.131371, 0.000000
1970.053608, 223.986456, 0.000000
1970.063516, 223.841086, 0.000000
1970.076771, 223.695868, 0.000000
1970.090025, 223.550650, 0.000000
1970.115382, 223.406537, 0.000000
1970.128636, 223.261319, 0.000000
1970.141891, 223.116101, 0.000000
1970.155145, 222.970884, 0.000000
1970.168400, 222.825666, 0.000000
1970.181655, 222.680448, 0.000000
1970.194909, 222.535230, 0.000000
1970.204966, 222.389671, 0.000000
1970.218247, 222.244160, 0.000000
1970.231528, 222.098649, 0.000000
1970.244810, 221.953138, 0.000000
1970.258091, 221.807626, 0.000000
1970.271373, 221.662115, 0.000000
1970.296780, 221.517711, 0.000000
1970.310061, 221.372200, 0.000000
1970.323343, 221.226688, 0.000000
1970.347193, 221.083051, 0.000000
1970.360385, 220.938523, 0.000000
1970.373576, 220.793995, 0.000000
1970.386768, 220.649467, 0.000000
1970.399960, 220.504939, 0.000000
1970.413151, 220.360411, 0.000000
1970.426343, 220.215883, 0.000000
1970.439535, 220.071355, 0.000000
1970.452726, 219.926827, 0.000000
1970.477962, 219.783398, 0.000000
1970.491154, 219.638870, 0.000000
1970.504345, 219.494342, 0.000000
1970.517537, 219.349814, 0.000000
1970.530729, 219.205286, 0.000000
1970.543920, 219.060758, 0.000000
1970.545068, 218.915131, 1.000000
1970.546215, 218.769503, 1.000000
1970.547363, 218.623876, 1.000000
1970.594206, 218.482322, 1.000000
1970.607419, 218.337563, 1.000000
1970.608568, 218.191702, 1.000000
1970.621781, 218.046942, 1.000000
1970.634994, 217.902183, 1.000000
1970.636143, 217.756322, 1.000000
1970.649356, 217.611563, 1.000000
1970.650506, 217.465702, 1.000000
1970.663719, 217.320942, 1.000000
1970.676931, 217.176183, 1.000000
1970.723848, 217.034422, 1.000000
1970.749164, 216.890533, 1.000000
1970.750316, 216.744439, 1.000000
1970.763550, 216.599447, 1.000000
1970.764701, 216.453353, 1.000000
1970.777935, 216.308361, 1.000000
1970.791169, 216.163370, 1.000000
1970.792320, 216.017275, 1.000000
1970.805554, 215.872284, 1.000000
1970.799190, 215.725100, 1.000000
1970.812487, 215.579422, 0.000000
1970.837923, 215.434852, 0.000000
1970.851220, 215.289174, 0.000000
1970.864516, 215.143496, 0.000000
1970.877813, 214.997817, 0.000000
1970.903250, 214.853247, 0.000000
1970.916546, 214.707569, 0.000000
1970.929843, 214.561891, 0.000000
1970.957065, 214.417569, 0.000000
1970.970347, 214.272057, 0.000000
1970.983628, 214.126546, 0.000000
1970.996910, 213.981035, 0.000000
1971.022317, 213.836631, 0.000000
1971.035598, 213.691119, 0.000000
1971.048880, 213.545608, 0.000000
1971.074287, 213.401204, 0.000000
1971.087568, 213.255693, 0.000000
1971.100850, 213.110181, 0.000000
1971.116809, 212.943297, 0.000000
1971.144215, 212.799314, 0.000000
1971.159515, 212.654056, 0.000000
1971.174816, 212.508797, 0.000000
1971.202222, 212.364814, 0.000000
1971.217523, 212.219556, 0.000000
1971.232824, 212.074298, 0.000000
1971.248125, 211.929040, 0.000000
1971.275531, 211.785057, 0.000000
1971.300219, 211.635264, 0.000000
1971.315987, 211.490900, 0.000000
1971.343786, 211.347849, 0.000000
1971.359555, 211.203484, 0.000000
1971.375323, 211.059119, 0.000000
1971.391092, 210.914754, 0.000000
1971.418891, 210.771704, 0.000000
1971.434659, 210.627339, 0.000000
1971.450428, 210.482974, 0.000000
1971.478227, 210.339923, 0.000000
1971.493995, 210.195558, 0.000000
1971.489720, 210.048469, 1.000000
1971.493479, 209.901989, 1.000000
1971.509334, 209.756830, 1.000000
1971.513093, 209.610350, 1.000000
1971.528948, 209.465191, 1.000000
1971.532707, 209.318711, 1.000000
1971.548562, 209.173553, 1.000000
1971.564417, 209.028394, 1.000000
1971.568176, 208.881914, 1.000000
1971.584031, 208.736756, 1.000000
1971.599886, 208.591597, 1.000000
1971.650987, 208.450832, 1.000000
1971.666725, 208.306749, 1.000000
1971.682463, 208.162665, 1.000000
1971.698200, 208.018582, 1.000000
1971.701931, 207.873187, 1.000000
1971.705662, 207.727792, 1.000000
1971.709393, 207.582397, 1.000000
1971.721665, 207.437935, 0.000000
1971.737438, 207.293524, 0.000000
1971.753212, 207.149113, 0.000000
1971.781020, 207.006017, 0.000000
1971.796793, 206.861606, 0.000000
1971.812567, 206.717195, 0.000000
1971.828340, 206.572784, 0.000000
1971.844114, 206.428373, 0.000000
1971.859887, 206.283963, 0.000000
1971.887695, 206.140866, 0.000000
1971.902369, 205.996245, 0.000000
1971.918154, 205.851728, 0.000000
1971.933939, 205.707210, 0.000000
1971.949724, 205.562693, 0.000000
1971.965510, 205.418176, 0.000000
1971.993338, 205.274974, 0.000000
1972.009123, 205.130456, 0.000000
1972.027658, 204.986489, 0.000000
1972.043414, 204.842240, 0.000000
1972.059170, 204.697991, 0.000000
1972.074926, 204.553743, 0.000000
1972.102702, 204.410807, 0.000000
1972.118458, 204.266558, 0.000000
1972.134214, 204.122310, 0.000000
1972.149970, 203.978061, 0.000000
1972.165726, 203.833812, 0.000000
1972.172237, 203.687787, 0.000000
1972.188092, 203.542628, 0.000000
1972.216044, 203.398790, 0.000000
1972.231899, 203.253632, 0.000000
1972.247754, 203.108473, 0.000000
1972.263609, 202.963314, 0.000000
1972.279465, 202.818156, 0.000000
1972.295320, 202.672997, 0.000000
1972.323272, 202.529160, 0.000000
1972.339127, 202.384001, 0.000000
1972.354982, 202.238842, 0.000000
1972.377094, 202.094789, 0.000000
1972.392881, 201.950255, 0.000000
1972.408668, 201.805721, 0.000000
1972.436499, 201.662503, 0.000000
1972.452286, 201.517970, 0.000000
1972.468073, 201.373436, 0.000000
1972.483860, 201.228902, 1.000000
1972.499647, 201.084369, 1.000000
1972.503389, 200.938519, 1.000000
1972.531221, 200.795301, 1.000000
1972.557624, 200.651829, 1.000000
1972.573426, 200.507150, 1.000000
1972.589229, 200.362472, 1.000000
1972.592975, 200.216476, 1.000000
1972.608778, 200.071797, 1.000000
1972.624581, 199.927118, 1.000000
1972.628327, 199.781123, 1.000000
1972.644130, 199.636444, 1.000000
1972.659933, 199.491765, 1.000000
1972.675736, 199.347086, 1.000000
1972.710288, 199.188724, 1.000000
1972.727625, 199.044625, 1.000000
1972.732953, 198.899081, 1.000000
1972.750290, 198.754982, 1.000000
1972.755618, 198.609439, 1.000000
1972.772955, 198.465340, 1.000000
1972.778283, 198.319796, 1.000000
1972.795620, 198.175697, 1.000000
1972.812957, 198.031598, 1.000000
1972.830293, 197.887499, 1.000000
1972.857286, 197.741932, 1.000000
1972.886932, 197.599063, 1.000000
1972.892521, 197.453258, 1.000000
1972.910138, 197.308920, 1.000000
1972.915728, 197.163115, 1.000000
1972.921317, 197.017310, 1.000000
1972.956551, 196.728635, 0.000000
1972.974169, 196.584298, 0.000000
1972.991786, 196.439961, 0.000000
1973.002071, 196.294245, 0.000000
1973.019776, 196.149192, 0.000000
1973.049568, 196.005615, 0.000000
1973.067273, 195.860563, 0.000000
1973.084977, 195.715511, 0.000000
1973.102682, 195.570458, 0.000000
1973.120387, 195.425406, 0.000000
1973.138091, 195.280353, 0.000000
1973.155796, 195.135301, 0.000000
1973.175743, 194.990615, 0.000000
1973.193421, 194.845783, 0.000000
1973.211099, 194.700950, 0.000000
1973.240846, 194.557591, 0.000000
1973.258524, 194.412759, 0.000000
1973.276202, 194.267926, 0.000000
1973.293879, 194.123094, 0.000000
1973.311557, 193.978261, 0.000000
1973.329235, 193.833429, 0.000000
1973.348171, 193.688866, 0.000000
1973.365834, 193.544159, 0.000000
1973.383496, 193.399452, 0.000000
1973.401159, 193.254744, 0.000000
1973.430880, 193.111509, 0.000000
1973.448543, 192.966802, 0.000000
1973.466205, 192.822094, 0.000000
1973.483868, 192.677387, 0.000000
1973.501530, 192.532680, 0.000000
1973.521349, 192.388272, 1.000000
1973.538986, 192.243779, 1.000000
1973.544581, 192.097816, 1.000000
1973.562217, 191.953323, 1.000000
1973.567813, 191.807361, 1.000000
1973.585449, 191.662868, 1.000000
1973.591044, 191.516905, 1.000000
1973.608680, 191.372412, 1.000000
1973.614276, 191.226449, 1.000000
1973.631912, 191.081956, 1.000000
1973.649548, 190.937463, 1.000000
1973.667185, 190.792970, 1.000000
1973.711363, 190.651860, 1.000000
1973.728970, 190.507609, 1.000000
1973.734556, 190.361890, 1.000000
1973.752163, 190.217639, 1.000000
1973.769769, 190.073388, 1.000000
1973.775355, 189.927669, 1.000000
1973.780941, 189.781951, 1.000000
1973.793437, 189.636786, 1.000000
1973.811104, 189.492044, 1.000000
1973.828771, 189.347303, 1.000000
1973.834376, 189.201089, 1.000000
1973.839980, 189.054876, 1.000000
1973.857647, 188.910134, 1.000000
1973.863252, 188.763921, 1.000000
1973.868857, 188.617707, 1.000000
1973.886523, 188.472966, 0.000000
1973.904190, 188.328224, 0.000000
1973.916472, 188.182742, 0.000000
1973.934200, 188.037502, 0.000000
1973.951927, 187.892263, 0.000000
1973.969654, 187.747024, 0.000000
1974.002339, 187.603844, 0.000000
1974.019897, 187.459988, 0.000000
1974.037456, 187.316132, 0.000000
1974.055015, 187.172276, 0.000000
1974.072573, 187.028420, 0.000000
1974.090132, 186.884564, 0.000000
1974.107690, 186.740707, 0.000000
1974.125249, 186.596851, 0.000000
1974.134829, 186.454728, 0.000000
1974.152183, 186.310148, 0.000000
1974.169537, 186.165568, 0.000000
1974.186891, 186.020988, 0.000000
1974.204245, 185.876408, 0.000000
1974.233647, 185.733275, 0.000000
1974.251001, 185.588695, 0.000000
1974.268356, 185.444115, 0.000000
1974.285710, 185.299535, 0.000000
1974.303064, 185.154955, 0.000000
1974.316943, 185.010317, 0.000000
1974.334277, 184.865415, 0.000000
1974.351612, 184.720513, 0.000000
1974.368946, 184.575611, 0.000000
1974.386281, 184.430710, 0.000000
1974.403615, 184.285808, 0.000000
1974.420950, 184.140906, 0.000000
1974.438284, 183.996005, 0.000000
1974.455619, 183.851103, 0.000000
1974.472953, 183.706201, 0.000000
1974.494139, 183.561943, 0.000000
1974.511431, 183.417401, 0.000000
1974.528722, 183.272860, 0.000000
1974.546013, 183.128318, 0.000000
1974.563305, 182.983777, 0.000000
1974.568551, 182.837795, 1.000000
1974.573797, 182.691812, 1.000000
1974.579044, 182.545830, 1.000000
1974.584290, 182.399847, 1.000000
1974.589536, 182.253865, 1.000000
1974.618873, 182.110765, 1.000000
1974.673868, 181.970845, 1.000000
1974.691142, 181.826449, 1.000000
1974.696383, 181.680614, 1.000000
1974.713657, 181.536219, 1.000000
1974.730931, 181.391823, 1.000000
1974.736172, 181.245988, 1.000000
1974.753446, 181.101593, 1.000000
1974.758687, 180.955758, 1.000000
1974.787994, 180.812802, 1.000000
1974.814806, 180.669372, 1.000000
1974.832108, 180.524747, 1.000000
1974.837357, 180.378679, 1.000000
1974.854659, 180.234053, 1.000000
1974.859908, 180.087986, 1.000000
1974.877209, 179.943360, 1.000000
1974.882459, 179.797292, 1.000000
1974.887708, 179.651224, 1.000000
1974.892957, 179.505157, 1.000000
1974.917159, 179.361044, 1.000000
1974.934515, 179.215957, 0.000000
1974.951872, 179.070870, 0.000000
1974.969229, 178.925783, 0.000000
1974.974495, 178.779250, 0.000000
1974.991852, 178.634163, 0.000000
1975.009208, 178.489075, 0.000000
1975.026565, 178.343988, 0.000000
1975.043922, 178.198901, 0.000000
1975.061278, 178.053814, 0.000000
1975.087570, 177.910468, 0.000000
1975.104832, 177.766177, 0.000000
1975.110069, 177.620447, 0.000000
1975.127331, 177.476155, 0.000000
1975.144592, 177.331863, 0.000000
1975.161854, 177.187572, 0.000000
1975.179115, 177.043280, 0.000000
1975.196377, 176.898988, 0.000000
1975.213638, 176.754696, 0.000000
1975.218875, 176.608966, 0.000000
1975.227209, 176.463011, 0.000000
1975.244564, 176.317937, 0.000000
1975.261919, 176.172863, 0.000000
1975.279274, 176.027789, 0.000000
1975.296629, 175.882715, 0.000000
1975.313984, 175.737641, 0.000000
1975.331339, 175.592566, 0.000000
1975.336605, 175.446046, 0.000000
1975.353960, 175.300972, 0.000000
1975.376607, 175.156764, 0.000000
1975.393907, 175.012149, 0.000000
1975.411207, 174.867534, 0.000000
1975.445808, 174.578304, 0.000000
1975.451057, 174.432247, 0.000000
1975.468357, 174.287632, 0.000000
1975.485657, 174.143017, 0.000000
1975.502957, 173.998402, 0.000000
1975.520257, 173.853787, 1.000000
1975.525506, 173.707731, 1.000000
1975.554858, 173.564557, 1.000000
1975.617622, 173.454768, 1.000000
1975.632352, 173.310043, 1.000000
1975.647083, 173.165319, 1.000000
1975.649753, 173.019366, 1.000000
1975.652423, 172.873414, 1.000000
1975.667154, 172.728690, 1.000000
1975.669824, 172.582738, 1.000000
1975.672494, 172.436786, 1.000000
1975.699285, 172.293288, 1.000000
1975.725639, 172.197576, 1.000000
1975.736238, 172.052029, 1.000000
1975.734707, 171.905598, 1.000000
1975.733177, 171.759167, 1.000000
1975.743775, 171.613619, 1.000000
1975.742245, 171.467188, 1.000000
1975.752843, 171.321640, 1.000000
1975.763442, 171.176092, 1.000000
1975.761911, 171.029661, 1.000000
1975.772510, 170.884114, 1.000000
1975.807366, 170.740332, 1.000000
1975.839677, 170.596159, 1.000000
1975.850292, 170.450387, 1.000000
1975.848759, 170.303730, 1.000000
1975.859374, 170.157958, 1.000000
1975.857841, 170.011302, 1.000000
1975.868456, 169.865530, 1.000000
1975.866923, 169.718873, 1.000000
1975.865390, 169.572217, 1.000000
1975.863858, 169.425560, 1.000000
1975.878547, 169.280114, 0.000000
1975.901256, 169.135569, 0.000000
1975.911846, 168.990141, 0.000000
1975.922436, 168.844714, 0.000000
1975.933025, 168.699286, 0.000000
1975.955734, 168.554741, 0.000000
1975.966324, 168.409314, 0.000000
1975.976913, 168.263886, 0.000000
1975.987503, 168.118459, 0.000000
1976.010212, 167.973914, 0.000000
1976.021562, 167.828603, 0.000000
1976.032147, 167.683241, 0.000000
1976.042732, 167.537880, 0.000000
1976.065431, 167.393401, 0.000000
1976.076016, 167.248039, 0.000000
1976.086600, 167.102678, 0.000000
1976.109299, 166.958199, 0.000000
1976.119884, 166.812837, 0.000000
1976.130469, 166.667476, 0.000000
1976.141054, 166.522114, 0.000000
1976.163752, 166.377635, 0.000000
1976.183387, 166.233000, 0.000000
1976.193914, 166.088437, 0.000000
1976.204440, 165.943875, 0.000000
1976.227014, 165.800190, 0.000000
1976.237541, 165.655627, 0.000000
1976.248067, 165.511065, 0.000000
1976.258594, 165.366502, 0.000000
1976.281168, 165.222817, 0.000000
1976.280265, 164.930978, 1.000000
1976.278735, 164.784645, 1.000000
1976.289327, 164.639194, 1.000000
1976.287797, 164.492861, 1.000000
1976.286268, 164.346528, 1.000000
1976.296859, 164.201077, 1.000000
1976.295330, 164.054744, 1.000000
1976.305921, 163.909294, 1.000000
1976.304392, 163.762961, 1.000000
1976.314983, 163.617510, 1.000000
1976.349816, 163.473825, 1.000000
1976.390455, 163.331038, 1.000000
1976.401009, 163.186102, 1.000000
1976.399484, 163.040288, 1.000000
1976.410038, 162.895352, 1.000000
1976.408514, 162.749538, 1.000000
1976.419068, 162.604603, 1.000000
1976.417544, 162.458788, 1.000000
1976.428098, 162.313853, 1.000000
1976.462808, 162.170677, 1.000000
1976.496781, 162.027386, 1.000000
1976.507340, 161.882385, 1.000000
1976.505815, 161.736504, 1.000000
1976.516374, 161.591503, 1.000000
1976.514849, 161.445622, 1.000000
1976.525408, 161.300621, 1.000000
1976.523883, 161.154741, 1.000000
1976.534442, 161.009740, 1.000000
1976.532917, 160.863859, 0.000000
1976.543476, 160.718858, 0.000000
1976.552160, 160.557364, 0.000000
1976.576229, 160.413097, 0.000000
1976.588192, 160.267833, 0.000000
1976.600156, 160.122569, 0.000000
1976.612119, 159.977305, 0.000000
1976.624083, 159.832041, 0.000000
1976.636047, 159.686778, 0.000000
1976.660115, 159.542511, 0.000000
1976.672079, 159.397247, 0.000000
1976.684043, 159.251983, 0.000000
1976.696006, 159.106719, 0.000000
1976.707970, 158.961455, 0.000000
1976.719933, 158.816191, 0.000000
1976.753472, 158.614042, 0.000000
1976.770576, 158.469236, 0.000000
1976.787681, 158.324430, 0.000000
1976.804785, 158.179623, 0.000000
1976.821889, 158.034817, 0.000000
1976.838994, 157.890011, 0.000000
1976.868165, 157.746630, 0.000000
1976.885270, 157.601823, 0.000000
1976.902374, 157.457017, 0.000000
1976.919479, 157.312211, 0.000000
1976.941452, 157.168163, 0.000000
1976.958505, 157.023791, 0.000000
1976.987589, 156.880841, 0.000000
1977.004642, 156.736469, 0.000000
1977.021695, 156.592097, 0.000000
1977.038748, 156.447725, 0.000000
1977.055801, 156.303354, 0.000000
1977.072854, 156.158982, 0.000000
1977.101938, 156.016031, 0.000000
1977.113584, 155.870731, 0.000000
1977.130695, 155.725868, 0.000000
1977.147806, 155.581005, 0.000000
1977.164918, 155.436143, 0.000000
1977.182029, 155.291280, 0.000000
1977.211212, 155.147843, 0.000000
1977.228323, 155.002981, 0.000000
1977.245434, 154.858118, 0.000000
1977.262545, 154.713256, 0.000000
1977.279656, 154.568393, 0.000000
1977.295249, 154.423233, 0.000000
1977.324460, 154.279659, 0.000000
1977.341587, 154.134657, 0.000000
1977.358715, 153.989655, 0.000000
1977.363759, 153.843226, 1.000000
1977.368803, 153.696797, 1.000000
1977.373847, 153.550368, 1.000000
1977.390975, 153.405366, 1.000000
1977.441427, 153.264653, 1.000000
1977.458455, 153.120488, 1.000000
1977.463470, 152.974903, 1.000000
1977.480499, 152.830737, 1.000000
1977.485514, 152.685153, 1.000000
1977.502543, 152.540987, 1.000000
1977.507558, 152.395402, 1.000000
1977.524586, 152.251237, 1.000000
1977.529601, 152.105652, 1.000000
1977.552712, 151.962205, 1.000000
1977.581861, 151.818936, 1.000000
1977.598952, 151.674243, 1.000000
1977.603985, 151.528126, 1.000000
1977.621076, 151.383433, 1.000000
1977.626110, 151.237316, 1.000000
1977.643201, 151.092623, 1.000000
1977.648234, 150.946506, 1.000000
1977.653267, 150.800389, 1.000000
1977.658301, 150.654272, 1.000000
1977.673256, 150.509264, 0.000000
1977.702442, 150.365812, 0.000000
1977.731628, 150.222361, 0.000000
1977.748741, 150.077483, 0.000000
1977.777927, 149.934031, 0.000000
1977.807113, 149.790579, 0.000000
1977.824226, 149.645701, 0.000000
1977.853412, 149.502249, 0.000000
1977.881660, 149.358629, 0.000000
1977.898783, 149.213666, 0.000000
1977.927987, 149.070130, 0.000000
1977.955813, 148.926410, 0.000000
1977.972950, 148.781320, 0.000000
1978.002179, 148.637659, 0.000000
1978.031408, 148.493998, 0.000000
1978.048546, 148.348908, 0.000000
1978.077774, 148.205247, 0.000000
1978.107003, 148.061585, 0.000000
1978.124141, 147.916496, 0.000000
1978.161155, 147.774069, 0.000000
1978.190234, 147.631145, 0.000000
1978.207284, 147.486801, 0.000000
1978.236362, 147.343877, 0.000000
1978.265441, 147.200954, 0.000000
1978.282491, 147.056609, 0.000000
1978.311569, 146.913686, 0.000000
1978.340648, 146.770762, 0.000000
1978.357698, 146.626418, 0.000000
1978.386776, 146.483494, 0.000000
1978.415129, 146.324888, 0.000000
1978.433740, 146.180326, 0.000000
1978.458916, 145.889651, 1.000000
1978.453433, 145.741987, 1.000000
1978.472044, 145.597425, 1.000000
1978.478609, 145.451312, 1.000000
1978.497220, 145.306750, 1.000000
1978.515831, 145.162188, 1.000000
1978.590580, 145.016943, 1.000000
1978.634207, 144.875194, 1.000000
1978.641587, 144.728579, 1.000000
1978.661049, 144.583586, 1.000000
1978.680510, 144.438593, 1.000000
1978.687890, 144.291978, 1.000000
1978.707351, 144.146985, 1.000000
1978.726813, 144.001992, 1.000000
1978.746275, 143.856999, 1.000000
1978.790433, 143.715345, 1.000000
1978.809888, 143.570407, 1.000000
1978.829342, 143.425469, 1.000000
1978.848797, 143.280531, 1.000000
1978.856173, 143.133972, 1.000000
1978.875628, 142.989035, 1.000000
1978.883004, 142.842476, 0.000000
1978.902458, 142.697538, 0.000000
1978.921913, 142.552600, 0.000000
1978.952393, 142.410007, 0.000000
1978.959712, 142.264594, 0.000000
1978.979014, 142.120789, 0.000000
1978.998317, 141.976984, 0.000000
1979.017619, 141.833179, 0.000000
1979.036922, 141.689374, 0.000000
1979.056224, 141.545569, 0.000000
1979.070443, 141.400819, 0.000000
1979.077788, 141.254884, 0.000000
1979.097160, 141.110563, 0.000000
1979.116531, 140.966242, 0.000000
1979.135903, 140.821921, 0.000000
1979.155275, 140.677600, 0.000000
1979.174647, 140.533279, 0.000000
1979.194018, 140.388958, 0.000000
1979.201363, 140.243022, 0.000000
1979.220735, 140.098701, 0.000000
1979.240107, 139.954380, 0.000000
1979.259478, 139.810059, 0.000000
1979.277516, 139.665457, 0.000000
1979.296906, 139.521003, 0.000000
1979.316295, 139.376548, 0.000000
1979.335685, 139.232093, 0.000000
1979.343037, 139.086023, 0.000000
1979.362426, 138.941568, 0.000000
1979.381816, 138.797114, 0.000000
1979.401206, 138.652659, 0.000000
1979.422635, 138.508633, 0.000000
1979.441997, 138.364381, 0.000000
1979.461360, 138.220129, 0.000000
1979.468701, 138.074263, 0.000000
1979.488064, 137.930011, 0.000000
1979.507426, 137.785759, 0.000000
1979.560673, 137.499204, 1.000000
1979.592003, 137.356809, 1.000000
1979.599332, 137.211192, 1.000000
1979.618661, 137.067186, 1.000000
1979.637991, 136.923180, 1.000000
1979.645320, 136.777563, 1.000000
1979.664649, 136.633557, 1.000000
1979.671978, 136.487940, 1.000000
1979.691307, 136.343934, 1.000000
1979.722637, 136.201539, 1.000000
1979.772881, 136.061334, 1.000000
1979.792279, 135.916815, 1.000000
1979.811677, 135.772295, 1.000000
1979.831076, 135.627776, 1.000000
1979.838431, 135.481640, 1.000000
1979.857829, 135.337120, 1.000000
1979.865184, 135.190985, 1.000000
1980.803476, 125.962045, 1.000000
1980.863719, 125.822096, 1.000000
1980.902946, 125.679695, 1.000000
1980.918021, 125.534781, 1.000000
1980.933095, 125.389868, 1.000000
1980.936094, 125.243698, 1.000000
1980.951169, 125.098784, 1.000000
1980.954167, 124.952615, 1.000000
1980.969242, 124.807701, 1.000000
1980.984317, 124.662788, 1.000000
1980.987315, 124.516618, 1.000000
1981.002390, 124.371705, 1.000000
1981.015478, 124.226473, 0.000000
1981.030572, 124.081371, 0.000000
1981.045667, 123.936269, 0.000000
1981.060761, 123.791166, 0.000000
1981.075855, 123.646064, 0.000000
1981.090950, 123.500962, 0.000000
1981.106044, 123.355860, 0.000000
1981.121138, 123.210757, 0.000000
1981.136233, 123.065655, 0.000000
1981.151327, 122.920553, 0.000000
1981.166422, 122.775450, 0.000000
1981.181516, 122.630348, 0.000000
1981.196610, 122.485246, 0.000000
1981.216694, 122.341104, 0.000000
1981.231739, 122.196477, 0.000000
1981.246784, 122.051850, 0.000000
1981.261829, 121.907224, 0.000000
1981.276874, 121.762597, 0.000000
1981.291918, 121.617971, 0.000000
1981.306963, 121.473344, 0.000000
1981.322008, 121.328718, 0.000000
1981.349105, 121.185345, 0.000000
1981.364150, 121.040719, 0.000000
1981.379195, 120.896092, 0.000000
1981.394240, 120.751465, 0.000000
1981.409285, 120.606839, 0.000000
1981.424329, 120.462212, 0.000000
1981.439374, 120.317586, 0.000000
1981.454419, 120.172959, 0.000000
1981.469464, 120.028333, 0.000000
1981.484509, 119.883706, 0.000000
1981.499554, 119.739080, 0.000000
1981.514599, 119.594453, 0.000000
1981.530473, 119.422377, 0.000000
1981.548120, 119.277602, 0.000000
1981.565766, 119.132828, 0.000000
1981.583412, 118.988053, 0.000000
1981.618705, 118.698504, 0.000000
1981.636351, 118.553729, 0.000000
1981.653997, 118.408955, 0.000000
1981.671643, 118.264180, 0.000000
1981.689289, 118.119406, 1.000000
1981.682807, 117.971690, 1.000000
1981.700453, 117.826915, 1.000000
1981.706034, 117.680670, 1.000000
1981.711616, 117.534425, 1.000000
1981.729262, 117.389651, 1.000000
1981.746909, 117.244876, 1.000000
1981.752490, 117.098631, 1.000000
1981.770136, 116.953856, 1.000000
1981.787783, 116.809082, 1.000000
1981.793364, 116.662837, 1.000000
1981.811011, 116.518062, 1.000000
1981.828657, 116.373287, 1.000000
1981.834238, 116.227042, 1.000000
1981.851885, 116.082268, 1.000000
1981.857466, 115.936023, 1.000000
1981.875113, 115.791248, 1.000000
1981.880694, 115.645003, 1.000000
1982.013026, 115.511733, 1.000000
1982.067312, 115.370871, 1.000000
1982.073149, 115.224026, 1.000000
1982.091098, 115.078677, 1.000000
1982.109047, 114.933327, 1.000000
1982.114883, 114.786483, 1.000000
1982.120720, 114.639638, 1.000000
1982.138669, 114.494289, 1.000000
1982.195807, 114.207661, 0.000000
1982.213644, 114.063212, 0.000000
1982.231482, 113.918763, 0.000000
1982.261357, 113.775801, 0.000000
1982.279195, 113.631352, 0.000000
1982.297033, 113.486903, 0.000000
1982.314871, 113.342454, 0.000000
1982.328235, 113.197118, 0.000000
1982.346127, 113.052229, 0.000000
1982.364019, 112.907340, 0.000000
1982.393986, 112.763942, 0.000000
1982.411878, 112.619052, 0.000000
1982.429770, 112.474163, 0.000000
1982.447662, 112.329274, 0.000000
1982.463931, 112.184117, 0.000000
1982.481843, 112.039067, 0.000000
1982.499755, 111.894017, 0.000000
1982.529754, 111.750460, 0.000000
1982.547666, 111.605411, 0.000000
1982.565578, 111.460361, 0.000000
1982.583490, 111.315312, 0.000000
1982.601402, 111.170262, 0.000000
1982.619314, 111.025212, 0.000000
1982.637226, 110.880163, 0.000000
1982.667225, 110.736606, 0.000000
1982.684774, 110.591486, 0.000000
1982.702690, 110.446400, 0.000000
1982.720607, 110.301314, 0.000000
1982.738523, 110.156228, 0.000000
1982.756440, 110.011141, 0.000000
1982.774356, 109.866055, 0.000000
1982.804363, 109.722462, 0.000000
1982.822279, 109.577375, 0.000000
1982.840196, 109.432289, 0.000000
1982.865248, 109.288761, 1.000000
1982.883075, 109.144403, 1.000000
1982.888871, 108.998559, 1.000000
1982.906698, 108.854201, 1.000000
1982.912495, 108.708357, 1.000000
1982.930321, 108.563998, 1.000000
1982.948148, 108.419640, 1.000000
1982.953944, 108.273796, 1.000000
1982.971771, 108.129437, 1.000000
1983.020435, 107.988797, 1.000000
1983.050401, 107.845399, 1.000000
1983.068293, 107.700510, 1.000000
1983.074111, 107.554130, 1.000000
1983.092004, 107.409240, 1.000000
1983.097822, 107.262860, 1.000000
1983.115714, 107.117971, 1.000000
1983.121532, 106.971591, 1.000000
1983.151498, 106.828193, 1.000000
1983.233806, 106.692110, 1.000000
1983.251491, 106.548899, 1.000000
1983.269176, 106.405688, 1.000000
1983.299671, 106.289320, 1.000000
1983.350860, 106.148838, 0.000000
1983.365983, 106.004576, 0.000000
1983.381107, 105.860313, 0.000000
1983.396230, 105.716050, 0.000000
1983.411354, 105.571788, 0.000000
1983.426477, 105.427525, 0.000000
1983.441601, 105.283263, 0.000000
1983.456724, 105.139000, 0.000000
1983.471848, 104.994737, 0.000000
1983.474717, 104.853792, 0.000000
1983.489400, 104.708232, 0.000000
1983.504083, 104.562673, 0.000000
1983.518766, 104.417113, 0.000000
1983.533449, 104.271553, 0.000000
1983.548132, 104.125994, 0.000000
1983.562815, 103.980434, 0.000000
1983.577499, 103.834875, 0.000000
1983.592182, 103.689315, 0.000000
1983.614677, 103.545189, 0.000000
1983.641333, 103.401697, 0.000000
1983.655930, 103.256989, 0.000000
1983.670528, 103.112281, 0.000000
1983.685125, 102.967573, 0.000000
1983.699722, 102.822865, 0.000000
1983.714319, 102.678157, 0.000000
1983.728916, 102.533449, 0.000000
1983.743513, 102.388741, 0.000000
1983.758111, 102.244033, 0.000000
1983.765968, 102.098146, 0.000000
1983.780640, 101.952697, 0.000000
1983.795312, 101.807248, 0.000000
1983.809984, 101.661800, 0.000000
1983.824656, 101.516351, 0.000000
1983.839328, 101.370902, 0.000000
1983.854000, 101.225453, 0.000000
1983.868671, 101.080005, 0.000000
1983.883343, 100.934556, 0.000000
1983.898015, 100.789107, 0.000000
1983.902637, 100.495619, 1.000000
1983.905190, 100.348895, 1.000000
1983.907742, 100.202170, 1.000000
1983.910294, 100.055446, 1.000000
1983.912846, 99.908722, 1.000000
1983.927523, 99.763221, 1.000000
1983.942200, 99.617719, 1.000000
1983.956877, 99.472218, 1.000000
1984.017595, 99.331882, 1.000000
1984.032168, 99.187413, 1.000000
1984.046741, 99.042944, 1.000000
1984.049275, 98.897260, 1.000000
1984.063848, 98.752791, 1.000000
1984.066382, 98.607107, 1.000000
1984.080955, 98.462638, 1.000000
1984.095528, 98.318169, 1.000000
1984.110102, 98.173699, 1.000000
1984.156960, 98.032278, 1.000000
1984.183648, 97.888614, 1.000000
1984.186190, 97.742514, 1.000000
1984.188731, 97.596414, 1.000000
1984.203346, 97.451532, 1.000000
1984.205887, 97.305432, 1.000000
1984.220502, 97.160550, 0.000000
1984.235116, 97.015668, 0.000000
1984.237657, 96.869568, 0.000000
1984.252272, 96.724686, 0.000000
1984.266887, 96.579804, 0.000000
1984.281502, 96.434922, 0.000000
1984.297519, 96.290306, 0.000000
1984.300058, 96.144355, 0.000000
1984.314658, 95.999621, 0.000000
1984.329258, 95.854886, 0.000000
1984.343857, 95.710152, 0.000000
1984.358457, 95.565418, 0.000000
1984.360996, 95.419467, 0.000000
1984.375596, 95.274732, 0.000000
1984.390196, 95.129998, 0.000000
1984.407360, 94.985723, 0.000000
1984.421933, 94.841254, 0.000000
1984.424467, 94.695570, 0.000000
1984.439040, 94.551101, 0.000000
1984.453613, 94.406632, 0.000000
1984.468186, 94.262162, 0.000000
1984.482759, 94.117693, 0.000000
1984.485293, 93.972009, 0.000000
1984.499866, 93.827540, 0.000000
1984.514439, 93.683071, 0.000000
1984.529012, 93.538602, 0.000000
1984.531546, 93.392918, 0.000000
1984.534649, 93.246416, 0.000000
1984.549339, 93.100791, 0.000000
1984.564029, 92.955166, 0.000000
1984.578718, 92.809541, 0.000000
1984.581273, 92.662692, 0.000000
1984.595962, 92.517067, 0.000000
1984.610652, 92.371442, 0.000000
1984.637477, 92.227041, 1.000000
1984.692071, 92.053301, 1.000000
1984.721945, 91.910620, 1.000000
1984.727790, 91.764962, 1.000000
1984.745650, 91.620792, 1.000000
1984.751495, 91.475135, 1.000000
1984.769354, 91.330965, 1.000000
1984.775200, 91.185307, 1.000000
1984.781045, 91.039649, 1.000000
1984.798905, 90.895480, 1.000000
1984.828778, 90.752799, 1.000000
1984.901501, 90.613913, 1.000000
1984.943687, 90.472204, 1.000000
1984.949692, 90.325978, 1.000000
1984.967758, 90.181258, 1.000000
1984.973763, 90.035033, 1.000000
1984.979769, 89.888807, 1.000000
1984.997834, 89.744087, 1.000000
1985.003840, 89.597862, 1.000000
1985.021905, 89.453142, 1.000000
1985.027911, 89.306916, 1.000000
1985.045976, 89.162196, 1.000000
1985.051982, 89.015971, 1.000000
1985.082107, 88.872756, 1.000000
1985.094629, 88.726862, 0.000000
1985.112766, 88.581572, 0.000000
1985.130902, 88.436283, 0.000000
1985.149039, 88.290993, 0.000000
1985.179283, 88.147214, 0.000000
1985.197420, 88.001925, 0.000000
1985.232186, 87.859000, 0.000000
1985.250110, 87.715420, 0.000000
1985.268033, 87.571839, 0.000000
1985.285956, 87.428259, 0.000000
1985.303879, 87.284678, 0.000000
1985.321803, 87.141098, 0.000000
1985.339726, 86.997517, 0.000000
1985.346023, 86.851362, 0.000000
1985.376163, 86.708081, 0.000000
1985.394236, 86.563294, 0.000000
1985.412310, 86.418507, 0.000000
1985.430384, 86.273720, 0.000000
1985.448458, 86.128933, 0.000000
1985.466532, 85.984146, 0.000000
1985.487228, 85.839919, 0.000000
1985.505268, 85.695406, 0.000000
1985.523307, 85.550893, 0.000000
1985.541347, 85.406380, 0.000000
1985.571429, 85.263371, 0.000000
1985.589469, 85.118858, 0.000000
1985.607509, 84.974345, 0.000000
1985.625548, 84.829832, 0.000000
1985.643588, 84.685319, 0.000000
1985.659217, 84.540334, 0.000000
1985.677289, 84.395567, 0.000000
1985.695360, 84.250801, 0.000000
1985.713431, 84.106034, 0.000000
1985.731502, 83.961268, 0.000000
1985.761638, 83.818007, 0.000000
1985.779709, 83.673241, 0.000000
1985.797780, 83.528474, 0.000000
1985.814140, 83.383402, 0.000000
1985.832234, 83.238454, 0.000000
1985.850327, 83.093506, 1.000000
1985.844263, 82.945542, 1.000000
1985.850278, 82.799087, 1.000000
1985.856293, 82.652631, 1.000000
1985.874387, 82.507683, 1.000000
1985.880402, 82.361227, 1.000000
1985.898496, 82.216279, 1.000000
1985.916590, 82.071331, 1.000000
1985.963236, 81.929986, 1.000000
1985.993315, 81.786992, 1.000000
1986.011352, 81.642495, 1.000000
1986.017349, 81.496495, 1.000000
1986.035386, 81.351999, 1.000000
1986.041382, 81.205999, 1.000000
1986.059420, 81.061502, 1.000000
1986.065416, 80.915502, 1.000000
1986.100271, 80.773104, 1.000000
1986.118248, 80.629093, 1.000000
1986.124224, 80.483584, 1.000000
1986.130200, 80.338075, 1.000000
1986.148177, 80.194063, 1.000000
1986.166154, 80.050052, 0.000000
1986.184131, 79.906041, 0.000000
1986.202108, 79.762030, 0.000000
1986.220085, 79.618019, 0.000000
1986.238062, 79.474008, 0.000000
1986.256039, 79.329996, 0.000000
1986.272374, 79.193725, 0.000000
1986.289571, 79.049582, 0.000000
1986.294757, 78.904006, 0.000000
1986.311954, 78.759863, 0.000000
1986.329152, 78.615720, 0.000000
1986.346349, 78.471577, 0.000000
1986.363547, 78.327434, 0.000000
1986.380745, 78.183291, 0.000000
1986.397942, 78.039148, 0.000000
1986.415140, 77.895005, 0.000000
1986.432337, 77.750862, 0.000000
1986.449535, 77.606719, 0.000000
1986.455858, 77.467624, 0.000000
1986.472470, 77.322451, 0.000000
1986.489082, 77.177278, 0.000000
1986.505694, 77.032105, 0.000000
1986.522305, 76.886932, 0.000000
1986.538917, 76.741759, 0.000000
1986.543431, 76.595201, 0.000000
1986.560043, 76.450028, 0.000000
1986.579499, 76.305323, 0.000000
1986.596079, 76.160432, 0.000000
1986.612659, 76.015540, 0.000000
1986.629238, 75.870648, 0.000000
1986.645818, 75.725757, 0.000000
1986.662398, 75.580865, 0.000000
1986.678977, 75.435974, 0.000000
1986.695557, 75.291082, 0.000000
1986.712137, 75.146190, 0.000000
1986.728717, 75.001299, 0.000000
1986.745170, 74.856386, 0.000000
1986.761751, 74.711482, 0.000000
1986.778333, 74.566578, 0.000000
1986.794914, 74.421674, 0.000000
1986.799419, 74.275388, 0.000000
1986.816000, 74.130484, 0.000000
1986.832582, 73.985580, 0.000000
1986.849163, 73.840676, 0.000000
1986.865744, 73.695772, 0.000000
1986.878068, 73.550345, 0.000000
1986.894697, 73.405026, 0.000000
1986.911325, 73.259706, 0.000000
1986.927954, 73.114386, 1.000000
1986.932473, 72.967681, 1.000000
1986.949101, 72.822361, 1.000000
1986.953620, 72.675655, 1.000000
1986.958139, 72.528950, 1.000000
1986.974767, 72.383630, 1.000000
1986.991396, 72.238310, 1.000000
1987.050767, 72.098200, 1.000000
1987.079381, 71.954889, 1.000000
1987.083880, 71.808819, 1.000000
1987.100437, 71.664128, 1.000000
1987.104936, 71.518058, 1.000000
1987.121493, 71.373367, 1.000000
1987.125992, 71.227296, 1.000000
1987.142549, 71.082606, 1.000000
1987.147048, 70.936535, 1.000000
1987.175662, 70.793224, 1.000000
1987.230236, 70.652992, 1.000000
1987.270857, 70.511240, 1.000000
1987.291886, 70.220846, 0.000000
1987.308422, 70.076338, 0.000000
1987.324958, 69.931830, 0.000000
1987.341493, 69.787322, 0.000000
1987.358029, 69.642814, 0.000000
1987.386607, 69.499684, 0.000000
1987.403143, 69.355176, 0.000000
1987.419679, 69.210668, 0.000000
1987.436703, 69.066245, 0.000000
1987.453233, 68.921786, 0.000000
1987.469764, 68.777327, 0.000000
1987.486294, 68.632868, 0.000000
1987.502824, 68.488410, 0.000000
1987.519354, 68.343951, 0.000000
1987.535884, 68.199492, 0.000000
1987.552414, 68.055033, 0.000000
1987.580983, 67.911952, 0.000000
1987.589065, 67.765727, 0.000000
1987.605694, 67.620407, 0.000000
1987.622323, 67.475087, 0.000000
1987.638951, 67.329768, 0.000000
1987.655580, 67.184448, 0.000000
1987.672209, 67.039128, 0.000000
1987.688837, 66.893808, 0.000000
1987.705466, 66.748488, 0.000000
1987.722095, 66.603169, 0.000000
1987.746742, 66.459041, 0.000000
1987.775320, 66.315911, 0.000000
1987.791856, 66.171403, 0.000000
1987.808392, 66.026895, 0.000000
1987.824928, 65.882387, 0.000000
1987.841464, 65.737879, 0.000000
1987.857999, 65.593371, 1.000000
1987.874535, 65.448863, 1.000000
1987.879029, 65.302977, 1.000000
1987.883522, 65.157091, 1.000000
1987.900058, 65.012583, 1.000000
1987.936149, 64.884734, 1.000000
1987.963334, 64.741073, 1.000000
1987.966365, 64.594893, 1.000000
1987.981473, 64.449973, 1.000000
1987.984504, 64.303794, 1.000000
1987.999612, 64.158874, 1.000000
1988.002643, 64.012695, 1.000000
1988.017751, 63.867774, 1.000000
1988.032859, 63.722854, 1.000000
1988.060151, 63.579117, 1.000000
1988.075353, 63.432976, 1.000000
1988.090555, 63.286835, 1.000000
1988.118306, 63.142215, 1.000000
1988.133375, 62.997353, 1.000000
1988.148444, 62.852491, 1.000000
1988.151442, 62.706373, 1.000000
1988.166511, 62.561510, 1.000000
1988.169509, 62.415392, 1.000000
1988.172506, 62.269274, 1.000000
1988.187576, 62.124412, 1.000000
1988.202645, 61.979549, 0.000000
1988.217715, 61.834687, 0.000000
1988.244856, 61.691080, 0.000000
1988.259925, 61.546218, 0.000000
1988.274995, 61.401356, 0.000000
1988.290064, 61.256493, 0.000000
1988.305133, 61.111631, 0.000000
1988.320203, 60.966769, 0.000000
1988.350131, 60.823452, 0.000000
1988.365171, 60.678871, 0.000000
1988.380211, 60.534289, 0.000000
1988.395251, 60.389708, 0.000000
1988.410291, 60.245127, 0.000000
1988.425331, 60.100545, 0.000000
1988.451023, 59.957060, 0.000000
1988.466078, 59.812337, 0.000000
1988.481133, 59.667613, 0.000000
1988.496188, 59.522890, 0.000000
1988.511243, 59.378166, 0.000000
1988.522907, 59.232767, 0.000000
1988.550087, 59.088953, 0.000000
1988.565179, 58.943881, 0.000000
1988.580270, 58.798810, 0.000000
1988.595361, 58.653738, 0.000000
