2113.113717, 456.860158, 1.000000
2113.026943, 456.504440, 1.000000
2113.032443, 456.650216, 1.000000
2113.037943, 456.795992, 1.000000
2113.055469, 456.940307, 1.000000
2113.060969, 457.086083, 1.000000
2113.078495, 457.230399, 1.000000
2113.108048, 457.373254, 1.000000
2113.187283, 457.766223, 1.000000
2113.221630, 457.907153, 1.000000
2113.244233, 458.050946, 1.000000
2113.266836, 458.194738, 1.000000
2113.301183, 458.335669, 1.000000
2113.323786, 458.479461, 1.000000
2113.358133, 458.620391, 1.000000
2113.392480, 458.761322, 1.000000
2113.466027, 458.892532, 1.000000
2113.500309, 459.033194, 1.000000
2113.522869, 459.176713, 1.000000
2113.545429, 459.320231, 1.000000
2113.579710, 459.460893, 1.000000
2113.602270, 459.604411, 1.000000
2113.636552, 459.745073, 1.000000
2113.659435, 459.888496, 0.000000
2113.693711, 460.029136, 0.000000
2113.727988, 460.169777, 0.000000
2113.762264, 460.310417, 0.000000
2113.808260, 460.448201, 0.000000
2113.842537, 460.588841, 0.000000
2113.872647, 460.730497, 0.000000
2113.906991, 460.871412, 0.000000
2113.941334, 461.012327, 0.000000
2113.975677, 461.153242, 0.000000
2114.010021, 461.294157, 0.000000
2114.044364, 461.435072, 0.000000
2114.078707, 461.575987, 0.000000
2114.124794, 461.714040, 0.000000
2114.158907, 461.855011, 0.000000
2114.193254, 461.995941, 0.000000
2114.227601, 462.136872, 0.000000
2114.261948, 462.277802, 0.000000
2114.296295, 462.418732, 0.000000
2114.330642, 462.559662, 0.000000
2114.364989, 462.700593, 0.000000
2114.399336, 462.841523, 0.000000
2114.445428, 462.979591, 0.000000
2114.484060, 463.119195, 0.000000
2114.518336, 463.259836, 0.000000
2114.552612, 463.400476, 0.000000
2114.586889, 463.541116, 0.000000
2114.621165, 463.681757, 0.000000
2114.655442, 463.822397, 0.000000
2114.685380, 463.964146, 0.000000
2114.731472, 464.102214, 0.000000
2114.765819, 464.243144, 0.000000
2114.800166, 464.384074, 0.000000
2114.834513, 464.525004, 0.000000
2114.868860, 464.665935, 0.000000
2114.903207, 464.806865, 1.000000
2114.937554, 464.947795, 1.000000
2115.023101, 465.076222, 1.000000
2115.080817, 465.211149, 1.000000
2115.103374, 465.354646, 1.000000
2115.137650, 465.495286, 1.000000
2115.160207, 465.638783, 1.000000
2115.182763, 465.782280, 1.000000
2115.228760, 465.920064, 1.000000
2115.305807, 466.050382, 1.000000
2115.351899, 466.188450, 1.000000
2115.374502, 466.332243, 1.000000
2115.397105, 466.476035, 1.000000
2115.419708, 466.619828, 1.000000
2115.454055, 466.760758, 1.000000
2115.464913, 466.907413, 0.000000
2115.499260, 467.048343, 0.000000
2115.537819, 467.188170, 0.000000
2115.583815, 467.325954, 0.000000
2115.618092, 467.466595, 0.000000
2115.652368, 467.607235, 0.000000
2115.686644, 467.747875, 0.000000
2115.720921, 467.888516, 0.000000
2115.766917, 468.026299, 0.000000
2115.728615, 467.762814, 0.000000
2115.734719, 467.907512, 0.000000
2115.740823, 468.052209, 0.000000
2115.746927, 468.196907, 0.000000
2115.765089, 468.341096, 0.000000
2115.771193, 468.485793, 0.000000
2115.777297, 468.630491, 0.000000
2115.782149, 468.892747, 0.000000
2115.796449, 469.037722, 0.000000
2115.810748, 469.182698, 0.000000
2115.837128, 469.326482, 0.000000
2115.851427, 469.471457, 0.000000
2115.865727, 469.616433, 0.000000
2115.873120, 469.762130, 0.000000
2115.887467, 469.907590, 0.000000
2115.913936, 470.051855, 0.000000
2115.928283, 470.197315, 0.000000
2115.942630, 470.342776, 0.000000
2115.956977, 470.488236, 0.000000
2115.971324, 470.633696, 0.000000
2115.997793, 470.777961, 0.000000
2116.019978, 470.922413, 0.000000
2116.034270, 471.067315, 0.000000
2116.048562, 471.212217, 0.000000
2116.062854, 471.357120, 0.000000
2116.089221, 471.500831, 0.000000
2116.103513, 471.645733, 0.000000
2116.110906, 471.791357, 0.000000
2116.137363, 471.935557, 1.000000
2116.139587, 472.082147, 1.000000
2116.141812, 472.228737, 1.000000
2116.144036, 472.375327, 1.000000
2116.146260, 472.521918, 1.000000
2116.148485, 472.668508, 1.000000
2116.162825, 472.813903, 1.000000
2116.274096, 472.949738, 1.000000
2116.300553, 473.093938, 1.000000
2116.302777, 473.240528, 1.000000
2116.305001, 473.387118, 1.000000
2116.307226, 473.533708, 1.000000
2116.309450, 473.680299, 1.000000
2116.311674, 473.826889, 1.000000
2116.338131, 473.971089, 1.000000
2116.431756, 474.108374, 1.000000
2116.446048, 474.253276, 1.000000
2116.448265, 474.399369, 1.000000
2116.438406, 474.546653, 0.000000
2116.452698, 474.691555, 0.000000
2116.466990, 474.836457, 0.000000
2116.473667, 474.982251, 0.000000
2116.488014, 475.127712, 0.000000
2116.502361, 475.273172, 0.000000
2116.516708, 475.418632, 0.000000
2116.531055, 475.564093, 0.000000
2116.545402, 475.709553, 0.000000
2116.559749, 475.855013, 0.000000
2116.574096, 476.000473, 0.000000
2116.596040, 476.144856, 0.000000
2116.610332, 476.289758, 0.000000
2116.624624, 476.434660, 0.000000
2116.638915, 476.579562, 0.000000
2116.667499, 476.869366, 0.000000
2116.672338, 477.015375, 0.000000
2116.686699, 477.160970, 0.000000
2116.701059, 477.306565, 0.000000
2116.715419, 477.452160, 0.000000
2116.729780, 477.597755, 0.000000
2116.744140, 477.743350, 0.000000
2116.758500, 477.888945, 0.000000
2116.772860, 478.034540, 0.000000
2116.797611, 478.178532, 0.000000
2116.811896, 478.323362, 0.000000
2116.826180, 478.468193, 0.000000
2116.840465, 478.613024, 0.000000
2116.854750, 478.757854, 0.000000
2116.869035, 478.902685, 0.000000
2116.886495, 478.613462, 0.000000
2116.869045, 478.757287, 0.000000
2116.851594, 478.901111, 0.000000
2116.834144, 479.044935, 0.000000
2116.816693, 479.188759, 0.000000
2116.799242, 479.332584, 0.000000
2116.781792, 479.476408, 0.000000
2116.754942, 479.676637, 1.000000
2116.729489, 479.820305, 1.000000
2116.691971, 479.962859, 1.000000
2116.666518, 480.106527, 1.000000
2116.628999, 480.249081, 1.000000
2116.591480, 480.391634, 1.000000
2116.578093, 480.536418, 1.000000
2116.646605, 480.688430, 1.000000
2116.621272, 480.831419, 1.000000
2116.595939, 480.974409, 1.000000
2116.570606, 481.117398, 1.000000
2116.533265, 481.259276, 1.000000
2116.519941, 481.403376, 1.000000
2116.522901, 481.549119, 1.000000
2116.521579, 481.694881, 1.000000
2116.496150, 481.838414, 1.000000
2116.458667, 481.980833, 1.000000
2116.421184, 482.123251, 1.000000
2116.383701, 482.265670, 1.000000
2116.346218, 482.408088, 1.000000
2116.320789, 482.551621, 0.000000
2116.288061, 482.695353, 0.000000
2116.262403, 482.840175, 0.000000
2116.248908, 482.986122, 0.000000
2116.235413, 483.132069, 0.000000
2116.221917, 483.278016, 0.000000
2116.196260, 483.422838, 0.000000
2116.206160, 483.570295, 0.000000
2116.192809, 483.714686, 0.000000
2116.179458, 483.859077, 0.000000
2116.166106, 484.003468, 0.000000
2116.140722, 484.146747, 0.000000
2116.127371, 484.291138, 0.000000
2116.114019, 484.435529, 0.000000
2116.100668, 484.579920, 0.000000
2116.051617, 484.721795, 0.000000
2116.038121, 484.867742, 0.000000
2116.024626, 485.013689, 0.000000
2116.011131, 485.159635, 0.000000
2115.985473, 485.304458, 0.000000
2115.971978, 485.450405, 0.000000
2115.977293, 485.597780, 0.000000
2115.963912, 485.742496, 0.000000
2115.950530, 485.887211, 0.000000
2115.925089, 486.030811, 0.000000
2115.911708, 486.175526, 0.000000
2115.898327, 486.320242, 0.000000
2115.884945, 486.464957, 0.000000
2115.859504, 486.608557, 0.000000
2115.855659, 486.753688, 0.000000
2115.842335, 486.897788, 0.000000
2115.829010, 487.041887, 0.000000
2115.815686, 487.185987, 0.000000
2115.790353, 487.328976, 0.000000
2115.777029, 487.473075, 0.000000
2115.758204, 487.616845, 0.000000
2115.744847, 487.761298, 0.000000
2115.719452, 487.904638, 0.000000
2115.706095, 488.049091, 0.000000
2115.692738, 488.193544, 0.000000
2115.679381, 488.337998, 0.000000
2115.653986, 488.481338, 0.000000
2115.640629, 488.625791, 0.000000
2115.617462, 488.770276, 1.000000
2115.591822, 488.915002, 1.000000
2115.554027, 489.058604, 1.000000
2115.516232, 489.202206, 1.000000
2115.478438, 489.345808, 1.000000
2115.452797, 489.490534, 1.000000
2115.516980, 489.643207, 1.000000
2115.515658, 489.789107, 1.000000
2115.478139, 489.931660, 1.000000
2115.440621, 490.074213, 1.000000
2115.403102, 490.216767, 1.000000
2115.365584, 490.359320, 1.000000
2115.328065, 490.501873, 0.000000
2115.314677, 490.646657, 0.000000
2115.547580, 489.833379, 0.000000
2115.477025, 489.960792, 0.000000
2115.406470, 490.088205, 0.000000
2115.335916, 490.215618, 0.000000
2115.265361, 490.343031, 0.000000
2115.205424, 490.476324, 0.000000
2115.134869, 490.603737, 0.000000
2114.900287, 491.096109, 0.000000
2114.851752, 491.233961, 0.000000
2114.803216, 491.371813, 0.000000
2114.754680, 491.509664, 0.000000
2114.717632, 491.651560, 0.000000
2114.669096, 491.789412, 0.000000
2114.620561, 491.927264, 0.000000
2114.566474, 492.063287, 0.000000
2114.517819, 492.201476, 0.000000
2114.480680, 492.343720, 0.000000
2114.432026, 492.481909, 0.000000
2114.383371, 492.620098, 0.000000
2114.334717, 492.758287, 0.000000
2114.297088, 492.900358, 0.000000
2114.260132, 493.041904, 0.000000
2114.211716, 493.179414, 0.000000
2114.163300, 493.316925, 0.000000
2114.114885, 493.454435, 0.000000
2114.066469, 493.591946, 0.000000
2114.029513, 493.733491, 0.000000
2113.981097, 493.871002, 0.000000
2113.922472, 494.005036, 0.000000
2113.873834, 494.143179, 0.000000
2113.825195, 494.281322, 0.000000
2113.788069, 494.423519, 0.000000
2113.739431, 494.561662, 0.000000
2113.690792, 494.699805, 0.000000
2113.642154, 494.837948, 0.000000
2113.603301, 494.979029, 0.000000
2113.566337, 495.120606, 0.000000
2113.517910, 495.258147, 0.000000
2113.469484, 495.395689, 0.000000
2113.421057, 495.533230, 0.000000
2113.372631, 495.670772, 0.000000
2113.335666, 495.812349, 0.000000
2113.276985, 495.946279, 0.000000
2113.228330, 496.084468, 0.000000
2113.179676, 496.222657, 0.000000
2113.131021, 496.360847, 0.000000
2113.082366, 496.499036, 0.000000
2113.045228, 496.641279, 0.000000
2112.996573, 496.779468, 0.000000
2112.958272, 496.920817, 1.000000
2112.886922, 497.050288, 1.000000
2112.804110, 497.175723, 1.000000
2112.721298, 497.301157, 1.000000
2112.649948, 497.430628, 1.000000
2112.567137, 497.556062, 1.000000
2112.495787, 497.685533, 1.000000
2112.516131, 497.847287, 1.000000
2112.538166, 498.010257, 1.000000
2112.478016, 498.144347, 1.000000
2112.406353, 498.274384, 1.000000
2112.334691, 498.404420, 1.000000
2112.263029, 498.534457, 1.000000
2112.202879, 498.668547, 1.000000
2112.232583, 498.833953, 1.000000
2112.172681, 498.967490, 1.000000
2112.041413, 499.230526, 0.000000
2111.992976, 499.368099, 0.000000
2111.944538, 499.505672, 0.000000
2111.896100, 499.643245, 0.000000
2111.847663, 499.780817, 0.000000
2111.778185, 499.911516, 0.000000
2111.729547, 500.049659, 0.000000
2111.680909, 500.187803, 0.000000
2111.632270, 500.325946, 0.000000
2111.583632, 500.464089, 0.000000
2111.534994, 500.602232, 0.000000
2111.775579, 500.174645, 0.000000
2111.693119, 500.294405, 0.000000
2111.610658, 500.414166, 0.000000
2111.528197, 500.533926, 0.000000
2111.445736, 500.653686, 0.000000
2111.363276, 500.773446, 0.000000
2111.270835, 500.886335, 0.000000
2111.105351, 501.130828, 0.000000
2111.030412, 501.255595, 0.000000
2110.955473, 501.380362, 0.000000
2110.880534, 501.505128, 0.000000
2110.805595, 501.629895, 0.000000
2110.730655, 501.754662, 0.000000
2110.655716, 501.879428, 0.000000
2110.580777, 502.004195, 0.000000
2110.509047, 502.130781, 0.000000
2110.434222, 502.255357, 0.000000
2110.359397, 502.379933, 0.000000
2110.274191, 502.498273, 0.000000
2110.199367, 502.622849, 0.000000
2110.124542, 502.747426, 0.000000
2110.045311, 502.869414, 0.000000
2109.970328, 502.994253, 0.000000
2109.895346, 503.119092, 0.000000
2109.820363, 503.243931, 0.000000
2109.745381, 503.368770, 0.000000
2109.670398, 503.493609, 0.000000
2109.595416, 503.618448, 0.000000
2109.520433, 503.743286, 0.000000
2109.440978, 503.865125, 0.000000
2109.366203, 503.989618, 0.000000
2109.291429, 504.114111, 0.000000
2109.216654, 504.238604, 0.000000
2109.141879, 504.363097, 0.000000
2109.067104, 504.487591, 0.000000
2108.995626, 504.614254, 1.000000
2108.899780, 504.726662, 1.000000
2108.793525, 504.832818, 1.000000
2108.687270, 504.938974, 1.000000
2108.581015, 505.045130, 1.000000
2108.485169, 505.157538, 1.000000
2108.389324, 505.269946, 1.000000
2108.376753, 505.432373, 1.000000
2108.365472, 505.595481, 1.000000
2108.269683, 505.707823, 1.000000
2108.163491, 505.813916, 1.000000
2108.057299, 505.920009, 1.000000
2107.961510, 506.032351, 1.000000
2107.855318, 506.138444, 1.000000
2107.759529, 506.250786, 1.000000
2107.698205, 506.383728, 0.000000
2107.623329, 506.508390, 0.000000
2107.548453, 506.633051, 0.000000
2107.473577, 506.757712, 0.000000
2107.398702, 506.882373, 0.000000
2107.323826, 507.007035, 0.000000
2107.248316, 507.131327, 0.000000
2107.173420, 507.256023, 0.000000
2107.108914, 507.386961, 0.000000
2107.034017, 507.511657, 0.000000
2106.959121, 507.636353, 0.000000
2106.884224, 507.761049, 0.000000
2106.809327, 507.885745, 0.000000
2106.734431, 508.010441, 0.000000
2106.661736, 508.136364, 0.000000
2106.586911, 508.260940, 0.000000
2106.512086, 508.385516, 0.000000
2106.437262, 508.510092, 0.000000
2106.362437, 508.634668, 0.000000
2106.287612, 508.759244, 0.000000
2106.211862, 508.883287, 0.000000
2106.137007, 509.007914, 0.000000
2106.062151, 509.132541, 0.000000
2105.987296, 509.257168, 0.000000
2105.922826, 509.388033, 0.000000
2105.847971, 509.512660, 0.000000
2105.773116, 509.637287, 0.000000
2105.698261, 509.761914, 0.000000
2105.923476, 509.446011, 0.000000
2105.824604, 509.553108, 0.000000
2105.725732, 509.660205, 0.000000
2105.626860, 509.767302, 0.000000
2105.527988, 509.874399, 0.000000
2105.429116, 509.981495, 0.000000
2105.248290, 510.164727, 0.000000
2105.153667, 510.276398, 0.000000
2105.059045, 510.388069, 0.000000
2104.964422, 510.499740, 0.000000
2104.869799, 510.611411, 0.000000
2104.784482, 510.730967, 0.000000
2104.689859, 510.842638, 0.000000
2104.595237, 510.954309, 0.000000
2104.508460, 511.072629, 0.000000
2104.414211, 511.183860, 0.000000
2104.319961, 511.295091, 0.000000
2104.225711, 511.406322, 0.000000
2104.131461, 511.517553, 0.000000
2104.037211, 511.628784, 0.000000
2103.942961, 511.740015, 0.000000
2103.860260, 511.860757, 0.000000
2103.766552, 511.971348, 0.000000
2103.672844, 512.081939, 0.000000
2103.579137, 512.192529, 0.000000
2103.485429, 512.303120, 0.000000
2103.391721, 512.413711, 0.000000
2103.307230, 512.532111, 0.000000
2103.213522, 512.642702, 0.000000
2103.163478, 512.790291, 1.000000
2103.069199, 512.901556, 1.000000
2102.956375, 512.997108, 1.000000
2102.834280, 513.084804, 1.000000
2102.730729, 513.188213, 0.000000
2102.636450, 513.299478, 0.000000
2102.542171, 513.410743, 0.000000
2102.459338, 513.531524, 0.000000
2102.365601, 513.642150, 0.000000
2102.271864, 513.752775, 0.000000
2102.178127, 513.863401, 0.000000
2102.084390, 513.974026, 0.000000
2101.990653, 514.084652, 0.000000
2101.896916, 514.195277, 0.000000
2101.812398, 514.313714, 0.000000
2101.718661, 514.424340, 0.000000
2101.611953, 514.524985, 0.000000
2101.517618, 514.636317, 0.000000
2101.423283, 514.747648, 0.000000
2101.328948, 514.858980, 0.000000
2101.234613, 514.970311, 0.000000
2101.140277, 515.081643, 0.000000
2101.045942, 515.192975, 0.000000
2100.950447, 515.303413, 0.000000
2100.856058, 515.414808, 0.000000
2100.761670, 515.526203, 0.000000
2100.667281, 515.637597, 0.000000
2100.572892, 515.748992, 0.000000
2100.478504, 515.860387, 0.000000
2100.384115, 515.971782, 0.000000
2100.302619, 516.093873, 0.000000
2100.208399, 516.205069, 0.000000
2100.114179, 516.316265, 0.000000
2100.019959, 516.427460, 0.000000
2099.925739, 516.538656, 0.000000
2099.831519, 516.649852, 0.000000
2099.747325, 516.769544, 0.000000
2099.653588, 516.880169, 0.000000
2099.559851, 516.990795, 0.000000
2099.466114, 517.101420, 0.000000
2099.372377, 517.212046, 0.000000
2099.278640, 517.322671, 0.000000
2099.184904, 517.433297, 0.000000
2099.091167, 517.543922, 0.000000
2098.997430, 517.654548, 0.000000
2098.903262, 517.765421, 0.000000
2098.809073, 517.876580, 0.000000
2098.714883, 517.987740, 0.000000
2098.620694, 518.098900, 0.000000
2098.526504, 518.210059, 0.000000
2098.432315, 518.321219, 0.000000
2098.348118, 518.440764, 0.000000
2098.254410, 518.551355, 0.000000
2098.151486, 518.654137, 1.000000
2098.048563, 518.756919, 0.000000
2097.954855, 518.867510, 0.000000
2097.861147, 518.978101, 0.000000
2097.776656, 519.096501, 0.000000
2097.682948, 519.207092, 0.000000
2097.451002, 519.200549, 0.000000
2098.500682, 518.668630, 1.000000
2098.351566, 518.686771, 1.000000
2098.202451, 518.704912, 1.000000
2098.057682, 518.734393, 1.000000
2097.908567, 518.752533, 1.000000
2097.763798, 518.782014, 1.000000
2097.125180, 519.265124, 1.000000
2096.998393, 519.339464, 1.000000
2096.857552, 519.393845, 1.000000
2096.723738, 519.458206, 1.000000
2096.582898, 519.512587, 1.000000
2096.449084, 519.576947, 1.000000
2096.322467, 519.651530, 0.000000
2096.238608, 519.784533, 0.000000
2096.119935, 519.868089, 0.000000
2096.001261, 519.951644, 0.000000
2095.882588, 520.035199, 0.000000
2095.770877, 520.128644, 0.000000
2095.652204, 520.212200, 0.000000
2095.520483, 520.279086, 0.000000
2095.400854, 520.363314, 0.000000
2095.281224, 520.447543, 0.000000
2095.161595, 520.531771, 0.000000
2095.041966, 520.616000, 0.000000
2094.922336, 520.700228, 0.000000
2094.802707, 520.784457, 0.000000
2094.702769, 520.895469, 0.000000
2094.584096, 520.979024, 0.000000
2094.465422, 521.062580, 0.000000
2094.346749, 521.146135, 0.000000
2094.228075, 521.229691, 0.000000
2094.109402, 521.313246, 0.000000
2093.978136, 521.379931, 0.000000
2093.858506, 521.464160, 0.000000
2093.738877, 521.548388, 0.000000
2093.626266, 521.642586, 0.000000
2093.506637, 521.726814, 0.000000
2093.387008, 521.811043, 0.000000
2093.267378, 521.895271, 0.000000
2093.161524, 521.998683, 0.000000
2093.042972, 522.082153, 0.000000
2092.924421, 522.165622, 0.000000
2092.805869, 522.249092, 0.000000
2092.687317, 522.332562, 0.000000
2092.575722, 522.425911, 0.000000
2092.457170, 522.509380, 0.000000
2092.338618, 522.592850, 0.000000
2092.220067, 522.676320, 0.000000
2092.101515, 522.759789, 0.000000
2091.982963, 522.843259, 0.000000
2091.864412, 522.926729, 0.000000
2091.745860, 523.010199, 0.000000
2091.612878, 523.075081, 0.000000
2091.500268, 523.169278, 0.000000
2091.380639, 523.253507, 0.000000
2091.261009, 523.337736, 0.000000
2091.141380, 523.421964, 0.000000
2091.021750, 523.506193, 0.000000
2090.902121, 523.590421, 0.000000
2090.831279, 523.742797, 1.000000
2090.691860, 523.796628, 1.000000
2090.559396, 523.860339, 1.000000
2090.440845, 523.943809, 0.000000
2090.329249, 524.037158, 0.000000
2090.210697, 524.120628, 0.000000
2090.105020, 524.223228, 1.000000
2089.971225, 524.287579, 1.000000
2089.837429, 524.351931, 1.000000
2089.717685, 524.436241, 0.000000
2089.597941, 524.520550, 0.000000
2089.478197, 524.604859, 0.000000
2089.358453, 524.689168, 0.000000
2089.758549, 524.519440, 0.000000
2089.623929, 524.574513, 0.000000
2089.489308, 524.629587, 0.000000
2089.354688, 524.684661, 0.000000
2089.220067, 524.739735, 0.000000
2089.085447, 524.794809, 0.000000
2088.950826, 524.849883, 0.000000
2088.656557, 524.973416, 0.000000
2088.525480, 525.037704, 0.000000
2088.399761, 525.112915, 0.000000
2088.268684, 525.177202, 0.000000
2088.137608, 525.241490, 0.000000
2088.006531, 525.305778, 0.000000
2087.875455, 525.370066, 0.000000
2087.744378, 525.434354, 0.000000
2087.613302, 525.498642, 0.000000
2087.482225, 525.562929, 0.000000
2087.351149, 525.627217, 0.000000
2087.225430, 525.702428, 0.000000
2087.094353, 525.766716, 0.000000
2086.963277, 525.831004, 0.000000
2086.832200, 525.895292, 0.000000
2086.706795, 525.970349, 0.000000
2086.576345, 526.034329, 0.000000
2086.445896, 526.098309, 0.000000
2086.315447, 526.162289, 0.000000
2086.184997, 526.226270, 0.000000
2086.059880, 526.301121, 0.000000
2085.924047, 526.354256, 0.000000
2085.792970, 526.418543, 0.000000
2085.661894, 526.482831, 0.000000
2085.530817, 526.547119, 0.000000
2085.399741, 526.611407, 0.000000
2085.274021, 526.686618, 0.000000
2085.142945, 526.750906, 0.000000
2085.011868, 526.815193, 0.000000
2084.886974, 526.891212, 0.000000
2084.756587, 526.955162, 0.000000
2084.626200, 527.019111, 0.000000
2084.501143, 527.093926, 0.000000
2084.370756, 527.157876, 0.000000
2084.240370, 527.221825, 0.000000
2084.114889, 527.295778, 1.000000
2083.973098, 527.338220, 1.000000
2083.836664, 527.391585, 0.000000
2083.710945, 527.466795, 0.000000
2083.579869, 527.531083, 0.000000
2083.448792, 527.595371, 0.000000
2083.317716, 527.659659, 0.000000
2083.186639, 527.723947, 0.000000
2083.071768, 527.820614, 1.000000
2082.925323, 527.851982, 1.000000
2082.789542, 527.905092, 0.000000
2082.659093, 527.969072, 0.000000
2082.528644, 528.033052, 0.000000
2082.398194, 528.097032, 0.000000
2082.296476, 528.219592, 1.000000
2082.160284, 528.272862, 1.000000
2082.013396, 528.304325, 1.000000
2081.877204, 528.357595, 0.000000
2081.746360, 528.421769, 0.000000
2081.615516, 528.485943, 0.000000
2081.490020, 528.561020, 0.000000
2081.359176, 528.625194, 0.000000
2081.228800, 528.690311, 0.000000
2081.098011, 528.754458, 0.000000
2080.967222, 528.818605, 0.000000
2080.841778, 528.893650, 0.000000
2080.710989, 528.957797, 0.000000
2080.580200, 529.021944, 0.000000
2080.446979, 529.081192, 0.000000
2080.315902, 529.145480, 0.000000
2080.190183, 529.220691, 0.000000
2080.059107, 529.284979, 0.000000
2079.928030, 529.349267, 0.000000
2079.796954, 529.413554, 0.000000
2079.665877, 529.477842, 0.000000
2079.540158, 529.553053, 0.000000
2080.014986, 529.407710, 0.000000
2079.872586, 529.435846, 0.000000
2079.730186, 529.463982, 0.000000
2079.587786, 529.492119, 0.000000
2079.447731, 529.532121, 0.000000
2079.305331, 529.560257, 0.000000
2079.162931, 529.588394, 0.000000
2078.944809, 529.624339, 0.000000
2078.802627, 529.656986, 0.000000
2078.663166, 529.701480, 0.000000
2078.520984, 529.734127, 0.000000
2078.378803, 529.766773, 0.000000
2078.236621, 529.799420, 0.000000
2078.094439, 529.832066, 0.000000
2077.958366, 529.888768, 0.000000
2077.816924, 529.921245, 0.000000
2077.675483, 529.953721, 0.000000
2077.534041, 529.986198, 0.000000
2077.392600, 530.018674, 0.000000
2077.253865, 530.062937, 0.000000
2077.111110, 530.090289, 0.000000
2076.969357, 530.122836, 0.000000
2076.827605, 530.155384, 0.000000
2076.685853, 530.187932, 0.000000
2076.546813, 530.232293, 0.000000
2076.405060, 530.264840, 0.000000
2076.263308, 530.297388, 0.000000
2076.121556, 530.329936, 0.000000
2075.981664, 530.369051, 0.000000
2075.840315, 530.401507, 0.000000
2075.701670, 530.445741, 0.000000
2075.560320, 530.478197, 0.000000
2075.418970, 530.510652, 0.000000
2075.277621, 530.543107, 0.000000
2075.136249, 530.576716, 0.000000
2074.994245, 530.609322, 0.000000
2074.852241, 530.641927, 0.000000
2074.710237, 530.674533, 0.000000
2074.568233, 530.707138, 0.000000
2074.428946, 530.751578, 0.000000
2074.141671, 530.802346, 0.000000
2074.008348, 530.870183, 1.000000
2073.869613, 530.914446, 0.000000
2073.728172, 530.946923, 0.000000
2073.589436, 530.991186, 0.000000
2073.447995, 531.023662, 0.000000
2073.309260, 531.067925, 1.000000
2073.113715, 530.866705, 0.000000
2073.026053, 531.135984, 0.000000
2072.884049, 531.168590, 0.000000
2072.744762, 531.213029, 0.000000
2072.602758, 531.245635, 0.000000
2072.463471, 531.290074, 0.000000
2072.181721, 531.364045, 1.000000
2072.032161, 531.361161, 1.000000
2071.885307, 531.370064, 1.000000
2071.738452, 531.378966, 1.000000
2071.588892, 531.376083, 1.000000
2071.439331, 531.373199, 1.000000
2071.326504, 531.530414, 1.000000
2071.182039, 531.551149, 1.000000
2071.032150, 531.548259, 1.000000
2070.884973, 531.557181, 1.000000
2070.737795, 531.566103, 1.000000
2070.587906, 531.563213, 1.000000
2070.443441, 531.583948, 0.000000
2070.301689, 531.616496, 0.000000
2070.164000, 531.666028, 0.000000
2070.022559, 531.698504, 0.000000
2069.883823, 531.742768, 0.000000
2069.742382, 531.775244, 0.000000
2069.603647, 531.819507, 0.000000
2069.462205, 531.851984, 0.000000
2069.318869, 531.876572, 0.000000
2069.179666, 531.920984, 0.000000
2069.037748, 531.953570, 0.000000
2068.898545, 531.997983, 0.000000
2068.756627, 532.030569, 0.000000
2068.614708, 532.063155, 0.000000
2068.475506, 532.107567, 0.000000
2068.333587, 532.140153, 0.000000
2069.030651, 532.100832, 0.000000
2068.885961, 532.081828, 0.000000
2068.739687, 532.074881, 0.000000
2068.594997, 532.055876, 0.000000
2068.450307, 532.036872, 0.000000
2068.304033, 532.029925, 0.000000
2067.761918, 532.011054, 0.000000
2067.616302, 532.028854, 0.000000
2067.470216, 532.034480, 0.000000
2067.324130, 532.040106, 0.000000
2067.178514, 532.057906, 0.000000
2067.032428, 532.063533, 0.000000
2066.886812, 532.081333, 0.000000
2066.740905, 532.089169, 0.000000
2066.595427, 532.106952, 0.000000
2066.449482, 532.112573, 0.000000
2066.303536, 532.118194, 0.000000
2066.158059, 532.135977, 0.000000
2066.012113, 532.141598, 0.000000
2065.866635, 532.159381, 0.000000
2065.721778, 532.183161, 0.000000
2065.576999, 532.188737, 0.000000
2065.432684, 532.206377, 0.000000
2065.287905, 532.211953, 0.000000
2065.143590, 532.229594, 0.000000
2064.998810, 532.235170, 0.000000
2064.853101, 532.227385, 0.000000
2064.706662, 532.233025, 0.000000
2064.560223, 532.238665, 0.000000
2064.414254, 532.256508, 0.000000
2064.267816, 532.262148, 0.000000
2064.121847, 532.279991, 0.000000
2063.975548, 532.288818, 0.000000
2063.829320, 532.294450, 0.000000
2063.683561, 532.312268, 0.000000
2063.537332, 532.317900, 0.000000
2063.391573, 532.335717, 0.000000
2063.245344, 532.341349, 0.000000
2063.099585, 532.359166, 0.000000
2062.953826, 532.376984, 1.000000
2062.808486, 532.398963, 1.000000
2062.661604, 532.380260, 1.000000
2062.514253, 532.349394, 1.000000
2062.367370, 532.330691, 1.000000
2062.220488, 532.311988, 1.000000
2062.073605, 532.293284, 1.000000
2061.926723, 532.274581, 1.000000
2061.782633, 532.310706, 0.000000
2061.638318, 532.328347, 0.000000
2061.493539, 532.333923, 0.000000
2061.348759, 532.339499, 0.000000
2061.204445, 532.357140, 0.000000
2061.059665, 532.362716, 0.000000
2060.913603, 532.350141, 0.000000
2060.768125, 532.367924, 0.000000
2060.622180, 532.373544, 0.000000
2060.476702, 532.391328, 0.000000
2060.330756, 532.396948, 0.000000
2060.184811, 532.402569, 0.000000
2060.039333, 532.420352, 0.000000
2059.893388, 532.425973, 0.000000
2059.747910, 532.443756, 0.000000
2059.601965, 532.449377, 0.000000
2059.456019, 532.454998, 0.000000
2059.310542, 532.472781, 0.000000
2059.164596, 532.478402, 0.000000
2059.018650, 532.484023, 0.000000
2058.873173, 532.501806, 0.000000
2058.728877, 532.524980, 0.000000
2058.584562, 532.542621, 0.000000
2058.439782, 532.548197, 0.000000
2058.295003, 532.553773, 0.000000
2058.150688, 532.571414, 0.000000
2058.005908, 532.576990, 0.000000
2058.238013, 532.577663, 0.000000
2058.093372, 532.557869, 0.000000
2057.948731, 532.538075, 0.000000
2057.802441, 532.530335, 0.000000
2057.657801, 532.510542, 0.000000
2057.513160, 532.490748, 0.000000
2057.233278, 532.478720, 0.000000
2057.087983, 532.468009, 0.000000
2056.941797, 532.469406, 0.000000
2056.796502, 532.458695, 0.000000
2056.651208, 532.447983, 0.000000
2056.505021, 532.449380, 0.000000
2056.359727, 532.438669, 0.000000
2056.213540, 532.440066, 0.000000
2056.068111, 532.435566, 0.000000
2055.923246, 532.424887, 0.000000
2055.777491, 532.426279, 0.000000
2055.632626, 532.415600, 0.000000
2055.487761, 532.404921, 0.000000
2055.342006, 532.406313, 0.000000
2055.193921, 532.436138, 1.000000
2055.050284, 532.401181, 1.000000
2054.905754, 532.378341, 0.000000
2054.760331, 532.367621, 0.000000
2054.614014, 532.369019, 0.000000
2054.468591, 532.358299, 0.000000
2054.322275, 532.359697, 0.000000
2054.189359, 532.179316, 0.000000
2054.030572, 532.348493, 1.000000
2053.886802, 532.313503, 1.000000
2053.743033, 532.278513, 1.000000
2053.599263, 532.243522, 1.000000
2053.455494, 532.208532, 1.000000
2053.311724, 532.173542, 1.000000
2053.167955, 532.138552, 1.000000
2053.021748, 532.139235, 1.000000
2052.876954, 532.128561, 0.000000
2052.731271, 532.129953, 0.000000
2052.585588, 532.131345, 0.000000
2052.439904, 532.132737, 0.000000
2052.294221, 532.134129, 0.000000
2052.148538, 532.135521, 0.000000
2052.003030, 532.125849, 0.000000
2051.856578, 532.127248, 0.000000
2051.710126, 532.128648, 0.000000
2051.562779, 532.142177, 0.000000
2051.416327, 532.143576, 0.000000
2051.269875, 532.144976, 0.000000
2051.123423, 532.146375, 0.000000
2050.976550, 532.156306, 0.000000
2050.830721, 532.157700, 0.000000
2116.461711, 455.601201, 0.000000
2116.586723, 456.072125, 0.000000
2116.604249, 456.216441, 0.000000
2116.609749, 456.362217, 0.000000
2116.627276, 456.506532, 0.000000
2116.644802, 456.650847, 0.000000
2116.650302, 456.796623, 0.000000
2116.667828, 456.940939, 1.000000
2116.651819, 456.921857, 1.000000
2116.686166, 457.062787, 1.000000
2116.732258, 457.200855, 1.000000
2116.778349, 457.338923, 1.000000
2116.812696, 457.479853, 1.000000
2116.847043, 457.620783, 1.000000
2116.881390, 457.761714, 1.000000
2116.903993, 457.905506, 1.000000
2116.923962, 458.049775, 1.000000
2116.946522, 458.193293, 1.000000
2116.992525, 458.331098, 1.000000
2117.026807, 458.471760, 1.000000
2117.072810, 458.609565, 1.000000
2117.107092, 458.750227, 1.000000
2117.129652, 458.893745, 1.000000
2117.163722, 459.034442, 1.000000
2117.197999, 459.175082, 1.000000
2117.243995, 459.312866, 1.000000
2117.289992, 459.450650, 0.000000
2117.324268, 459.591290, 0.000000
2117.358545, 459.731930, 0.000000
2117.395522, 459.871912, 0.000000
2117.429865, 460.012827, 0.000000
2117.464209, 460.153742, 0.000000
2117.498552, 460.294657, 0.000000
2117.532896, 460.435572, 0.000000
2117.567239, 460.576487, 0.000000
2117.601582, 460.717402, 0.000000
2117.635926, 460.858317, 0.000000
2117.670419, 460.999196, 0.000000
2117.704767, 461.140126, 1.000000
2117.750858, 461.278194, 1.000000
2117.785205, 461.419124, 1.000000
2117.819552, 461.560054, 1.000000
2117.853899, 461.700985, 1.000000
2117.888246, 461.841915, 1.000000
2117.934338, 461.979983, 1.000000
2117.968685, 462.120913, 1.000000
2118.000067, 462.262285, 1.000000
2118.046064, 462.400068, 1.000000
2118.103780, 462.534996, 1.000000
2118.138057, 462.675636, 0.000000
2118.172333, 462.816277, 0.000000
2118.206609, 462.956917, 0.000000
2118.255614, 463.094019, 0.000000
2118.289961, 463.234949, 0.000000
2118.324308, 463.375880, 0.000000
2118.358655, 463.516810, 0.000000
2118.381258, 463.660602, 1.000000
2118.415605, 463.801533, 1.000000
2118.461697, 463.939601, 1.000000
2118.484300, 464.083393, 1.000000
2118.503949, 464.227880, 1.000000
2118.526505, 464.371377, 1.000000
2118.560781, 464.512017, 1.000000
2118.606778, 464.649801, 1.000000
2118.664494, 464.784729, 1.000000
2118.722211, 464.919656, 0.000000
2118.744767, 465.063153, 0.000000
2118.782088, 465.203154, 0.000000
2118.804691, 465.346946, 0.000000
2118.839038, 465.487876, 0.000000
2118.861641, 465.631669, 0.000000
2118.884244, 465.775462, 0.000000
2118.918591, 465.916392, 1.000000
2118.964682, 466.054460, 1.000000
2118.999029, 466.195390, 1.000000
2119.018666, 466.339829, 1.000000
2119.052943, 466.480469, 1.000000
2119.098939, 466.618253, 1.000000
2119.133216, 466.758893, 1.000000
2119.179212, 466.896677, 1.000000
2119.213489, 467.037317, 1.000000
2119.247765, 467.177958, 1.000000
2119.297822, 467.612252, 0.000000
2119.315984, 467.756441, 0.000000
2119.334146, 467.900630, 0.000000
2119.352308, 468.044818, 0.000000
2119.370470, 468.189007, 0.000000
2119.388632, 468.333196, 0.000000
2119.406794, 468.477385, 0.000000
2119.430698, 468.532885, 0.000000
2119.457079, 468.676668, 0.000000
2119.483459, 468.820452, 0.000000
2119.509840, 468.964236, 1.000000
2119.548301, 469.106828, 1.000000
2119.574682, 469.250612, 1.000000
2119.679332, 469.386717, 1.000000
2119.766409, 469.525004, 1.000000
2119.792878, 469.669269, 1.000000
2119.819347, 469.813533, 1.000000
2119.845815, 469.957798, 1.000000
2119.872284, 470.102063, 1.000000
2119.886631, 470.247523, 1.000000
2119.900978, 470.392983, 1.000000
2119.920260, 470.537722, 1.000000
2119.946627, 470.681433, 1.000000
2119.972994, 470.825144, 1.000000
2119.999361, 470.968855, 1.000000
2120.025728, 471.112567, 0.000000
2120.040020, 471.257469, 0.000000
2120.060808, 471.401772, 0.000000
2120.087265, 471.545972, 0.000000
2120.101605, 471.691367, 0.000000
2120.115946, 471.836762, 1.000000
2120.142403, 471.980962, 1.000000
2120.168860, 472.125162, 1.000000
2120.207433, 472.268167, 1.000000
2120.221773, 472.413562, 1.000000
2120.187649, 472.563738, 1.000000
2120.189873, 472.710328, 1.000000
2120.216330, 472.854528, 1.000000
2120.242787, 472.998728, 1.000000
2120.269243, 473.142928, 1.000000
2120.283584, 473.288323, 1.000000
2120.310041, 473.432523, 1.000000
2120.336498, 473.576724, 0.000000
2120.356188, 473.721301, 0.000000
2120.370479, 473.866203, 0.000000
2120.396847, 474.009914, 0.000000
2120.411139, 474.154816, 0.000000
2120.425430, 474.299718, 0.000000
2120.451798, 474.443429, 0.000000
2120.485947, 474.586513, 1.000000
2120.512416, 474.730778, 1.000000
2120.526763, 474.876239, 1.000000
2120.516866, 475.024090, 1.000000
2120.531213, 475.169550, 1.000000
2120.545560, 475.315011, 1.000000
2120.559907, 475.460471, 1.000000
2120.586376, 475.604736, 1.000000
2120.629148, 475.747064, 1.000000
2120.655515, 475.890775, 1.000000
2120.669807, 476.035677, 1.000000
2120.708249, 476.178197, 1.000000
2120.748908, 476.466810, 0.000000
2120.773264, 476.610894, 0.000000
2120.787625, 476.756489, 0.000000
2120.801985, 476.902084, 0.000000
2120.816345, 477.047679, 0.000000
2120.830706, 477.193274, 0.000000
2120.845066, 477.338869, 0.000000
2120.859426, 477.484464, 0.000000
2120.873786, 477.630059, 0.000000
2120.877006, 477.776174, 0.000000
2120.891291, 477.921005, 0.000000
2120.905576, 478.065836, 0.000000
2120.919861, 478.210666, 0.000000
2120.934146, 478.355497, 0.000000
2120.948431, 478.500327, 0.000000
2120.937545, 479.104987, 0.000000
2120.920094, 479.248811, 0.000000
2120.902644, 479.392635, 0.000000
2120.885193, 479.536459, 0.000000
2120.867743, 479.680284, 0.000000
2120.850292, 479.824108, 0.000000
2120.832841, 479.967932, 0.000000
2120.833038, 480.053727, 0.000000
2120.819651, 480.198511, 0.000000
2120.806263, 480.343295, 0.000000
2120.792875, 480.488080, 0.000000
2120.779487, 480.632864, 0.000000
2120.766099, 480.777649, 0.000000
2120.752711, 480.922433, 0.000000
2120.729423, 481.065957, 0.000000
2120.716098, 481.210056, 1.000000
2120.714782, 481.355266, 1.000000
2120.701458, 481.499366, 1.000000
2120.688133, 481.643465, 1.000000
2120.662800, 481.786454, 1.000000
2120.645357, 481.930311, 1.000000
2120.631982, 482.074959, 1.000000
2120.618607, 482.219606, 1.000000
2120.605232, 482.364254, 1.000000
2120.591857, 482.508902, 1.000000
2120.566428, 482.652435, 1.000000
2120.553053, 482.797082, 1.000000
2120.539677, 482.941730, 1.000000
2120.544845, 483.088966, 1.000000
2120.531350, 483.234912, 1.000000
2120.530017, 483.381984, 1.000000
2120.504359, 483.526806, 1.000000
2120.490864, 483.672753, 1.000000
2120.477369, 483.818700, 1.000000
2120.477732, 483.965275, 1.000000
2120.464381, 484.109666, 1.000000
2120.451030, 484.254057, 1.000000
2120.437678, 484.398448, 1.000000
2120.424327, 484.542839, 1.000000
2120.398943, 484.686118, 1.000000
2120.385591, 484.830509, 1.000000
2120.384272, 484.976013, 1.000000
2120.442186, 485.127778, 1.000000
2120.428690, 485.273725, 1.000000
2120.415195, 485.419672, 1.000000
2120.401700, 485.565619, 1.000000
2120.388205, 485.711566, 1.000000
2120.362547, 485.856388, 1.000000
2120.366990, 486.003683, 1.000000
2120.365668, 486.149514, 1.000000
2120.352287, 486.294229, 1.000000
2120.338905, 486.438944, 1.000000
2120.325524, 486.583659, 1.000000
2120.312143, 486.728375, 1.000000
2120.298761, 486.873090, 1.000000
2120.261261, 487.015575, 1.000000
2120.226676, 487.157864, 1.000000
2120.213352, 487.301963, 1.000000
2120.200027, 487.446063, 1.000000
2120.174695, 487.589052, 1.000000
2120.161370, 487.733151, 1.000000
2120.136037, 487.876140, 1.000000
2120.079764, 488.016447, 1.000000
2120.054369, 488.159787, 1.000000
2120.041011, 488.304240, 1.000000
2120.015616, 488.447580, 1.000000
2120.002259, 488.592034, 1.000000
2119.988902, 488.736487, 1.000000
2119.975545, 488.880940, 1.000000
2119.926074, 489.022054, 1.000000
2119.847102, 489.161379, 1.000000
2119.833616, 489.307229, 1.000000
2119.807976, 489.451954, 1.000000
2119.794489, 489.597804, 1.000000
2119.768849, 489.742530, 1.000000
2119.743208, 489.887256, 1.000000
2119.667468, 490.026991, 1.000000
2119.629950, 490.169544, 1.000000
2119.604497, 490.313213, 1.000000
2119.579043, 490.456882, 1.000000
2119.553590, 490.600550, 1.000000
2119.528137, 490.744219, 1.000000
2119.490619, 490.886772, 1.000000
2119.513427, 491.034904, 1.000000
2119.253177, 491.885347, 1.000000
2119.182622, 492.012760, 1.000000
2119.101449, 492.134294, 1.000000
2119.020277, 492.255827, 1.000000
2118.939104, 492.377361, 1.000000
2118.847314, 492.493014, 1.000000
2118.776759, 492.620428, 1.000000
2118.932448, 492.515778, 1.000000
2118.895400, 492.657675, 1.000000
2118.835376, 492.791482, 1.000000
2118.775353, 492.925289, 1.000000
2118.715330, 493.059096, 1.000000
2118.655306, 493.192903, 1.000000
2118.595283, 493.326710, 1.000000
2118.689115, 493.514813, 1.000000
2118.640461, 493.653003, 1.000000
2118.580290, 493.787137, 1.000000
2118.520120, 493.921272, 1.000000
2118.459950, 494.055406, 1.000000
2118.399779, 494.189541, 1.000000
2118.376569, 494.336688, 1.000000
2118.362531, 494.486303, 1.000000
2118.314115, 494.623813, 1.000000
2118.254240, 494.757289, 1.000000
2118.194366, 494.890765, 1.000000
2118.123032, 495.020207, 1.000000
2118.074616, 495.157717, 1.000000
2118.014741, 495.291193, 1.000000
2118.032229, 495.452026, 1.000000
2118.006614, 495.598275, 1.000000
2117.946464, 495.732365, 1.000000
2117.897826, 495.870508, 1.000000
2117.837675, 496.004598, 1.000000
2117.777525, 496.138688, 1.000000
2117.728887, 496.276831, 1.000000
2117.672234, 496.411645, 1.000000
2117.623808, 496.549187, 1.000000
2117.563920, 496.682693, 1.000000
2117.504031, 496.816198, 1.000000
2117.444143, 496.949704, 1.000000
2117.384255, 497.083210, 1.000000
2117.324367, 497.216716, 1.000000
2117.284468, 497.357260, 1.000000
2117.235814, 497.495449, 1.000000
2117.187159, 497.633638, 1.000000
2117.126989, 497.767773, 1.000000
2117.066819, 497.901907, 1.000000
2117.006649, 498.036042, 1.000000
2116.946478, 498.170176, 1.000000
2116.889664, 498.305007, 1.000000
2116.829775, 498.438513, 1.000000
2116.781349, 498.576054, 1.000000
2116.721461, 498.709560, 1.000000
2116.650111, 498.839031, 1.000000
2116.590222, 498.972536, 1.000000
2116.530334, 499.106042, 1.000000
2116.504831, 499.251655, 1.000000
2116.486756, 499.400502, 1.000000
2116.438117, 499.538645, 1.000000
2116.377967, 499.672735, 1.000000
2116.317817, 499.806825, 1.000000
2116.257667, 499.940915, 1.000000
2116.186004, 500.070952, 1.000000
2116.153410, 500.214423, 1.000000
2116.104973, 500.351996, 1.000000
2115.973704, 500.615032, 1.000000
2115.913802, 500.748569, 1.000000
2115.842436, 500.878069, 1.000000
2115.782534, 501.011605, 1.000000
2115.757025, 501.157251, 1.000000
2115.795846, 501.326080, 1.000000
2115.735696, 501.460170, 1.000000
2115.687058, 501.598313, 1.000000
2115.615396, 501.728350, 1.000000
2115.555246, 501.862440, 1.000000
2115.506607, 502.000583, 1.000000
2115.298527, 502.600365, 1.000000
2115.216066, 502.720126, 1.000000
2115.133605, 502.839886, 1.000000
2115.031184, 502.945903, 1.000000
2114.938744, 503.058791, 1.000000
2114.846303, 503.171680, 1.000000
2114.753862, 503.284568, 1.000000
2114.754776, 503.322798, 1.000000
2114.700631, 503.460055, 1.000000
2114.615295, 503.578577, 1.000000
2114.529959, 503.697098, 1.000000
2114.444622, 503.815620, 1.000000
2114.359286, 503.934142, 1.000000
2114.273949, 504.052664, 1.000000
2114.199010, 504.177430, 1.000000
2114.204803, 504.350579, 1.000000
2114.129978, 504.475155, 1.000000
2114.044772, 504.593496, 1.000000
2113.959566, 504.711836, 1.000000
2113.874360, 504.830177, 1.000000
2113.789154, 504.948518, 1.000000
2113.780073, 505.112641, 1.000000
2113.705091, 505.237480, 1.000000
2113.619705, 505.356071, 1.000000
2113.544723, 505.480909, 1.000000
2113.459337, 505.599500, 1.000000
2113.384354, 505.724339, 1.000000
2113.298969, 505.842929, 1.000000
2113.234389, 505.974016, 1.000000
2113.196519, 506.120832, 1.000000
2113.121744, 506.245325, 1.000000
2113.036594, 506.363587, 1.000000
2112.951445, 506.481849, 1.000000
2112.876670, 506.606342, 1.000000
2112.791521, 506.724604, 1.000000
2112.732597, 506.858808, 1.000000
2112.667980, 506.989972, 1.000000
2112.582543, 507.108633, 1.000000
2112.497107, 507.227293, 1.000000
2112.411671, 507.345954, 1.000000
2112.336644, 507.470866, 1.000000
2112.251208, 507.589527, 1.000000
2112.186590, 507.720692, 1.000000
2112.121041, 507.851205, 1.000000
2112.046059, 507.976044, 1.000000
2111.960673, 508.094634, 1.000000
2111.885691, 508.219473, 1.000000
2111.800305, 508.338064, 1.000000
2111.714919, 508.456654, 1.000000
2111.629533, 508.575244, 1.000000
2111.583482, 508.717359, 1.000000
2111.508606, 508.842021, 1.000000
2111.371399, 508.929244, 1.000000
2111.306912, 509.060145, 1.000000
2111.242424, 509.191046, 1.000000
2111.157160, 509.309467, 1.000000
2111.124284, 509.459367, 1.000000
2111.059779, 509.590305, 1.000000
2110.974491, 509.708759, 1.000000
2110.889203, 509.827214, 1.000000
2110.803915, 509.945669, 1.000000
2110.718627, 510.064123, 1.000000
2110.633339, 510.182578, 1.000000
2110.558442, 510.307274, 1.000000
2110.492449, 510.437222, 1.000000
2110.417624, 510.561799, 1.000000
2110.342800, 510.686375, 1.000000
2110.257594, 510.804715, 1.000000
2110.172388, 510.923056, 1.000000
2110.087182, 511.041397, 1.000000
2110.012983, 511.166371, 1.000000
2109.927742, 511.284760, 1.000000
2109.852887, 511.409387, 1.000000
2109.767646, 511.527776, 1.000000
2109.672019, 511.639927, 1.000000
2109.586779, 511.758316, 1.000000
2109.511923, 511.882943, 1.000000
2109.426683, 512.001332, 1.000000
2109.145306, 512.420415, 1.000000
2109.046434, 512.527512, 1.000000
2108.938637, 512.626369, 1.000000
2108.830840, 512.725227, 1.000000
2108.723043, 512.824084, 1.000000
2108.615246, 512.922942, 1.000000
2108.579807, 512.987640, 1.000000
2108.494491, 513.107196, 1.000000
2108.381256, 513.203096, 1.000000
2108.277327, 513.306882, 1.000000
2108.173399, 513.410668, 1.000000
2108.069470, 513.514454, 1.000000
2107.974847, 513.626124, 1.000000
2107.870919, 513.729910, 1.000000
2107.799044, 513.860856, 1.000000
2107.723332, 513.987796, 1.000000
2107.619813, 514.091172, 1.000000
2107.525563, 514.202403, 1.000000
2107.422044, 514.305780, 1.000000
2107.318525, 514.409157, 1.000000
2107.215005, 514.512534, 1.000000
2107.150341, 514.648559, 1.000000
2107.047418, 514.751341, 1.000000
2106.944494, 514.854123, 1.000000
2106.850787, 514.964714, 1.000000
2106.738647, 515.059687, 1.000000
2106.644940, 515.170278, 1.000000
2106.542016, 515.273060, 1.000000
2106.448308, 515.383651, 1.000000
2106.399444, 515.532239, 1.000000
2106.332981, 515.667075, 1.000000
2106.220158, 515.762627, 1.000000
2106.116607, 515.866035, 1.000000
2106.013056, 515.969444, 1.000000
2105.909505, 516.072853, 1.000000
2105.805953, 516.176262, 1.000000
2105.759667, 516.328009, 1.000000
2105.675149, 516.446446, 1.000000
2105.581412, 516.557072, 1.000000
2105.478456, 516.659886, 1.000000
2105.375500, 516.762700, 1.000000
2105.272545, 516.865514, 1.000000
2105.169589, 516.968328, 1.000000
2105.075852, 517.078954, 1.000000
2105.000553, 517.205202, 1.000000
2104.951900, 517.355040, 1.000000
2104.848287, 517.458510, 1.000000
2104.744674, 517.561980, 1.000000
2104.641061, 517.665451, 1.000000
2104.537449, 517.768921, 1.000000
2104.433836, 517.872391, 1.000000
2104.358056, 517.999445, 1.000000
2104.273722, 518.119342, 1.000000
2104.179333, 518.230737, 1.000000
2104.075662, 518.334266, 1.000000
2103.971990, 518.437795, 1.000000
2103.877602, 518.549189, 1.000000
2103.773930, 518.652718, 1.000000
2103.679541, 518.764113, 1.000000
2103.619960, 518.904773, 1.000000
2103.516473, 519.008117, 1.000000
2103.422253, 519.119313, 1.000000
2103.318767, 519.222657, 1.000000
2103.224547, 519.333853, 1.000000
2103.111794, 519.429345, 1.000000
2103.038435, 519.558217, 1.000000
2102.953917, 519.676654, 1.000000
2102.850961, 519.779469, 1.000000
2102.748005, 519.882283, 1.000000
2102.645050, 519.985097, 1.000000
2102.551313, 520.095722, 1.000000
2102.439138, 520.190725, 1.000000
2102.345401, 520.301351, 1.000000
2102.251664, 520.411976, 1.000000
2102.238053, 520.591107, 1.000000
2102.134600, 520.694417, 1.000000
2102.031147, 520.797728, 1.000000
2101.936958, 520.908887, 1.000000
2101.833505, 521.012198, 1.000000
2101.720789, 521.107659, 1.000000
2101.656631, 521.244185, 1.000000
2101.572139, 521.362585, 1.000000
2101.469216, 521.465367, 1.000000
2101.366292, 521.568149, 1.000000
2101.263369, 521.670931, 1.000000
2101.160445, 521.773713, 1.000000
2101.066737, 521.884304, 1.000000
2100.963814, 521.987086, 1.000000
2100.879322, 522.105486, 1.000000
2100.048088, 522.705540, 1.000000
2099.907666, 522.746360, 1.000000
2099.767243, 522.787180, 1.000000
2099.631168, 522.839340, 1.000000
2099.490745, 522.880160, 1.000000
2099.350323, 522.920980, 1.000000
2099.626700, 522.818020, 1.000000
2099.506939, 522.902341, 1.000000
2099.373125, 522.966701, 1.000000
2099.246338, 523.041042, 1.000000
2099.126577, 523.125363, 1.000000
2098.999790, 523.199704, 1.000000
2098.877871, 523.280960, 1.000000
2098.766161, 523.374404, 1.000000
2098.640524, 523.448070, 1.000000
2098.521851, 523.531626, 1.000000
2098.396214, 523.605292, 1.000000
2098.277541, 523.688847, 1.000000
2098.165831, 523.782292, 1.000000
2098.068396, 523.897874, 1.000000
2097.941747, 523.972134, 1.000000
2097.822118, 524.056362, 1.000000
2097.695469, 524.130622, 1.000000
2097.568821, 524.204881, 1.000000
2097.442173, 524.279140, 1.000000
2097.322543, 524.363369, 1.000000
2097.223359, 524.475451, 1.000000
2097.097722, 524.549117, 1.000000
2096.972086, 524.622783, 1.000000
2096.846450, 524.696449, 1.000000
2096.720813, 524.770115, 1.000000
2096.595177, 524.843781, 1.000000
2096.497972, 524.958843, 1.000000
2096.364305, 525.023133, 1.000000
2096.244675, 525.107362, 1.000000
2096.118027, 525.181621, 1.000000
2095.991378, 525.255881, 1.000000
2095.864730, 525.330140, 1.000000
2095.738081, 525.404400, 1.000000
2095.651703, 525.535473, 1.000000
2095.533152, 525.618943, 1.000000
2095.407644, 525.692533, 1.000000
2095.282137, 525.766124, 1.000000
2095.156629, 525.839714, 1.000000
2095.031122, 525.913305, 1.000000
2094.926482, 526.016533, 1.000000
2094.821842, 526.119761, 1.000000
2094.696335, 526.193352, 1.000000
2094.570827, 526.266942, 1.000000
2094.445320, 526.340532, 1.000000
2094.319812, 526.414123, 1.000000
2094.208216, 526.507472, 1.000000
2094.111658, 526.624086, 1.000000
2093.985009, 526.698345, 1.000000
2093.858361, 526.772604, 1.000000
2093.731712, 526.846864, 1.000000
2093.605064, 526.921123, 1.000000
2093.471396, 526.985414, 1.000000
2093.351767, 527.069642, 1.000000
2093.258856, 527.190673, 1.000000
2093.133348, 527.264264, 1.000000
2093.007841, 527.337854, 1.000000
2092.882333, 527.411444, 1.000000
2092.756826, 527.485035, 1.000000
2092.631318, 527.558625, 1.000000
2092.521884, 527.655888, 1.000000
2092.395114, 527.730218, 1.000000
2092.275370, 527.814528, 1.000000
2092.148600, 527.888858, 1.000000
2092.014805, 527.953210, 1.000000
2091.895061, 528.037519, 1.000000
2091.768291, 528.111850, 1.000000
2091.328155, 528.356125, 1.000000
2091.193535, 528.411199, 1.000000
2091.054325, 528.455055, 1.000000
2090.915115, 528.498910, 1.000000
2090.775905, 528.542766, 1.000000
2090.632105, 528.575403, 1.000000
2090.497484, 528.630477, 1.000000
2090.483402, 528.698173, 1.000000
2090.346968, 528.751538, 1.000000
2090.210535, 528.804902, 1.000000
2090.074101, 528.858267, 1.000000
2089.943024, 528.922555, 1.000000
2089.806591, 528.975920, 1.000000
2089.670157, 529.029285, 1.000000
2089.565867, 529.148188, 1.000000
2089.434790, 529.212475, 1.000000
2089.298357, 529.265840, 1.000000
2089.167280, 529.330128, 1.000000
2089.025489, 529.372570, 1.000000
2088.889055, 529.425935, 1.000000
2088.752621, 529.479299, 1.000000
2088.621545, 529.543587, 1.000000
2088.540895, 529.709896, 1.000000
2088.405114, 529.763006, 1.000000
2088.269333, 529.816115, 1.000000
2088.133552, 529.869224, 1.000000
2087.997771, 529.922334, 1.000000
2087.867321, 529.986314, 1.000000
2087.761607, 530.100859, 1.000000
2087.635888, 530.176069, 1.000000
2087.504811, 530.240357, 1.000000
2087.368377, 530.293722, 1.000000
2087.231944, 530.347087, 1.000000
2087.095510, 530.400452, 1.000000
2086.959076, 530.453816, 1.000000
2086.827999, 530.518104, 1.000000
2086.714862, 530.618096, 1.000000
2086.584476, 530.682046, 1.000000
2086.454089, 530.745995, 1.000000
2086.318374, 530.799079, 1.000000
2086.177329, 530.841298, 1.000000
2086.046942, 530.905247, 1.000000
2085.925663, 530.987766, 1.000000
2085.799944, 531.062977, 1.000000
2085.668867, 531.127264, 1.000000
2085.532433, 531.180629, 1.000000
2085.390642, 531.223071, 1.000000
2085.259566, 531.287359, 1.000000
2085.123132, 531.340724, 1.000000
2084.992056, 531.405011, 1.000000
2084.873877, 531.494937, 1.000000
2084.748760, 531.569788, 1.000000
2084.612979, 531.622897, 1.000000
2084.477198, 531.676007, 1.000000
2084.341417, 531.729116, 1.000000
2084.205636, 531.782226, 1.000000
2084.093344, 531.883227, 1.000000
2083.967847, 531.958304, 1.000000
2083.831655, 532.011574, 1.000000
2083.700811, 532.075748, 1.000000
2083.564619, 532.129018, 1.000000
2083.428427, 532.182289, 1.000000
2083.292235, 532.235559, 1.000000
2083.156044, 532.288829, 1.000000
2083.046294, 532.396000, 1.000000
2082.926196, 532.481945, 1.000000
2082.790061, 532.535193, 1.000000
2082.653927, 532.588441, 1.000000
2082.517792, 532.641689, 1.000000
2082.381657, 532.694936, 1.000000
2082.263110, 532.784103, 1.000000
2082.137391, 532.859314, 1.000000
2082.000957, 532.912679, 1.000000
2081.864523, 532.966043, 1.000000
2081.728089, 533.019408, 1.000000
2081.591655, 533.072773, 1.000000
2081.455222, 533.126138, 1.000000
2081.329502, 533.201349, 1.000000
2080.802798, 533.394908, 1.000000
2080.660398, 533.423044, 1.000000
2080.515653, 533.439314, 1.000000
2080.373253, 533.467450, 1.000000
2080.230853, 533.495586, 1.000000
2080.088453, 533.523722, 1.000000
2079.948398, 533.563725, 1.000000
2079.856187, 533.593576, 1.000000
2079.716726, 533.638071, 1.000000
2079.571824, 533.658869, 1.000000
2079.424201, 533.667818, 1.000000
2079.279299, 533.688616, 1.000000
2079.134397, 533.709414, 1.000000
2079.003097, 533.789454, 1.000000
2078.875825, 533.884491, 1.000000
2078.734384, 533.916968, 1.000000
2078.590236, 533.937657, 1.000000
2078.443382, 533.946560, 1.000000
2078.293821, 533.943676, 1.000000
2078.152380, 533.976153, 1.000000
2078.027874, 534.082980, 1.000000
2077.891546, 534.139154, 1.000000
2077.749793, 534.171701, 1.000000
2077.608041, 534.204249, 0.000000
2077.460864, 534.213172, 0.000000
2077.316399, 534.233907, 0.000000
2077.171935, 534.254642, 0.000000
2077.027470, 534.275377, 0.000000
2076.882301, 534.291505, 0.000000
2076.738246, 534.312181, 0.000000
2076.594192, 534.332857, 0.000000
2076.447433, 534.341754, 0.000000
2076.303379, 534.362430, 0.000000
2076.159325, 534.383107, 0.000000
2076.016600, 534.410826, 0.000000
2075.871879, 534.431598, 0.000000
2075.727158, 534.452370, 0.000000
2075.582437, 534.473142, 1.000000
2075.437716, 534.493913, 1.000000
2075.295712, 534.526519, 1.000000
2075.007709, 534.574120, 1.000000
2074.863561, 534.594809, 1.000000
2074.719413, 534.615499, 1.000000
2074.575266, 534.636189, 1.000000
2074.431118, 534.656878, 1.000000
2074.286970, 534.677568, 1.000000
2074.150941, 534.733618, 1.000000
2074.021238, 534.819152, 1.000000
2073.876517, 534.839923, 1.000000
2073.731795, 534.860695, 1.000000
2073.584357, 534.869634, 1.000000
2073.439636, 534.890406, 1.000000
2073.292198, 534.899344, 1.000000
2073.012577, 534.982590, 0.000000
2072.879255, 535.050427, 0.000000
2072.745932, 535.118264, 0.000000
2072.612610, 535.186101, 0.000000
2072.479288, 535.253937, 0.000000
2072.345965, 535.321774, 0.000000
2072.213432, 535.393166, 0.000000
2072.079816, 535.461152, 0.000000
2071.946201, 535.529138, 0.000000
2071.812585, 535.597124, 0.000000
2071.678970, 535.665110, 0.000000
2071.545355, 535.733096, 0.000000
2071.409027, 535.789269, 0.000000
2071.275411, 535.857255, 0.000000
2071.141000, 535.921060, 0.000000
2071.007677, 535.988897, 0.000000
2070.874355, 536.056734, 0.000000
2070.741033, 536.124571, 0.000000
2070.607710, 536.192407, 0.000000
2070.474388, 536.260244, 0.000000
2070.342610, 536.335171, 0.000000
2070.208838, 536.403237, 0.000000
2070.075066, 536.471302, 0.000000
2069.941294, 536.539368, 0.000000
2069.804807, 536.595607, 0.000000
2069.671035, 536.663672, 0.000000
2069.537263, 536.731738, 0.000000
2069.403492, 536.799803, 0.000000
2068.403501, 536.875602, 0.000000
2068.254060, 536.892770, 0.000000
2068.104619, 536.909938, 0.000000
2067.955177, 536.927106, 0.000000
2067.805736, 536.944274, 0.000000
2067.656295, 536.961442, 0.000000
2067.920861, 536.137969, 1.000000
2067.774776, 536.143596, 1.000000
2067.627752, 536.124874, 1.000000
2067.481198, 536.118327, 1.000000
2067.334644, 536.111779, 1.000000
2067.188089, 536.105232, 1.000000
2067.043410, 536.147380, 1.000000
2066.898759, 536.187811, 1.000000
2066.752344, 536.181270, 1.000000
2066.605930, 536.174729, 1.000000
2066.459516, 536.168188, 1.000000
2066.313102, 536.161646, 1.000000
2066.166688, 536.155105, 1.000000
2066.021211, 536.172888, 1.000000
2065.876977, 536.212856, 1.000000
2065.732662, 536.230497, 1.000000
2065.587418, 536.224008, 1.000000
2065.443103, 536.241649, 0.000000
2065.298788, 536.259290, 0.000000
2065.154938, 536.288996, 0.000000
2065.011488, 536.339874, 0.000000
2064.865519, 536.357717, 0.000000
2064.720020, 536.387763, 0.000000
2064.574052, 536.405607, 1.000000
2064.427143, 536.399043, 1.000000
2064.280704, 536.404683, 1.000000
2064.136055, 536.456332, 1.000000
2063.990765, 536.486336, 1.000000
2063.844067, 536.479782, 1.000000
2063.697369, 536.473228, 1.000000
2063.550671, 536.466674, 1.000000
2063.403973, 536.460120, 1.000000
2063.257276, 536.453566, 1.000000
2063.112455, 536.495755, 1.000000
2062.967746, 536.534092, 1.000000
2062.821331, 536.527551, 1.000000
2062.675386, 536.533172, 1.000000
2062.528972, 536.526631, 1.000000
2062.383026, 536.532251, 1.000000
2062.236612, 536.525710, 1.000000
2062.091603, 536.555655, 1.000000
2061.946660, 536.569636, 1.000000
2061.802346, 536.587277, 1.000000
2061.657566, 536.592853, 1.000000
2061.512322, 536.586364, 1.000000
2061.367542, 536.591940, 1.000000
2061.221834, 536.573386, 0.000000
2061.077077, 536.594729, 0.000000
2060.930663, 536.588187, 0.000000
2060.784718, 536.593808, 0.000000
2060.638303, 536.587267, 0.000000
2060.491889, 536.580726, 1.000000
2060.345944, 536.586347, 1.000000
2060.199529, 536.579805, 1.000000
2060.053584, 536.585426, 1.000000
2059.907638, 536.591047, 1.000000
2059.761224, 536.584506, 1.000000
2059.614810, 536.577965, 1.000000
2059.468396, 536.571424, 1.000000
2059.321981, 536.564882, 1.000000
2059.175567, 536.558341, 1.000000
2059.030090, 536.576124, 1.000000
2058.885004, 536.578806, 1.000000
2058.740225, 536.584382, 1.000000
2058.594981, 536.577893, 1.000000
2058.449737, 536.571404, 1.000000
2058.304028, 536.552850, 1.000000
2058.158784, 536.546361, 1.000000
2057.594722, 537.278486, 0.000000
2057.552348, 536.511382, 0.000000
2057.409357, 536.479535, 0.000000
2057.264716, 536.459741, 0.000000
2057.121725, 536.427894, 0.000000
2056.977084, 536.408101, 0.000000
2056.944080, 536.401667, 0.000000
2056.799678, 536.378848, 0.000000
2056.655277, 536.356029, 1.000000
2056.510875, 536.333210, 1.000000
2056.367366, 536.298283, 1.000000
2056.223857, 536.263356, 1.000000
2056.079455, 536.240537, 1.000000
2055.932375, 536.254042, 1.000000
2055.785997, 536.262421, 1.000000
2055.641132, 536.251741, 1.000000
2055.498047, 536.216918, 1.000000
2055.354072, 536.194166, 1.000000
2055.210097, 536.171415, 1.000000
2055.065231, 536.160735, 1.000000
2054.916080, 536.205024, 1.000000
2054.770657, 536.194304, 1.000000
2054.626127, 536.171465, 1.000000
2054.481597, 536.148625, 1.000000
2054.337067, 536.125786, 1.000000
2054.192538, 536.102947, 1.000000
2054.048901, 536.067989, 1.000000
2053.902584, 536.069387, 1.000000
2053.756051, 536.072349, 0.000000
2053.610493, 536.061619, 0.000000
2053.464041, 536.063018, 0.000000
2053.318483, 536.052287, 0.000000
2053.172925, 536.041557, 0.000000
2053.026473, 536.042956, 0.000000
2052.880915, 536.032226, 0.000000
2052.736215, 536.012467, 0.000000
2052.590532, 536.013859, 0.000000
2052.445738, 536.003185, 0.000000
2052.300944, 535.992510, 0.000000
2052.155261, 535.993902, 0.000000
2052.010467, 535.983228, 0.000000
2051.865674, 535.972554, 0.000000
2051.719567, 535.971003, 0.000000
2051.573115, 535.972403, 0.000000
2051.427557, 535.961672, 0.000000
2051.281999, 535.950942, 0.000000
2051.135547, 535.952341, 0.000000
2050.989989, 535.941611, 0.000000
2050.844431, 535.930880, 0.000000
2050.698745, 535.924707, 0.000000
2050.553807, 535.914023, 0.000000
