2159.123233, -744.182658, 1.000000
2159.245293, -744.142052, 1.000000
2159.388094, -744.109509, 1.000000
2159.532603, -744.089009, 1.000000
2159.677114, -744.068525, 1.000000
2159.821622, -744.048025, 1.000000
2159.964422, -744.015483, 1.000000
2160.107222, -743.982941, 1.000000
2160.250022, -743.950399, 0.000000
2160.394530, -743.929899, 0.000000
2160.539036, -743.909384, 0.000000
2160.683545, -743.888884, 0.000000
2160.828055, -743.868384, 0.000000
2160.972566, -743.847900, 0.000000
2161.117074, -743.827400, 0.000000
2161.261582, -743.806900, 0.000000
2161.406090, -743.786400, 0.000000
2161.550598, -743.765901, 0.000000
2161.695107, -743.745401, 0.000000
2161.841321, -743.736928, 0.000000
2161.985830, -743.716428, 0.000000
2162.130339, -743.695928, 0.000000
2162.274851, -743.675444, 0.000000
2162.419359, -743.654944, 0.000000
2162.563867, -743.634444, 0.000000
2162.708375, -743.613944, 0.000000
2162.852883, -743.593445, 0.000000
2162.997391, -743.572945, 0.000000
2163.141900, -743.552445, 0.000000
2163.286406, -743.531930, 0.000000
2163.430916, -743.511430, 0.000000
2163.575425, -743.490930, 0.000000
2163.719935, -743.470446, 0.000000
2163.864444, -743.449946, 0.000000
2164.008952, -743.429446, 0.000000
2164.153460, -743.408946, 0.000000
2164.297968, -743.388447, 0.000000
2164.442476, -743.367947, 0.000000
2164.586983, -743.347431, 0.000000
2164.733200, -743.338974, 0.000000
2164.877709, -743.318474, 0.000000
2165.022220, -743.297990, 0.000000
2165.166729, -743.277490, 0.000000
2165.311237, -743.256990, 0.000000
2165.455745, -743.236490, 0.000000
2165.600253, -743.215991, 0.000000
2165.744761, -743.195491, 0.000000
2166.033777, -743.154476, 0.000000
2166.179994, -743.146018, 1.000000
2166.322797, -743.113491, 1.000000
2166.465597, -743.080949, 1.000000
2166.610105, -743.060450, 1.000000
2166.754613, -743.039950, 1.000000
2166.899121, -743.019450, 1.000000
2167.041921, -742.986908, 1.000000
2167.186427, -742.966392, 1.000000
2167.330936, -742.945892, 1.000000
2167.473737, -742.913350, 1.000000
2167.618249, -742.892866, 1.000000
2167.762757, -742.872366, 1.000000
2167.907265, -742.851867, 1.000000
2168.051773, -742.831367, 1.000000
2168.196281, -742.810867, 1.000000
2168.340789, -742.790367, 1.000000
2168.483589, -742.757825, 1.000000
2168.628096, -742.737309, 1.000000
2168.772605, -742.716809, 1.000000
2168.917114, -742.696309, 1.000000
2169.061625, -742.675826, 1.000000
2169.206133, -742.655326, 1.000000
2169.350641, -742.634826, 1.000000
2169.495150, -742.614326, 1.000000
2169.639658, -742.593827, 1.000000
2175.629039, -741.844896, 1.000000
2175.771961, -741.800926, 1.000000
2175.916516, -741.769138, 1.000000
2176.062705, -741.749532, 1.000000
2176.208894, -741.729927, 1.000000
2176.358349, -741.734671, 1.000000
2176.502905, -741.702883, 1.000000
2176.650729, -741.695460, 1.000000
2176.798554, -741.688052, 1.000000
2176.943110, -741.656264, 1.000000
2177.089299, -741.636659, 1.000000
2177.235488, -741.617053, 1.000000
2177.381677, -741.597448, 1.000000
2177.529497, -741.590009, 1.000000
2177.675688, -741.570404, 1.000000
2177.821878, -741.550798, 1.000000
2177.968069, -741.531208, 1.000000
2178.112625, -741.499420, 1.000000
2178.258814, -741.479815, 1.000000
2178.403369, -741.448027, 1.000000
2178.547924, -741.416239, 1.000000
2178.692479, -741.384451, 1.000000
2178.983223, -741.333042, 0.000000
2179.129413, -741.313436, 0.000000
2179.275605, -741.293847, 0.000000
2179.421794, -741.274241, 0.000000
2179.567983, -741.254636, 0.000000
2179.714172, -741.235030, 0.000000
2179.860361, -741.215425, 0.000000
2180.006548, -741.195803, 0.000000
2180.152738, -741.176198, 0.000000
2180.300562, -741.168775, 0.000000
2180.446754, -741.149185, 0.000000
2180.592943, -741.129580, 0.000000
2180.739132, -741.109974, 0.000000
2180.885321, -741.090369, 0.000000
2181.031510, -741.070763, 0.000000
2181.177699, -741.051158, 0.000000
2181.323886, -741.031536, 0.000000
2181.470076, -741.011931, 0.000000
2181.616267, -740.992325, 0.000000
2181.762458, -740.972736, 0.000000
2181.908647, -740.953130, 0.000000
2182.054836, -740.933525, 0.000000
2182.201025, -740.913919, 0.000000
2182.347214, -740.894314, 0.000000
2182.493401, -740.874692, 0.000000
2182.639591, -740.855087, 0.000000
2182.785781, -740.835481, 0.000000
2182.931973, -740.815892, 0.000000
2183.078162, -740.796286, 0.000000
2183.225985, -740.788863, 0.000000
2183.372174, -740.769258, 0.000000
2183.518363, -740.749652, 0.000000
2183.664552, -740.730047, 0.000000
2183.810739, -740.710425, 0.000000
2183.956930, -740.690820, 0.000000
2184.103120, -740.671214, 0.000000
2184.249311, -740.651625, 0.000000
2184.395500, -740.632019, 0.000000
2184.526882, -740.619918, 0.000000
2184.672563, -740.599309, 1.000000
2184.816525, -740.566559, 1.000000
2184.923183, -740.604111, 1.000000
2185.067338, -740.580490, 1.000000
2185.209525, -740.544856, 1.000000
2185.353682, -740.521251, 1.000000
2185.497836, -740.497630, 1.000000
2185.640021, -740.461996, 1.000000
2185.784175, -740.438375, 1.000000
2185.926361, -740.402742, 1.000000
2186.070515, -740.379121, 1.000000
2186.214667, -740.355484, 1.000000
2186.356853, -740.319850, 1.000000
2186.501008, -740.296229, 1.000000
2186.647134, -740.284637, 1.000000
2186.789319, -740.249004, 1.000000
2186.933473, -740.225383, 1.000000
2187.077627, -740.201762, 1.000000
2187.221781, -740.178141, 1.000000
2187.365933, -740.154504, 1.000000
2187.508119, -740.118870, 1.000000
2187.652274, -740.095249, 1.000000
2187.794463, -740.059632, 1.000000
2187.928775, -739.975947, 1.000000
2188.072929, -739.952326, 1.000000
2188.215115, -739.916692, 0.000000
2188.359268, -739.893071, 0.000000
2188.501454, -739.857438, 0.000000
2188.645606, -739.833800, 0.000000
2188.789761, -739.810179, 0.000000
2188.933916, -739.786558, 0.000000
2189.076104, -739.750941, 0.000000
2189.220258, -739.727320, 0.000000
2189.364412, -739.703699, 0.000000
2189.508566, -739.680078, 0.000000
2189.650752, -739.644445, 0.000000
2189.794903, -739.620807, 0.000000
2189.939058, -739.597186, 0.000000
2190.083213, -739.573565, 0.000000
2190.225402, -739.537948, 0.000000
2190.369556, -739.514327, 0.000000
2190.513710, -739.490706, 0.000000
2190.657864, -739.467086, 0.000000
2190.800050, -739.431452, 0.000000
2190.944204, -739.407831, 0.000000
2191.088356, -739.384193, 0.000000
2191.232511, -739.360572, 0.000000
2191.374697, -739.324938, 0.000000
2191.518854, -739.301334, 0.000000
2191.663008, -739.277714, 0.000000
2191.807162, -739.254093, 0.000000
2191.949348, -739.218459, 0.000000
2192.093502, -739.194838, 0.000000
2192.237653, -739.171200, 0.000000
2192.381808, -739.147579, 0.000000
2192.523995, -739.111945, 0.000000
2192.668152, -739.088342, 0.000000
2192.812306, -739.064721, 0.000000
2192.956460, -739.041100, 0.000000
2193.098646, -739.005466, 0.000000
2193.242800, -738.981846, 0.000000
2193.386954, -738.958225, 0.000000
2193.531105, -738.934587, 0.000000
2193.673292, -738.898953, 0.000000
2193.963572, -738.863741, 1.000000
2194.103790, -738.816094, 1.000000
2194.247943, -738.792474, 1.000000
2194.392097, -738.768853, 1.000000
2194.534283, -738.733219, 1.000000
2194.680403, -738.721594, 1.000000
2194.824558, -738.697973, 1.000000
2194.966744, -738.662339, 1.000000
2195.110902, -738.638735, 1.000000
2195.255056, -738.615114, 1.000000
2195.397241, -738.579481, 1.000000
2195.541395, -738.555860, 1.000000
2195.683581, -738.520226, 1.000000
2195.825766, -738.484593, 1.000000
2195.971887, -738.472967, 1.000000
2196.114073, -738.437333, 1.000000
2196.258228, -738.413712, 1.000000
2196.400417, -738.378096, 1.000000
2196.542602, -738.342462, 1.000000
2196.694141, -738.331046, 1.000000
2196.837577, -738.307859, 1.000000
2196.977149, -738.260767, 1.000000
2197.135063, -738.253335, 0.000000
2197.276902, -738.231115, 0.000000
2197.418742, -738.208895, 0.000000
2197.560583, -738.186694, 0.000000
2197.702421, -738.164474, 0.000000
2197.846111, -738.154074, 0.000000
2197.987949, -738.131855, 0.000000
2198.129788, -738.109635, 0.000000
2198.271626, -738.087416, 0.000000
2198.413462, -738.065178, 0.000000
2198.555301, -738.042959, 0.000000
2198.697140, -738.020739, 0.000000
2198.838981, -737.998537, 0.000000
2198.980819, -737.976318, 0.000000
2199.122658, -737.954098, 0.000000
2199.264496, -737.931879, 0.000000
2199.408185, -737.921479, 0.000000
2199.550021, -737.899242, 0.000000
2199.691860, -737.877022, 0.000000
2199.833699, -737.854803, 0.000000
2199.975541, -737.832601, 0.000000
2200.117379, -737.810381, 0.000000
2200.259217, -737.788162, 0.000000
2200.401055, -737.765942, 0.000000
2200.542894, -737.743723, 0.000000
2200.684732, -737.721503, 0.000000
2200.826568, -737.699266, 0.000000
2200.970259, -737.688866, 0.000000
2201.112098, -737.666646, 0.000000
2201.253939, -737.644445, 0.000000
2201.395777, -737.622225, 0.000000
2201.537615, -737.600006, 0.000000
2201.679453, -737.577786, 0.000000
2201.821292, -737.555567, 0.000000
2201.963127, -737.533329, 0.000000
2202.104966, -737.511110, 0.000000
2202.246806, -737.488890, 0.000000
2202.388647, -737.466688, 0.000000
2202.532337, -737.456288, 0.000000
2202.674175, -737.434069, 0.000000
2202.816013, -737.411849, 0.000000
2202.957851, -737.389630, 0.000000
2203.099690, -737.367410, 0.000000
2203.243377, -737.356993, 1.000000
2203.381513, -737.311134, 1.000000
2203.525204, -737.300734, 1.000000
2203.668897, -737.290352, 1.000000
2203.808883, -737.256312, 1.000000
2203.952573, -737.245913, 1.000000
2204.096263, -737.235513, 1.000000
2204.234398, -737.189654, 1.000000
2204.387343, -737.238336, 1.000000
2204.529182, -737.216117, 1.000000
2204.669170, -737.182077, 1.000000
2204.816566, -737.195334, 1.000000
2204.956553, -737.161295, 1.000000
2205.098391, -737.139075, 1.000000
2205.243932, -737.140495, 1.000000
2205.383919, -737.106456, 1.000000
2205.525757, -737.084237, 1.000000
2205.669445, -737.073820, 1.000000
2205.809432, -737.039780, 1.000000
2205.953123, -737.029381, 1.000000
2206.096816, -737.018998, 1.000000
2206.234951, -736.973139, 1.000000
2206.371234, -736.915460, 1.000000
2206.514924, -736.905060, 1.000000
2206.653059, -736.859201, 0.000000
2206.794894, -736.836964, 0.000000
2206.936733, -736.814744, 0.000000
2207.078573, -736.792525, 0.000000
2207.220414, -736.770322, 0.000000
2207.362252, -736.748103, 0.000000
2207.504090, -736.725883, 0.000000
2207.645929, -736.703664, 0.000000
2207.787767, -736.681444, 0.000000
2207.929605, -736.659225, 0.000000
2208.071441, -736.636988, 0.000000
2208.213280, -736.614768, 0.000000
2208.355119, -736.592549, 0.000000
2208.496961, -736.570346, 0.000000
2208.638799, -736.548127, 0.000000
2208.656985, -736.508178, 0.000000
2208.799892, -736.478503, 0.000000
2208.942800, -736.448827, 0.000000
2208.720935, -736.505264, 0.000000
2208.858319, -736.453675, 0.000000
2208.995703, -736.402086, 0.000000
2209.133093, -736.350514, 0.000000
2209.270476, -736.298926, 0.000000
2209.407859, -736.247337, 0.000000
2209.545242, -736.195749, 0.000000
2209.682625, -736.144160, 0.000000
2209.820002, -736.092555, 0.000000
2209.957386, -736.040966, 0.000000
2210.094770, -735.989377, 0.000000
2210.232160, -735.937805, 0.000000
2210.369543, -735.886216, 0.000000
2210.506926, -735.834628, 0.000000
2210.644309, -735.783039, 0.000000
2210.781693, -735.731451, 0.000000
2210.919070, -735.679845, 0.000000
2211.056454, -735.628257, 0.000000
2211.193838, -735.576668, 0.000000
2211.331228, -735.525096, 0.000000
2211.468611, -735.473507, 0.000000
2211.623190, -735.467713, 1.000000
2211.782068, -735.473367, 1.000000
2211.919451, -735.421779, 1.000000
2212.065427, -735.393071, 1.000000
2212.198512, -735.330034, 1.000000
2212.331597, -735.266996, 1.000000
2212.473286, -735.226872, 1.000000
2212.602071, -735.152386, 1.000000
2212.743753, -735.112246, 1.000000
2212.885435, -735.072106, 1.000000
2213.018519, -735.009069, 1.000000
2213.160195, -734.968913, 1.000000
2213.293280, -734.905876, 1.000000
2213.430664, -734.854287, 1.000000
2213.576652, -734.825611, 1.000000
2213.705437, -734.751126, 1.000000
2213.847119, -734.710986, 1.000000
2213.984502, -734.659397, 1.000000
2214.117586, -734.596360, 1.000000
2214.263562, -734.567653, 1.000000
2214.396647, -734.504615, 1.000000
2214.534031, -734.453026, 1.000000
2214.675719, -734.412902, 1.000000
2214.808803, -734.349865, 1.000000
2214.933289, -734.263930, 1.000000
2215.044878, -734.143650, 0.000000
2215.182261, -734.092062, 0.000000
2215.319638, -734.040456, 0.000000
2215.457023, -733.988868, 0.000000
2215.594407, -733.937279, 0.000000
2215.731796, -733.885707, 0.000000
2215.869180, -733.834118, 0.000000
2216.006563, -733.782529, 0.000000
2216.143946, -733.730941, 0.000000
2216.281329, -733.679352, 0.000000
2216.418706, -733.627747, 0.000000
2216.556090, -733.576158, 0.000000
2216.693474, -733.524569, 0.000000
2216.830864, -733.472997, 0.000000
2216.968247, -733.421409, 0.000000
2217.105630, -733.369820, 0.000000
2217.243013, -733.318231, 0.000000
2217.380396, -733.266643, 0.000000
2217.517773, -733.215038, 0.000000
2217.655157, -733.163449, 0.000000
2217.792542, -733.111860, 0.000000
2217.929931, -733.060288, 0.000000
2218.063015, -732.997251, 0.000000
2218.200398, -732.945662, 0.000000
2218.337782, -732.894073, 0.000000
2218.475165, -732.842485, 0.000000
2218.612542, -732.790880, 0.000000
2218.749926, -732.739291, 0.000000
2218.887310, -732.687702, 0.000000
2219.024700, -732.636130, 0.000000
2219.162083, -732.584541, 0.000000
2219.299466, -732.532953, 0.000000
2219.341617, -732.507399, 0.000000
2219.477119, -732.450172, 0.000000
2219.388448, -732.482598, 0.000000
2219.518274, -732.411967, 0.000000
2219.648100, -732.341336, 0.000000
2219.777934, -732.270722, 0.000000
2219.907758, -732.200091, 0.000000
2220.037583, -732.129461, 0.000000
2220.167408, -732.058830, 0.000000
2220.297224, -731.988184, 0.000000
2220.427050, -731.917553, 0.000000
2220.556876, -731.846922, 0.000000
2220.692596, -731.787126, 1.000000
2220.816535, -731.705677, 1.000000
2220.958131, -731.656684, 1.000000
2221.082070, -731.575235, 1.000000
2221.206009, -731.493785, 1.000000
2221.341712, -731.433958, 1.000000
2221.459766, -731.341689, 1.000000
2221.595486, -731.281893, 1.000000
2221.719425, -731.200444, 1.000000
2221.849250, -731.129813, 1.000000
2221.979075, -731.059183, 1.000000
2222.097128, -730.966915, 1.000000
2222.232830, -730.907087, 1.000000
2222.350884, -730.814818, 1.000000
2222.480719, -730.744203, 1.000000
2222.610544, -730.673573, 1.000000
2222.734483, -730.592124, 1.000000
2222.870193, -730.532312, 1.000000
2222.988246, -730.440044, 1.000000
2223.123949, -730.380216, 1.000000
2223.247889, -730.298766, 1.000000
2223.377714, -730.228135, 1.000000
2223.513434, -730.168340, 1.000000
2223.637373, -730.086891, 1.000000
2223.778970, -730.037898, 1.000000
2223.897023, -729.945630, 1.000000
2224.032725, -729.885802, 1.000000
2224.156665, -729.804352, 1.000000
2224.280604, -729.722902, 1.000000
2224.422210, -729.673925, 1.000000
2224.540263, -729.581658, 1.000000
2224.652431, -729.478571, 0.000000
2224.782255, -729.407940, 0.000000
2224.906194, -729.326491, 0.000000
2225.036011, -729.255844, 0.000000
2225.165837, -729.185213, 0.000000
2225.289785, -729.103780, 0.000000
2225.419610, -729.033149, 0.000000
2225.549435, -728.962519, 0.000000
2225.679260, -728.891889, 0.000000
2225.803199, -728.810439, 0.000000
2225.933015, -728.739792, 0.000000
2226.062841, -728.669161, 0.000000
2226.186790, -728.587728, 0.000000
2226.316615, -728.517098, 0.000000
2226.446440, -728.446467, 0.000000
2226.570379, -728.365018, 0.000000
2226.700203, -728.294387, 0.000000
2226.830019, -728.223740, 0.000000
2226.959845, -728.153109, 0.000000
2227.083785, -728.071659, 0.000000
2227.213619, -728.001046, 0.000000
2227.343444, -727.930415, 0.000000
2227.467383, -727.848966, 0.000000
2227.597208, -727.778336, 0.000000
2227.727023, -727.707688, 0.000000
2227.856849, -727.637057, 0.000000
2227.980789, -727.555607, 0.000000
2228.110624, -727.484994, 0.000000
2228.240449, -727.414363, 0.000000
2228.230569, -727.488884, 0.000000
2228.351709, -727.411007, 0.000000
2228.472849, -727.333130, 0.000000
2228.253943, -727.483126, 0.000000
2228.353786, -727.378092, 0.000000
2228.461644, -727.282060, 0.000000
2228.569490, -727.186015, 0.000000
2228.669331, -727.080982, 0.000000
2228.777176, -726.984936, 0.000000
2228.885022, -726.888891, 0.000000
2228.984850, -726.783844, 0.000000
2229.092696, -726.687797, 0.000000
2229.216550, -726.609725, 1.000000
2229.332412, -726.522681, 1.000000
2229.424250, -726.408661, 1.000000
2229.532095, -726.312615, 1.000000
2229.639941, -726.216570, 1.000000
2229.731778, -726.102550, 1.000000
2229.871626, -726.042438, 1.000000
2229.979472, -725.946392, 1.000000
2230.079314, -725.841358, 1.000000
2230.211184, -725.772288, 1.000000
2230.311026, -725.667256, 1.000000
2230.434879, -725.589184, 1.000000
2230.542724, -725.493139, 1.000000
2230.634562, -725.379119, 1.000000
2230.774410, -725.319007, 1.000000
2230.866248, -725.204987, 1.000000
2230.990102, -725.126915, 1.000000
2231.121971, -725.057844, 1.000000
2231.205805, -724.934837, 1.000000
2231.313650, -724.838792, 0.000000
2231.413492, -724.733759, 0.000000
2231.521337, -724.637713, 0.000000
2231.629171, -724.541653, 0.000000
2231.729013, -724.436620, 0.000000
2231.836871, -724.340588, 0.000000
2231.944717, -724.244542, 0.000000
2232.044558, -724.139509, 0.000000
2232.152403, -724.043464, 0.000000
2232.252245, -723.938431, 0.000000
2232.360077, -723.842371, 0.000000
2232.467923, -723.746325, 0.000000
2232.567766, -723.641291, 0.000000
2232.675624, -723.545260, 0.000000
2232.783469, -723.449214, 0.000000
2232.883311, -723.344181, 0.000000
2232.991156, -723.248136, 0.000000
2233.099001, -723.152090, 0.000000
2233.198830, -723.047043, 0.000000
2233.306676, -722.950996, 0.000000
2233.414522, -722.854950, 0.000000
2233.514377, -722.749932, 0.000000
2233.622222, -722.653886, 0.000000
2233.730068, -722.557840, 0.000000
2233.829909, -722.452808, 0.000000
2233.937754, -722.356762, 0.000000
2234.037583, -722.251714, 0.000000
2234.145429, -722.155668, 0.000000
2234.253275, -722.059622, 0.000000
2234.353130, -721.954604, 0.000000
2234.460975, -721.858558, 0.000000
2234.568820, -721.762512, 0.000000
2234.668662, -721.657480, 0.000000
2234.776507, -721.561434, 0.000000
2234.884340, -721.465373, 0.000000
2234.984182, -721.360340, 0.000000
2235.092041, -721.264308, 0.000000
2235.199886, -721.168263, 0.000000
2235.299728, -721.063230, 0.000000
2235.407573, -720.967184, 0.000000
2235.515418, -720.871139, 0.000000
2235.615247, -720.766091, 0.000000
2235.723093, -720.670045, 0.000000
2235.822935, -720.565011, 0.000000
2235.930794, -720.468980, 0.000000
2236.038639, -720.372935, 1.000000
2236.154488, -720.285876, 1.000000
2236.155481, -720.280109, 1.000000
2236.241430, -720.161515, 1.000000
2236.029738, -720.342843, 1.000000
2236.107824, -720.217852, 1.000000
2236.185910, -720.092861, 1.000000
2236.283623, -719.982531, 1.000000
2236.351903, -719.850217, 1.000000
2236.439794, -719.732551, 1.000000
2236.527685, -719.614885, 1.000000
2236.595965, -719.482571, 1.000000
2236.693645, -719.372217, 1.000000
2236.761926, -719.239901, 1.000000
2236.849817, -719.122235, 1.000000
2236.947531, -719.011906, 1.000000
2237.015811, -718.879591, 1.000000
2237.113507, -718.769250, 1.000000
2237.191592, -718.644260, 1.000000
2237.279483, -718.526594, 1.000000
2237.377163, -718.416239, 1.000000
2237.445444, -718.283924, 1.000000
2237.543158, -718.173595, 1.000000
2237.631049, -718.055929, 1.000000
2237.699329, -717.923614, 1.000000
2237.767609, -717.791300, 0.000000
2237.855500, -717.673634, 0.000000
2237.943373, -717.555956, 0.000000
2238.041071, -717.445613, 0.000000
2238.128962, -717.327947, 0.000000
2238.216871, -717.210293, 0.000000
2238.304762, -717.092627, 0.000000
2238.392653, -716.974962, 0.000000
2238.490349, -716.864620, 0.000000
2238.578240, -716.746954, 0.000000
2238.666114, -716.629275, 0.000000
2238.754006, -716.511609, 0.000000
2238.851703, -716.401266, 0.000000
2238.939611, -716.283613, 0.000000
2239.027502, -716.165947, 0.000000
2239.115393, -716.048282, 0.000000
2239.203284, -715.930616, 0.000000
2239.300980, -715.820274, 0.000000
2239.388854, -715.702595, 0.000000
2239.476746, -715.584929, 0.000000
2239.564638, -715.467262, 0.000000
2239.652546, -715.349609, 0.000000
2239.750242, -715.239267, 0.000000
2239.838133, -715.121602, 0.000000
2239.926024, -715.003936, 0.000000
2240.013915, -714.886270, 0.000000
2240.101789, -714.768591, 0.000000
2240.199487, -714.658249, 0.000000
2240.287395, -714.540595, 0.000000
2240.375286, -714.422929, 0.000000
2240.463177, -714.305263, 0.000000
2240.560873, -714.194922, 0.000000
2240.648764, -714.077256, 0.000000
2240.736638, -713.959577, 0.000000
2240.824530, -713.841911, 0.000000
2240.912422, -713.724244, 0.000000
2241.010135, -713.613915, 0.000000
2241.098026, -713.496249, 0.000000
2241.185917, -713.378583, 0.000000
2241.273808, -713.260917, 1.000000
2241.342088, -713.128603, 1.000000
2241.449573, -713.025573, 1.000000
2241.527659, -712.900582, 1.000000
2241.615551, -712.782915, 1.000000
2241.713264, -712.672586, 1.000000
2241.781544, -712.540272, 1.000000
2241.889046, -712.437254, 1.000000
2241.967132, -712.312264, 1.000000
2242.055023, -712.194599, 1.000000
2242.152703, -712.084244, 1.000000
2242.230789, -711.959253, 1.000000
2242.318680, -711.841587, 1.000000
2242.416394, -711.731258, 1.000000
2242.484674, -711.598943, 1.000000
2242.550962, -711.595897, 1.000000
2242.623695, -711.469305, 1.000000
2242.696427, -711.342713, 1.000000
2242.553829, -711.537882, 1.000000
2242.609374, -711.401202, 1.000000
2242.697723, -711.281150, 1.000000
2242.753268, -711.144471, 1.000000
2242.797884, -711.002252, 1.000000
2242.853429, -710.865573, 0.000000
2242.919902, -710.734434, 0.000000
2242.997285, -710.608823, 0.000000
2243.063759, -710.477683, 0.000000
2243.130232, -710.346542, 0.000000
2243.196725, -710.215412, 0.000000
2243.263198, -710.084272, 0.000000
2243.329671, -709.953132, 0.000000
2243.407072, -709.827532, 0.000000
2243.473545, -709.696392, 0.000000
2243.540000, -709.565242, 0.000000
2243.606474, -709.434102, 0.000000
2243.672966, -709.302971, 0.000000
2243.750368, -709.177371, 0.000000
2243.816841, -709.046231, 0.000000
2243.883314, -708.915091, 0.000000
2243.949787, -708.783951, 0.000000
2244.016242, -708.652802, 0.000000
2244.093644, -708.527201, 0.000000
2244.160117, -708.396060, 0.000000
2244.226609, -708.264930, 0.000000
2244.293082, -708.133790, 0.000000
2244.359556, -708.002650, 0.000000
2244.436957, -707.877050, 0.000000
2244.503430, -707.745910, 0.000000
2244.569885, -707.614760, 0.000000
2244.636359, -707.483620, 0.000000
2244.702851, -707.352489, 0.000000
2244.780252, -707.226888, 0.000000
2244.846726, -707.095749, 0.000000
2244.913199, -706.964609, 0.000000
2244.979672, -706.833469, 0.000000
2245.046127, -706.702320, 0.000000
2245.112600, -706.571179, 0.000000
2245.190002, -706.445578, 0.000000
2245.256494, -706.314447, 0.000000
2245.322967, -706.183308, 0.000000
2245.389440, -706.052168, 0.000000
2245.455913, -705.921028, 0.000000
2245.533315, -705.795428, 0.000000
2245.599770, -705.664278, 0.000000
2245.677172, -705.538677, 1.000000
2245.765521, -705.418625, 1.000000
2245.821065, -705.281946, 1.000000
2245.887539, -705.150806, 1.000000
2245.975868, -705.030745, 1.000000
2246.031413, -704.894066, 1.000000
2246.119725, -704.773996, 1.000000
2246.175270, -704.637316, 1.000000
2246.252672, -704.511715, 1.000000
2246.330092, -704.386123, 1.000000
2246.385637, -704.249444, 1.000000
2246.473967, -704.129383, 1.000000
2246.529511, -703.992704, 1.000000
2246.595985, -703.861564, 1.000000
2246.684297, -703.741494, 1.000000
2246.739842, -703.604814, 1.000000
2246.817262, -703.479222, 1.000000
2246.883735, -703.348082, 1.000000
2246.950208, -703.216942, 1.000000
2247.027610, -703.091342, 1.000000
2247.083155, -702.954663, 1.000000
2247.171467, -702.834593, 1.000000
2247.248869, -702.708992, 1.000000
2247.293486, -702.566772, 0.000000
2247.359977, -702.435641, 0.000000
2247.437378, -702.310041, 0.000000
2247.419050, -702.424366, 0.000000
2247.472012, -702.288765, 0.000000
2247.536274, -702.157577, 0.000000
2247.412209, -702.491949, 0.000000
2247.438943, -702.347686, 0.000000
2247.465696, -702.203427, 0.000000
2247.504452, -702.061393, 0.000000
2247.531186, -701.917131, 0.000000
2247.557920, -701.772869, 0.000000
2247.596676, -701.630834, 0.000000
2247.623391, -701.486568, 0.000000
2247.650125, -701.342305, 0.000000
2247.688881, -701.200270, 0.000000
2247.715634, -701.056011, 0.000000
2247.742368, -700.911749, 0.000000
2247.769102, -700.767487, 0.000000
2247.807858, -700.625453, 0.000000
2247.834592, -700.481191, 0.000000
2247.861307, -700.336925, 0.000000
2247.900063, -700.194889, 0.000000
2247.926816, -700.050630, 0.000000
2247.953550, -699.906368, 0.000000
2247.980284, -699.762106, 0.000000
2248.019040, -699.620072, 0.000000
2248.045774, -699.475810, 0.000000
2248.072490, -699.331544, 0.000000
2248.111246, -699.189509, 0.000000
2248.137980, -699.045246, 0.000000
2248.164733, -698.900987, 0.000000
2248.191467, -698.756725, 0.000000
2248.230222, -698.614691, 0.000000
2248.256956, -698.470429, 0.000000
2248.283690, -698.326166, 0.000000
2248.322428, -698.184128, 0.000000
2248.349162, -698.039865, 0.000000
2248.375915, -697.895606, 0.000000
2248.414671, -697.753571, 0.000000
2248.441405, -697.609309, 0.000000
2248.468139, -697.465047, 0.000000
2248.494873, -697.320785, 0.000000
2248.533610, -697.178747, 0.000000
2248.572366, -697.036712, 1.000000
2248.599101, -696.892449, 1.000000
2248.637875, -696.750418, 1.000000
2248.652587, -696.603928, 1.000000
2248.679321, -696.459666, 1.000000
2248.706055, -696.315404, 1.000000
2248.732789, -696.171142, 1.000000
2248.783549, -696.031331, 1.000000
2248.810283, -695.887068, 1.000000
2248.837035, -695.742809, 1.000000
2248.863769, -695.598547, 1.000000
2248.890503, -695.454285, 1.000000
2248.917237, -695.310023, 1.000000
2248.943971, -695.165761, 1.000000
2248.970687, -695.021495, 1.000000
2248.997421, -694.877232, 1.000000
2249.024156, -694.732969, 1.000000
2249.062929, -694.590938, 1.000000
2249.077642, -694.444448, 1.000000
2249.116397, -694.302414, 1.000000
2249.143131, -694.158152, 1.000000
2249.169865, -694.013890, 1.000000
2249.208604, -693.871851, 1.000000
2249.223316, -693.725360, 1.000000
2249.226024, -693.576645, 0.000000
2249.264780, -693.434611, 0.000000
2249.291514, -693.290349, 0.000000
2249.318248, -693.146087, 0.000000
2249.357004, -693.004053, 0.000000
2249.383720, -692.859787, 0.000000
2249.410454, -692.715524, 0.000000
2249.449211, -692.573489, 0.000000
2249.475962, -692.429230, 0.000000
2249.502696, -692.284968, 0.000000
2249.495401, -692.290466, 0.000000
2249.525390, -692.145799, 0.000000
2249.543199, -691.999648, 0.000000
2249.541637, -692.098719, 0.000000
2249.557000, -691.952403, 0.000000
2249.560166, -691.805826, 0.000000
2249.563314, -691.659249, 0.000000
2249.578677, -691.512934, 0.000000
2249.581824, -691.366357, 0.000000
2249.584972, -691.219780, 0.000000
2249.600317, -691.073464, 0.000000
2249.603465, -690.926886, 0.000000
2249.606631, -690.780309, 0.000000
2249.621994, -690.633994, 0.000000
2249.625142, -690.487417, 0.000000
2249.628289, -690.340840, 0.000000
2249.643652, -690.194525, 0.000000
2249.646783, -690.047947, 0.000000
2249.649930, -689.901369, 0.000000
2249.665311, -689.755054, 0.000000
2249.668459, -689.608477, 0.000000
2249.671607, -689.461900, 0.000000
2249.686969, -689.315585, 0.000000
2249.690117, -689.169008, 0.000000
2249.693248, -689.022430, 0.000000
2249.708611, -688.876114, 0.000000
2249.711776, -688.729537, 0.000000
2249.714924, -688.582960, 0.000000
2249.730286, -688.436646, 0.000000
2249.733434, -688.290069, 0.000000
2249.736582, -688.143492, 0.000000
2249.751928, -687.997176, 0.000000
2249.755076, -687.850597, 0.000000
2249.770455, -687.704283, 1.000000
2249.761389, -687.557443, 1.000000
2249.776751, -687.411129, 1.000000
2249.779899, -687.264552, 1.000000
2249.783047, -687.117975, 1.000000
2249.798393, -686.971659, 1.000000
2249.789326, -686.824818, 1.000000
2249.804706, -686.678503, 1.000000
2249.795639, -686.531664, 1.000000
2249.811002, -686.385349, 1.000000
2249.814150, -686.238772, 1.000000
2249.805083, -686.091933, 1.000000
2249.820428, -685.945617, 1.000000
2249.811362, -685.798777, 1.000000
2249.838956, -685.652724, 1.000000
2249.829889, -685.505885, 1.000000
2249.845252, -685.359570, 1.000000
2249.848400, -685.212993, 1.000000
2249.851548, -685.066416, 1.000000
2249.866894, -684.920100, 1.000000
2249.845612, -684.772997, 1.000000
2249.873206, -684.626945, 1.000000
2249.851925, -684.479843, 1.000000
2249.855073, -684.333266, 1.000000
2249.858221, -684.186689, 0.000000
2249.873583, -684.040374, 0.000000
2249.876714, -683.893796, 0.000000
2249.879862, -683.747218, 0.000000
2249.895242, -683.600903, 0.000000
2249.898390, -683.454326, 0.000000
2249.913752, -683.308011, 0.000000
2249.916900, -683.161434, 0.000000
2249.932263, -683.015120, 0.000000
2249.935394, -682.868541, 0.000000
2249.950757, -682.722226, 0.000000
2249.953922, -682.575648, 0.000000
2249.969284, -682.429334, 0.000000
2249.948662, -682.313828, 0.000000
2249.949755, -682.165715, 0.000000
2249.963192, -682.017693, 0.000000
2250.030382, -682.063725, 0.000000
2250.030875, -681.919705, 0.000000
2250.019461, -681.776637, 0.000000
2250.019953, -681.632618, 0.000000
2250.008523, -681.489552, 0.000000
2250.009016, -681.345534, 0.000000
2249.997586, -681.202468, 0.000000
2249.986141, -681.059403, 0.000000
2249.986633, -680.915383, 0.000000
2249.975203, -680.772316, 0.000000
2249.975711, -680.628296, 0.000000
2249.964281, -680.485230, 0.000000
2249.964774, -680.341211, 0.000000
2249.953344, -680.198145, 0.000000
2249.953836, -680.054126, 0.000000
2249.942391, -679.911061, 0.000000
2249.942883, -679.767041, 0.000000
2249.931454, -679.623974, 0.000000
2249.920039, -679.480907, 0.000000
2249.920531, -679.336888, 0.000000
2249.909102, -679.193822, 0.000000
2249.909594, -679.049803, 0.000000
2249.910086, -678.905785, 1.000000
2249.922486, -678.760814, 1.000000
2249.899134, -678.618700, 1.000000
2249.875797, -678.476584, 1.000000
2249.864367, -678.333518, 1.000000
2249.817171, -678.193309, 1.000000
2249.769974, -678.053100, 1.000000
2249.734700, -677.911939, 1.000000
2249.723271, -677.768873, 1.000000
2249.723747, -677.624855, 1.000000
2249.700395, -677.482740, 1.000000
2249.712825, -677.337767, 1.000000
2249.689473, -677.195654, 1.000000
2249.678044, -677.052588, 1.000000
2249.666614, -676.909521, 1.000000
2249.798250, -676.755026, 1.000000
2249.798728, -676.611008, 1.000000
2249.799220, -676.466988, 1.000000
2249.775868, -676.324874, 1.000000
2249.776375, -676.180854, 1.000000
2249.753023, -676.038740, 1.000000
2249.574683, -675.909009, 0.000000
2249.754008, -675.750703, 0.000000
2249.766423, -675.605732, 0.000000
2249.778823, -675.460761, 0.000000
2249.791238, -675.315789, 0.000000
2249.803652, -675.170817, 0.000000
2249.816081, -675.025845, 0.000000
2249.828495, -674.880874, 0.000000
2249.852832, -674.734950, 0.000000
2249.865246, -674.589979, 0.000000
2249.877661, -674.445008, 0.000000
2249.866711, -674.157923, 1.000000
2249.867216, -674.013902, 1.000000
2249.867708, -673.869884, 1.000000
2249.832434, -673.728722, 1.000000
2249.832926, -673.584704, 1.000000
2249.821497, -673.441638, 1.000000
2249.786223, -673.300477, 0.000000
2249.762858, -673.158363, 0.000000
2249.739506, -673.016249, 0.000000
2249.716166, -672.874133, 0.000000
2249.692814, -672.732019, 0.000000
2249.669463, -672.589906, 0.000000
2249.634188, -672.448745, 0.000000
2249.610836, -672.306631, 0.000000
2249.587471, -672.164518, 0.000000
2249.564119, -672.022404, 0.000000
2249.540767, -671.880289, 0.000000
2249.517428, -671.738174, 0.000000
2249.482154, -671.597013, 0.000000
2249.458802, -671.454899, 0.000000
2249.436539, -671.317049, 0.000000
2249.412883, -671.175064, 0.000000
2249.456559, -671.472162, 0.000000
2249.401003, -671.338663, 0.000000
2249.334016, -671.208841, 0.000000
2249.278475, -671.075339, 0.000000
2249.222920, -670.941841, 0.000000
2249.167365, -670.808343, 0.000000
2249.111810, -670.674845, 0.000000
2249.056255, -670.541347, 0.000000
2249.000685, -670.407853, 0.000000
2248.933698, -670.278031, 0.000000
2248.889589, -670.140851, 1.000000
2248.822603, -670.011030, 1.000000
2248.778479, -669.873855, 1.000000
2248.757217, -669.729326, 1.000000
2248.690231, -669.599505, 1.000000
2248.680387, -669.451304, 1.000000
2248.613400, -669.321482, 1.000000
2248.569276, -669.184306, 1.000000
2248.548029, -669.039772, 1.000000
2248.481042, -668.909951, 1.000000
2248.459781, -668.765423, 1.000000
2248.404226, -668.631925, 1.000000
2248.360102, -668.494750, 1.000000
2248.327395, -668.353902, 1.000000
2248.260408, -668.224080, 1.000000
2248.227730, -668.083223, 1.000000
2248.183606, -667.946048, 1.000000
2248.116620, -667.816227, 1.000000
2248.083927, -667.675375, 1.000000
2248.016941, -667.545554, 1.000000
2247.984234, -667.404707, 1.000000
2247.928678, -667.271208, 1.000000
2247.884554, -667.134032, 1.000000
2247.840445, -666.996852, 1.000000
2247.784890, -666.863354, 1.000000
2247.752197, -666.722502, 1.000000
2247.696642, -666.589004, 1.000000
2247.641087, -666.455507, 1.000000
2247.596948, -666.318336, 1.000000
2247.541393, -666.184837, 1.000000
2247.508715, -666.043979, 1.000000
2247.453160, -665.910481, 1.000000
2247.386174, -665.780661, 1.000000
2247.330619, -665.647163, 0.000000
2247.275064, -665.513665, 0.000000
2247.230924, -665.376494, 0.000000
2247.175369, -665.242996, 0.000000
2247.131245, -665.105820, 0.000000
2247.075705, -664.972317, 0.000000
2247.031581, -664.835142, 0.000000
2246.987457, -664.697967, 0.000000
2246.931902, -664.564469, 0.000000
2246.887779, -664.427294, 0.000000
2246.832208, -664.293800, 0.000000
2246.788084, -664.156625, 0.000000
2246.732544, -664.023121, 0.000000
2246.688420, -663.885946, 0.000000
2246.632865, -663.752448, 0.000000
2246.588741, -663.615273, 0.000000
2247.196198, -663.268510, 1.000000
2247.174926, -663.123985, 1.000000
2247.142233, -662.983132, 1.000000
2247.086678, -662.849633, 1.000000
2247.042565, -662.712454, 1.000000
2246.987009, -662.578956, 1.000000
2246.954317, -662.438105, 1.000000
2246.910193, -662.300930, 1.000000
2246.854638, -662.167432, 1.000000
2246.833366, -662.022906, 1.000000
2246.789242, -661.885730, 1.000000
2246.761721, -661.766043, 1.000000
2246.715630, -661.629414, 1.000000
2246.680924, -661.488943, 1.000000
2246.698295, -661.493223, 1.000000
2159.592133, -747.712359, 1.000000
2159.750958, -747.706612, 1.000000
2159.895467, -747.686112, 1.000000
2160.041684, -747.677655, 1.000000
2160.186192, -747.657144, 1.000000
2160.330700, -747.636644, 0.000000
2160.473499, -747.604102, 0.000000
2160.618008, -747.583602, 0.000000
2160.762516, -747.563103, 0.000000
2160.905316, -747.530561, 0.000000
2161.049826, -747.510071, 0.000000
2161.192626, -747.477529, 0.000000
2161.337136, -747.457029, 0.000000
2161.479935, -747.424476, 0.000000
2161.624443, -747.403977, 0.000000
2161.767243, -747.371435, 0.000000
2161.911751, -747.350935, 0.000000
2162.056259, -747.330435, 0.000000
2162.199059, -747.297893, 0.000000
2162.343569, -747.277403, 0.000000
2162.486370, -747.244861, 0.000000
2162.630879, -747.224361, 0.000000
2162.773678, -747.191809, 0.000000
2162.918186, -747.171309, 1.000000
2163.064403, -747.162852, 1.000000
2163.208911, -747.142352, 1.000000
2163.353419, -747.121852, 1.000000
2163.497927, -747.101352, 1.000000
2163.642435, -747.080853, 1.000000
2163.786946, -747.060363, 1.000000
2163.931455, -747.039863, 1.000000
2164.074256, -747.007320, 1.000000
2164.218763, -746.986811, 1.000000
2164.363271, -746.966311, 1.000000
2164.507779, -746.945811, 1.000000
2164.652287, -746.925311, 1.000000
2164.798504, -746.916854, 1.000000
2164.943012, -746.896354, 1.000000
2165.085814, -746.863822, 1.000000
2165.230323, -746.843322, 1.000000
2165.374832, -746.822822, 1.000000
2165.521048, -746.814355, 1.000000
2165.665556, -746.793855, 1.000000
2165.810064, -746.773355, 1.000000
2165.954572, -746.752855, 1.000000
2166.099080, -746.732356, 1.000000
2166.245297, -746.723898, 1.000000
2166.532608, -746.670866, 0.000000
2166.677117, -746.650366, 0.000000
2166.821624, -746.629856, 0.000000
2166.966133, -746.609357, 0.000000
2167.110641, -746.588857, 0.000000
2167.255149, -746.568357, 0.000000
2167.399657, -746.547857, 0.000000
2167.544165, -746.527358, 0.000000
2167.688675, -746.506868, 0.000000
2167.833184, -746.486368, 0.000000
2167.977693, -746.465868, 0.000000
2168.122201, -746.445358, 0.000000
2168.266709, -746.424858, 0.000000
2168.411217, -746.404359, 0.000000
2168.555726, -746.383859, 0.000000
2168.700234, -746.363359, 0.000000
2168.844742, -746.342859, 0.000000
2168.989250, -746.322360, 0.000000
2169.133760, -746.301870, 0.000000
2169.278270, -746.281370, 0.000000
2169.426195, -746.284955, 1.000000
2169.572411, -746.276487, 1.000000
2169.718627, -746.268030, 1.000000
2169.863135, -746.247530, 1.000000
2170.005935, -746.214988, 1.000000
2170.150443, -746.194488, 1.000000
2176.106105, -745.402162, 1.000000
2176.253928, -745.394739, 1.000000
2176.400117, -745.375134, 1.000000
2176.546306, -745.355528, 1.000000
2176.692495, -745.335923, 1.000000
2176.838686, -745.316328, 1.000000
2176.984876, -745.296722, 1.000000
2177.131066, -745.277117, 1.000000
2177.275620, -745.245318, 1.000000
2177.421809, -745.225713, 1.000000
2177.567998, -745.206107, 1.000000
2177.714187, -745.186502, 1.000000
2177.862010, -745.179079, 1.000000
2178.006567, -745.147301, 1.000000
2178.154391, -745.139878, 1.000000
2178.300581, -745.120273, 1.000000
2178.448403, -745.112839, 0.000000
2178.594592, -745.093234, 0.000000
2178.740781, -745.073628, 0.000000
2178.886970, -745.054023, 0.000000
2179.033159, -745.034417, 0.000000
2179.179348, -745.014812, 0.000000
2179.471729, -744.975611, 0.000000
2179.617919, -744.956006, 0.000000
2179.764107, -744.936390, 0.000000
2179.911930, -744.928967, 0.000000
2180.058119, -744.909361, 0.000000
2180.204308, -744.889756, 0.000000
2180.350497, -744.870150, 0.000000
2180.496688, -744.850556, 0.000000
2180.642878, -744.830950, 0.000000
2180.789068, -744.811344, 0.000000
2180.935256, -744.791728, 0.000000
2181.081445, -744.772123, 0.000000
2181.227634, -744.752517, 0.000000
2181.375457, -744.745094, 1.000000
2181.523280, -744.737671, 1.000000
2181.671102, -744.730248, 1.000000
2181.817294, -744.710654, 1.000000
2181.963484, -744.691048, 1.000000
2182.109674, -744.671442, 1.000000
2182.255862, -744.651826, 1.000000
2182.402051, -744.632220, 1.000000
2182.546606, -744.600432, 1.000000
2182.691161, -744.568645, 1.000000
2182.837350, -744.549039, 1.000000
2182.981907, -744.517262, 1.000000
2183.128097, -744.497657, 1.000000
2183.275921, -744.490233, 1.000000
2183.422109, -744.470617, 1.000000
2183.569932, -744.463194, 1.000000
2183.716121, -744.443589, 1.000000
2183.862310, -744.423983, 1.000000
2184.010133, -744.416560, 1.000000
2184.156322, -744.396955, 1.000000
2184.304147, -744.389543, 1.000000
2184.451971, -744.382120, 1.000000
2184.599795, -744.374696, 1.000000
2184.745982, -744.355080, 1.000000
2184.893805, -744.347657, 1.000000
2185.050702, -744.322624, 1.000000
2185.196382, -744.302015, 1.000000
2185.343780, -744.293546, 1.000000
2185.521582, -744.256038, 1.000000
2185.665737, -744.232417, 1.000000
2185.811860, -744.220809, 1.000000
2185.956013, -744.197177, 1.000000
2186.102135, -744.185569, 1.000000
2186.246289, -744.161948, 1.000000
2186.390443, -744.138327, 1.000000
2186.534597, -744.114706, 1.000000
2186.680720, -744.103098, 1.000000
2186.824876, -744.079489, 1.000000
2186.969031, -744.055868, 1.000000
2187.113186, -744.032247, 1.000000
2187.255370, -743.996602, 1.000000
2187.401492, -743.984994, 1.000000
2187.545646, -743.961373, 1.000000
2187.689800, -743.937752, 1.000000
2187.833954, -743.914131, 1.000000
2187.976142, -743.878509, 1.000000
2188.120297, -743.854888, 1.000000
2188.264452, -743.831267, 1.000000
2188.408605, -743.807635, 1.000000
2188.552759, -743.784014, 1.000000
2188.696913, -743.760393, 1.000000
2188.841067, -743.736772, 1.000000
2188.985221, -743.713151, 1.000000
2189.131343, -743.701543, 1.000000
2189.275499, -743.677934, 1.000000
2189.419654, -743.654313, 1.000000
2189.563809, -743.630692, 1.000000
2189.709930, -743.619072, 1.000000
2189.854084, -743.595451, 1.000000
2190.000206, -743.583843, 1.000000
2190.146329, -743.572235, 1.000000
2190.290483, -743.548615, 1.000000
2190.436607, -743.537019, 1.000000
2190.580762, -743.513398, 1.000000
2190.724917, -743.489777, 1.000000
2190.869070, -743.466144, 1.000000
2191.013224, -743.442523, 1.000000
2191.157378, -743.418902, 1.000000
2191.301532, -743.395281, 1.000000
2191.443717, -743.359647, 1.000000
2191.587871, -743.336027, 1.000000
2191.730060, -743.300405, 1.000000
2191.872246, -743.264771, 1.000000
2192.014433, -743.229137, 1.000000
2192.156617, -743.193491, 1.000000
2192.298802, -743.157858, 1.000000
2192.440988, -743.122224, 1.000000
2192.585142, -743.098603, 1.000000
2192.727327, -743.062970, 1.000000
2192.869515, -743.027347, 1.000000
2193.001859, -742.931649, 1.000000
2193.146014, -742.908028, 1.000000
2193.286231, -742.860370, 1.000000
2193.430384, -742.836750, 1.000000
2193.578475, -742.837154, 1.000000
2193.718692, -742.789508, 1.000000
2193.862846, -742.765887, 1.000000
2194.007000, -742.742266, 1.000000
2194.147220, -742.694630, 1.000000
2194.291375, -742.671009, 1.000000
2194.575746, -742.599731, 1.000000
2194.717931, -742.564097, 1.000000
2194.862085, -742.540477, 1.000000
2195.006239, -742.516856, 1.000000
2195.150393, -742.493235, 1.000000
2195.294549, -742.469624, 1.000000
2195.436735, -742.433990, 1.000000
2195.580890, -742.410369, 1.000000
2195.725043, -742.386738, 1.000000
2195.869197, -742.363117, 1.000000
2196.013351, -742.339497, 1.000000
2196.159474, -742.327889, 1.000000
2196.303628, -742.304268, 1.000000
2196.445813, -742.268634, 1.000000
2196.588001, -742.233010, 1.000000
2196.732156, -742.209389, 1.000000
2196.878280, -742.197781, 1.000000
2197.022432, -742.174150, 1.000000
2197.166586, -742.150529, 1.000000
2197.306649, -742.120148, 1.000000
2197.452018, -742.108915, 1.000000
2197.593521, -742.073776, 1.000000
2197.727588, -742.035713, 1.000000
2197.869427, -742.013493, 1.000000
2198.011266, -741.991274, 1.000000
2198.153103, -741.969044, 1.000000
2198.294942, -741.946825, 1.000000
2198.436780, -741.924605, 1.000000
2198.580470, -741.914206, 1.000000
2198.722308, -741.891986, 1.000000
2198.862294, -741.857947, 1.000000
2199.002283, -741.823917, 1.000000
2199.144122, -741.801697, 1.000000
2199.285961, -741.779478, 1.000000
2199.429650, -741.769068, 1.000000
2199.569636, -741.735029, 1.000000
2199.711474, -741.712809, 1.000000
2199.853313, -741.690590, 1.000000
2199.995151, -741.668370, 1.000000
2200.136991, -741.646161, 1.000000
2200.276978, -741.612121, 1.000000
2200.418817, -741.589901, 1.000000
2200.562506, -741.579492, 1.000000
2200.704344, -741.557272, 1.000000
2200.846183, -741.535053, 1.000000
2200.988021, -741.512833, 1.000000
2201.129859, -741.490614, 1.000000
2201.271697, -741.468394, 1.000000
2201.415389, -741.458004, 1.000000
2201.557228, -741.435785, 1.000000
2201.699067, -741.413565, 1.000000
2201.844608, -741.414975, 1.000000
2201.984594, -741.380936, 1.000000
2202.130135, -741.382356, 1.000000
2202.273825, -741.371957, 1.000000
2202.408257, -741.302458, 1.000000
2202.550097, -741.280248, 1.000000
2202.693788, -741.269848, 1.000000
2202.835627, -741.247629, 1.000000
2202.981167, -741.249039, 1.000000
2203.123005, -741.226819, 1.000000
2203.264844, -741.204600, 1.000000
2203.410385, -741.206020, 1.000000
2203.552223, -741.183800, 1.000000
2203.695913, -741.173401, 1.000000
2203.847012, -741.210291, 1.000000
2203.988851, -741.188071, 1.000000
2204.130690, -741.165852, 1.000000
2204.272527, -741.143622, 1.000000
2204.414365, -741.121402, 1.000000
2204.558055, -741.111002, 1.000000
2204.701744, -741.100603, 1.000000
2204.841731, -741.066563, 1.000000
2204.983571, -741.044355, 1.000000
2205.125410, -741.022135, 1.000000
2205.265398, -740.988095, 1.000000
2205.405383, -740.954045, 1.000000
2205.547221, -740.931826, 1.000000
2205.687208, -740.897786, 1.000000
2205.827194, -740.863747, 1.000000
2205.969033, -740.841527, 1.000000
2206.109019, -740.807488, 1.000000
2206.241601, -740.726179, 1.000000
2206.379737, -740.680320, 1.000000
2206.519725, -740.646280, 1.000000
2206.659710, -740.612231, 1.000000
2206.801548, -740.590012, 1.000000
2206.945238, -740.579612, 1.000000
2207.088928, -740.569212, 1.000000
2207.238172, -740.594272, 1.000000
2207.378161, -740.560243, 1.000000
2207.518148, -740.526203, 1.000000
2207.656284, -740.480344, 1.000000
2207.801825, -740.481754, 1.000000
2207.941811, -740.447715, 1.000000
2208.081798, -740.413675, 1.000000
2208.225487, -740.403276, 1.000000
2208.367326, -740.381056, 1.000000
2208.509164, -740.358837, 1.000000
2208.652856, -740.348447, 1.000000
2208.792843, -740.314407, 1.000000
2208.936534, -740.304007, 1.000000
2209.080223, -740.293598, 1.000000
2209.220209, -740.259558, 1.000000
2209.435977, -740.259493, 1.000000
2209.581357, -740.241726, 1.000000
2209.721792, -740.200141, 1.000000
2210.075144, -740.111597, 1.000000
2210.208229, -740.048559, 1.000000
2210.345613, -739.996970, 1.000000
2210.491591, -739.968269, 1.000000
2210.628974, -739.916681, 1.000000
2210.766357, -739.865092, 1.000000
2210.903741, -739.813504, 1.000000
2211.032526, -739.739018, 1.000000
2211.169913, -739.687439, 1.000000
2211.302998, -739.624401, 1.000000
2211.440382, -739.572812, 1.000000
2211.582061, -739.532663, 1.000000
2211.715145, -739.469626, 1.000000
2211.848229, -739.406588, 1.000000
2211.985612, -739.355000, 1.000000
2212.118696, -739.291963, 1.000000
2212.256083, -739.240383, 1.000000
2212.389168, -739.177346, 1.000000
2212.522253, -739.114308, 1.000000
2212.668231, -739.085607, 1.000000
2212.801315, -739.022570, 1.000000
2212.938698, -738.970982, 1.000000
2213.080380, -738.930842, 1.000000
2213.213464, -738.867805, 1.000000
2213.368047, -738.862020, 1.000000
2213.505432, -738.810431, 1.000000
2213.642816, -738.758842, 1.000000
2213.788794, -738.730141, 1.000000
2213.926177, -738.678552, 1.000000
2214.076457, -738.661310, 1.000000
2214.231036, -738.655515, 1.000000
2214.364120, -738.592478, 1.000000
2214.518704, -738.586695, 1.000000
2214.656088, -738.535106, 1.000000
2214.793472, -738.483517, 1.000000
2214.943749, -738.466263, 1.000000
2215.076833, -738.403226, 1.000000
2215.214216, -738.351638, 1.000000
2215.351599, -738.300049, 1.000000
2215.484683, -738.237012, 1.000000
2215.622070, -738.185434, 1.000000
2215.755155, -738.122396, 1.000000
2215.892539, -738.070807, 1.000000
2216.029919, -738.019208, 1.000000
2216.163003, -737.956171, 1.000000
2216.300386, -737.904582, 1.000000
2216.437769, -737.852994, 1.000000
2216.570853, -737.789957, 1.000000
2216.721138, -737.772725, 1.000000
2216.858522, -737.721136, 1.000000
2216.991607, -737.658098, 1.000000
2217.124687, -737.595050, 1.000000
2217.257771, -737.532013, 1.000000
2217.395154, -737.480424, 1.000000
2217.532538, -737.428836, 1.000000
2217.669921, -737.377247, 1.000000
2217.815906, -737.348566, 1.000000
2217.957589, -737.308426, 1.000000
2218.094973, -737.256837, 1.000000
2218.232353, -737.205238, 1.000000
2218.369736, -737.153649, 1.000000
2218.515717, -737.124958, 1.000000
2218.661698, -737.096267, 1.000000
2218.794782, -737.033229, 1.000000
2218.936469, -736.993100, 1.000000
2219.069554, -736.930063, 1.000000
2219.206938, -736.878474, 1.000000
2219.352916, -736.849771, 1.000000
2219.486000, -736.786734, 1.000000
2219.623383, -736.735146, 1.000000
2219.765065, -736.695006, 1.000000
2219.898149, -736.631969, 1.000000
2220.044135, -736.603288, 1.000000
2220.181519, -736.551699, 1.000000
2220.314604, -736.488662, 1.000000
2220.456282, -736.448511, 1.000000
2220.589366, -736.385473, 1.000000
2220.722450, -736.322436, 1.000000
2220.920133, -736.244981, 1.000000
2221.050866, -736.176462, 1.000000
2221.330800, -736.052808, 1.000000
2221.460626, -735.982177, 1.000000
2221.584566, -735.900727, 1.000000
2221.708499, -735.819267, 1.000000
2221.832438, -735.737818, 1.000000
2221.956377, -735.656369, 1.000000
2222.080316, -735.574920, 1.000000
2222.204261, -735.493480, 1.000000
2222.328200, -735.412031, 1.000000
2222.452140, -735.330581, 1.000000
2222.581960, -735.259941, 1.000000
2222.705899, -735.178491, 1.000000
2222.847496, -735.129498, 1.000000
2222.977321, -735.058868, 1.000000
2223.113031, -734.999056, 1.000000
2223.248748, -734.939254, 1.000000
2223.378574, -734.868623, 1.000000
2223.514280, -734.808801, 1.000000
2223.644105, -734.738171, 1.000000
2223.785701, -734.689178, 1.000000
2223.944956, -734.672641, 1.000000
2224.080666, -734.612829, 1.000000
2224.216383, -734.553028, 1.000000
2224.346209, -734.482397, 1.000000
2224.481915, -734.422574, 1.000000
2224.617626, -734.362762, 1.000000
2224.753336, -734.302951, 1.000000
2224.889047, -734.243139, 1.000000
2225.012986, -734.161690, 1.000000
2225.131045, -734.069433, 1.000000
2225.254985, -733.987983, 1.000000
2225.378925, -733.906533, 1.000000
2225.502858, -733.825073, 1.000000
2225.626797, -733.743624, 1.000000
2225.744850, -733.651356, 1.000000
2225.868789, -733.569907, 1.000000
2225.998620, -733.499287, 1.000000
2226.122560, -733.417837, 1.000000
2226.246500, -733.336387, 1.000000
2226.376319, -733.265746, 1.000000
2226.512030, -733.205935, 1.000000
2226.647741, -733.146123, 1.000000
2226.783451, -733.086311, 1.000000
2226.913276, -733.015681, 1.000000
2227.043108, -732.945060, 1.000000
2227.172933, -732.874429, 1.000000
2227.314525, -732.825426, 1.000000
2227.444350, -732.754795, 1.000000
2227.585946, -732.705802, 1.000000
2227.721657, -732.645990, 1.000000
2227.863254, -732.596997, 1.000000
2227.998971, -732.537196, 1.000000
2228.093481, -732.401653, 1.000000
2228.235073, -732.352649, 1.000000
2228.370784, -732.292837, 1.000000
2228.512380, -732.243844, 1.000000
2228.659863, -732.205670, 1.000000
2228.789687, -732.135039, 1.000000
2228.913633, -732.053601, 1.000000
2229.037573, -731.972151, 1.000000
2229.161513, -731.890701, 1.000000
2229.291332, -731.820060, 1.000000
2229.421156, -731.749430, 1.000000
2229.545095, -731.667980, 1.000000
2229.674920, -731.597350, 1.000000
2229.792979, -731.505093, 1.000000
2229.916919, -731.423643, 1.000000
2230.046745, -731.353012, 1.000000
2230.194222, -731.314827, 1.000000
2230.318161, -731.233378, 1.000000
2230.514963, -731.042313, 1.000000
2230.629613, -730.954341, 1.000000
2230.744263, -730.866369, 1.000000
2231.047290, -730.619649, 1.000000
2231.147133, -730.514615, 1.000000
2231.254971, -730.418560, 1.000000
2231.354812, -730.313528, 1.000000
2231.462658, -730.217482, 1.000000
2231.562499, -730.112449, 1.000000
2231.662341, -730.007417, 1.000000
2231.802209, -729.947328, 1.000000
2231.934066, -729.878243, 1.000000
2232.033909, -729.773210, 1.000000
2232.117735, -729.650194, 1.000000
2232.217577, -729.545161, 1.000000
2232.325422, -729.449115, 1.000000
2232.433267, -729.353070, 1.000000
2232.541112, -729.257024, 1.000000
2232.664973, -729.178961, 1.000000
2232.780823, -729.091902, 1.000000
2232.872661, -728.977881, 1.000000
2232.964492, -728.863853, 1.000000
2233.064333, -728.758820, 1.000000
2233.172178, -728.662775, 1.000000
2233.280024, -728.566729, 1.000000
2233.379865, -728.461696, 1.000000
2233.463707, -728.338697, 1.000000
2233.563549, -728.233664, 1.000000
2233.671395, -728.137617, 1.000000
2233.787237, -728.050551, 1.000000
2233.879075, -727.936531, 1.000000
2233.954905, -727.804537, 1.000000
2234.046742, -727.690517, 1.000000
2234.146584, -727.585484, 1.000000
2234.238429, -727.471471, 1.000000
2234.338271, -727.366438, 1.000000
2234.446110, -727.270384, 1.000000
2234.545952, -727.165352, 1.000000
2234.645793, -727.060319, 1.000000
2234.729627, -726.937312, 1.000000
2234.821465, -726.823292, 1.000000
2234.929316, -726.727253, 1.000000
2235.029158, -726.622220, 1.000000
2235.129001, -726.517186, 1.000000
2235.244844, -726.430121, 1.000000
2235.344686, -726.325088, 1.000000
2235.444527, -726.220055, 1.000000
2235.552372, -726.124010, 1.000000
2235.652214, -726.018977, 1.000000
2235.776073, -725.940912, 1.000000
2235.883919, -725.844866, 1.000000
2235.991765, -725.748820, 1.000000
2236.107608, -725.661754, 1.000000
2236.207450, -725.556721, 1.000000
2236.323299, -725.469663, 1.000000
2236.431144, -725.373617, 1.000000
2236.538990, -725.277572, 1.000000
2236.662849, -725.199507, 1.000000
2236.762691, -725.094473, 1.000000
2236.870537, -724.998427, 1.000000
2236.986380, -724.911362, 1.000000
2237.086222, -724.806329, 1.000000
2237.210075, -724.728257, 1.000000
2237.309916, -724.623225, 1.000000
2237.417761, -724.527179, 1.000000
2237.533617, -724.440127, 1.000000
2237.641463, -724.344081, 1.000000
2237.749303, -724.248028, 1.000000
2237.857148, -724.151982, 1.000000
2237.956990, -724.046949, 1.000000
2238.080843, -723.968878, 1.000000
2238.180684, -723.863845, 1.000000
2238.288536, -723.767807, 1.000000
2238.396382, -723.671760, 1.000000
2238.496224, -723.566727, 1.000000
2238.620071, -723.488648, 1.000000
2238.727916, -723.392602, 1.000000
2238.835762, -723.296557, 1.000000
2238.996099, -723.160097, 1.000000
2239.098955, -723.058647, 1.000000
2239.353821, -722.825780, 1.000000
2239.441712, -722.708113, 1.000000
2239.529604, -722.590447, 1.000000
2239.637098, -722.487423, 1.000000
2239.715184, -722.362433, 1.000000
2239.812880, -722.252092, 1.000000
2239.900771, -722.134426, 1.000000
2239.988662, -722.016760, 1.000000
2240.096172, -721.913748, 1.000000
2240.174258, -721.788758, 1.000000
2240.262150, -721.671091, 1.000000
2240.340227, -721.546095, 1.000000
2240.428118, -721.428429, 1.000000
2240.525815, -721.318087, 1.000000
2240.613706, -721.200422, 1.000000
2240.691791, -721.075432, 1.000000
2240.769885, -720.950447, 1.000000
2240.847971, -720.825456, 1.000000
2240.935855, -720.707784, 1.000000
2241.013940, -720.582793, 1.000000
2241.092026, -720.457803, 1.000000
2241.179917, -720.340138, 1.000000
2241.258002, -720.215148, 1.000000
2241.316484, -720.075515, 1.000000
2241.384765, -719.943199, 1.000000
2241.462851, -719.818208, 1.000000
2241.560540, -719.707861, 1.000000
2241.638626, -719.582871, 1.000000
2241.716711, -719.457881, 1.000000
2241.794797, -719.332891, 1.000000
2241.872882, -719.207901, 1.000000
2241.960780, -719.090240, 1.000000
2242.038866, -718.965249, 1.000000
2242.116952, -718.840258, 1.000000
2242.204837, -718.722587, 1.000000
2242.292727, -718.604921, 1.000000
2242.390424, -718.494580, 1.000000
2242.478315, -718.376914, 1.000000
2242.556400, -718.251924, 1.000000
2242.654104, -718.141587, 1.000000
2242.732190, -718.016596, 1.000000
2242.810276, -717.891605, 1.000000
2242.898160, -717.773934, 1.000000
2242.966440, -717.641620, 1.000000
2243.073942, -717.538603, 1.000000
2243.171639, -717.428261, 1.000000
2243.200697, -717.266650, 1.000000
2243.268983, -717.134340, 1.000000
2243.337264, -717.002024, 1.000000
2243.454566, -716.906326, 1.000000
2243.562068, -716.803309, 1.000000
2243.649959, -716.685643, 1.000000
2243.767266, -716.589950, 1.000000
2243.845351, -716.464960, 1.000000
2243.923443, -716.339975, 1.000000
2244.011335, -716.222308, 1.000000
2244.089421, -716.097317, 1.000000
2244.187111, -715.986970, 1.000000
2244.265197, -715.861980, 1.000000
2244.353088, -715.744314, 1.000000
2244.431173, -715.619324, 1.000000
2244.519064, -715.501659, 1.000000
2244.616767, -715.391322, 1.000000
2244.694853, -715.266331, 1.000000
2244.782745, -715.148664, 1.000000
2244.870630, -715.030993, 1.000000
2244.948715, -714.906003, 1.000000
2245.036606, -714.788337, 1.000000
2245.114692, -714.663347, 1.000000
2245.202583, -714.545682, 1.000000
2245.300286, -714.435344, 1.000000
2245.378372, -714.310353, 1.000000
2245.456458, -714.185362, 1.000000
2245.544343, -714.067692, 1.000000
2245.622428, -713.942702, 1.000000
2245.732971, -713.794533, 1.000000
2245.805703, -713.667942, 1.000000
2245.888410, -713.548242, 1.000000
2246.050913, -713.310513, 1.000000
2246.106459, -713.173833, 1.000000
2246.172925, -713.042689, 1.000000
2246.228470, -712.906010, 1.000000
2246.294943, -712.774870, 1.000000
2246.361416, -712.643730, 1.000000
2246.416961, -712.507051, 1.000000
2246.494370, -712.381454, 1.000000
2246.560843, -712.250313, 1.000000
2246.616388, -712.113633, 1.000000
2246.660998, -711.971411, 1.000000
2246.727472, -711.840271, 1.000000
2246.815801, -711.720210, 1.000000
2246.860418, -711.577992, 1.000000
2246.926891, -711.446852, 1.000000
2246.993371, -711.315715, 1.000000
2247.048916, -711.179035, 1.000000
2247.159097, -711.070049, 1.000000
2247.214642, -710.933370, 1.000000
2247.281115, -710.802230, 1.000000
2247.358516, -710.676630, 1.000000
2247.414061, -710.539951, 1.000000
2247.524255, -710.430972, 1.000000
2247.590728, -710.299831, 1.000000
2247.646273, -710.163151, 1.000000
2247.712740, -710.032008, 1.000000
2247.768285, -709.895329, 1.000000
2247.856614, -709.775268, 1.000000
2247.923088, -709.644128, 1.000000
2247.989561, -709.512988, 1.000000
2248.066970, -709.387391, 1.000000
2248.133443, -709.256250, 1.000000
2248.210838, -709.130646, 1.000000
2248.266383, -708.993967, 1.000000
2248.332856, -708.862827, 1.000000
2248.421186, -708.742766, 1.000000
2248.476731, -708.606087, 1.000000
2248.554139, -708.480490, 1.000000
2248.620613, -708.349349, 1.000000
2248.687087, -708.218209, 1.000000
2248.775409, -708.098144, 1.000000
2248.830954, -707.961465, 1.000000
2248.908356, -707.835864, 1.000000
2248.963901, -707.699185, 1.000000
2249.019445, -707.562506, 1.000000
2249.085926, -707.431369, 1.000000
2249.141471, -707.294689, 1.000000
2249.229794, -707.174624, 1.000000
2249.296268, -707.043484, 1.000000
2249.362741, -706.912345, 1.000000
2249.440142, -706.786744, 1.000000
2249.495687, -706.650065, 1.000000
2249.573096, -706.524468, 1.000000
2249.639570, -706.393328, 1.000000
2249.706043, -706.262187, 1.000000
2249.794366, -706.142122, 1.000000
2249.849911, -706.005443, 1.000000
2249.927312, -705.879843, 1.000000
2249.982857, -705.743164, 1.000000
2250.049330, -705.612024, 1.000000
2250.126740, -705.486427, 1.000000
2250.182285, -705.349747, 1.000000
2250.259679, -705.224142, 1.000000
2250.315224, -705.087463, 1.000000
2250.381697, -704.956323, 1.000000
2250.448170, -704.825183, 1.000000
2250.503715, -704.688504, 1.000000
2250.592053, -704.568447, 1.000000
2250.658526, -704.437306, 1.000000
2250.725000, -704.306166, 1.000000
2250.791466, -704.175022, 1.000000
2250.847011, -704.038343, 1.000000
2250.944683, -703.801376, 1.000000
2250.997645, -703.665774, 1.000000
2251.039307, -703.525759, 1.000000
2251.139005, -703.182583, 1.000000
2251.141696, -703.033864, 1.000000
2251.180444, -702.891827, 1.000000
2251.195156, -702.745338, 1.000000
2251.221890, -702.601076, 1.000000
2251.284689, -702.463497, 1.000000
2251.287380, -702.314779, 1.000000
2251.314122, -702.170519, 1.000000
2251.328834, -702.024028, 1.000000
2251.367590, -701.881992, 1.000000
2251.418360, -701.742184, 1.000000
2251.433072, -701.595694, 1.000000
2251.483850, -701.455888, 1.000000
2251.498562, -701.309398, 1.000000
2251.525296, -701.165136, 1.000000
2251.552038, -701.020875, 1.000000
2251.566750, -700.874384, 1.000000
2251.617520, -700.734575, 1.000000
2251.644254, -700.590313, 1.000000
2251.670988, -700.446051, 1.000000
2251.721766, -700.306245, 1.000000
2251.724456, -700.157527, 1.000000
2251.775242, -700.017722, 1.000000
2251.789955, -699.871231, 1.000000
2251.816689, -699.726968, 1.000000
2251.831393, -699.580476, 1.000000
2251.846105, -699.433986, 1.000000
2251.932948, -699.300863, 1.000000
2251.947660, -699.154374, 1.000000
2251.962372, -699.007884, 1.000000
2251.977093, -698.861395, 1.000000
2251.991805, -698.714904, 1.000000
2252.078640, -698.581778, 1.000000
2252.069309, -698.430833, 1.000000
2252.108065, -698.288799, 1.000000
2252.134799, -698.144537, 1.000000
2252.161533, -698.000275, 1.000000
2252.188275, -697.856014, 1.000000
2252.202988, -697.709523, 1.000000
2252.277810, -697.574171, 1.000000
2252.340600, -697.436591, 1.000000
2252.343291, -697.287873, 1.000000
2252.370025, -697.143611, 1.000000
2252.372715, -696.994893, 1.000000
2252.411471, -696.852859, 1.000000
2252.486302, -696.717509, 1.000000
2252.501014, -696.571018, 1.000000
2252.575826, -696.435665, 1.000000
2252.602560, -696.291403, 1.000000
2252.617272, -696.144913, 1.000000
2252.644006, -696.000651, 1.000000
2252.658719, -695.854161, 1.000000
2252.721528, -695.716584, 1.000000
2252.748262, -695.572321, 1.000000
2252.774996, -695.428058, 1.000000
2252.825764, -695.288250, 1.000000
2252.840476, -695.141760, 1.000000
2252.879232, -694.999726, 1.000000
2252.893944, -694.853236, 1.000000
2252.920678, -694.708974, 1.000000
2252.959444, -694.566941, 1.000000
2252.974156, -694.420450, 1.000000
2253.012903, -694.278413, 1.000000
2253.027615, -694.131923, 1.000000
2253.054349, -693.987661, 1.000000
2253.081083, -693.843399, 1.000000
2253.095795, -693.696909, 1.000000
2253.134561, -693.554876, 1.000000
2253.161295, -693.410613, 1.000000
2253.176007, -693.264122, 1.000000
2253.190710, -693.117630, 1.000000
2253.205422, -692.971141, 1.000000
2253.270969, -692.750540, 1.000000
2253.276599, -692.602904, 1.000000
2253.294409, -692.456753, 1.000000
2253.328238, -692.180041, 1.000000
2253.319171, -692.033200, 1.000000
2253.322309, -691.886623, 1.000000
2253.313243, -691.739783, 1.000000
2253.328605, -691.593469, 1.000000
2253.331753, -691.446891, 1.000000
2253.334901, -691.300314, 1.000000
2253.350273, -691.153999, 1.000000
2253.341207, -691.007159, 1.000000
2253.356560, -690.860843, 1.000000
2253.347493, -690.714004, 1.000000
2253.362855, -690.567689, 1.000000
2253.366003, -690.421112, 1.000000
2253.369151, -690.274535, 1.000000
2253.372309, -690.127957, 1.000000
2253.363242, -689.981117, 1.000000
2253.390810, -689.835064, 1.000000
2253.381743, -689.688225, 1.000000
2253.409320, -689.542172, 1.000000
2253.412468, -689.395595, 1.000000
2253.415616, -689.249018, 1.000000
2253.443204, -689.102965, 1.000000
2253.434137, -688.956125, 1.000000
2253.461704, -688.810072, 1.000000
2253.452638, -688.663232, 1.000000
2253.480215, -688.517180, 1.000000
2253.483363, -688.370603, 1.000000
2253.498726, -688.224288, 1.000000
2253.514099, -688.077973, 1.000000
2253.505032, -687.931132, 1.000000
2253.544814, -687.785342, 1.000000
2253.535747, -687.638502, 1.000000
2253.575539, -687.492712, 1.000000
2253.578687, -687.346135, 1.000000
2253.594050, -687.199821, 1.000000
2253.609423, -687.053505, 1.000000
2253.612571, -686.906927, 1.000000
2253.640138, -686.760874, 1.000000
2253.631071, -686.614035, 1.000000
2253.658648, -686.467982, 1.000000
2253.661796, -686.321405, 1.000000
2253.677159, -686.175091, 1.000000
2253.680318, -686.028513, 1.000000
2253.671251, -685.881672, 1.000000
2253.698817, -685.735619, 1.000000
2253.689751, -685.588780, 1.000000
2253.705113, -685.442465, 1.000000
2253.696047, -685.295626, 1.000000
2253.699194, -685.149049, 1.000000
2253.714569, -685.002734, 1.000000
2253.705502, -684.855893, 1.000000
2253.733068, -684.709840, 1.000000
2253.724001, -684.563001, 1.000000
2253.739364, -684.416686, 1.000000
2253.742512, -684.270109, 1.000000
2253.745659, -684.123532, 1.000000
2253.748819, -683.976954, 1.000000
2253.739752, -683.830114, 1.000000
2253.779533, -683.684323, 1.000000
2253.770466, -683.537484, 1.000000
2253.798043, -683.391431, 1.000000
2253.801191, -683.244854, 1.000000
2253.804339, -683.098277, 1.000000
2253.831929, -682.952224, 1.000000
2253.822862, -682.805384, 1.000000
2253.850427, -682.659331, 1.000000
2253.853575, -682.512754, 1.000000
2253.886006, -682.342901, 1.000000
2253.874757, -682.194697, 1.000000
2253.875851, -682.046584, 1.000000
2253.821662, -681.760833, 1.000000
2253.798310, -681.618719, 1.000000
2253.798790, -681.474700, 1.000000
2253.775438, -681.332587, 1.000000
2253.764008, -681.189521, 1.000000
2253.764501, -681.045502, 1.000000
2253.741149, -680.903388, 1.000000
2253.741653, -680.759369, 1.000000
2253.730223, -680.616302, 1.000000
2253.706871, -680.474187, 1.000000
2253.707352, -680.330169, 1.000000
2253.684000, -680.188055, 1.000000
2253.684492, -680.044037, 1.000000
2253.684984, -679.900018, 1.000000
2253.661632, -679.757904, 1.000000
2253.674059, -679.612932, 1.000000
2253.662629, -679.469865, 1.000000
2253.651199, -679.326798, 1.000000
2253.663602, -679.181827, 1.000000
2253.640250, -679.039714, 1.000000
2253.616898, -678.897600, 1.000000
2253.605468, -678.754534, 1.000000
2253.594038, -678.611468, 1.000000
2253.606465, -678.466495, 1.000000
2253.595035, -678.323428, 1.000000
2253.583593, -678.180362, 1.000000
2253.584086, -678.036343, 1.000000
2253.560734, -677.894230, 1.000000
2253.549304, -677.751164, 1.000000
2253.537874, -677.608098, 1.000000
2253.538366, -677.464079, 1.000000
2253.538871, -677.320059, 1.000000
2253.527441, -677.176991, 1.000000
2253.539843, -677.032021, 1.000000
2253.528414, -676.888955, 1.000000
2253.505062, -676.746841, 1.000000
2253.505554, -676.602822, 1.000000
2253.482202, -676.460709, 1.000000
2253.494629, -676.315737, 1.000000
2253.495122, -676.171717, 1.000000
2253.471770, -676.029602, 1.000000
2253.472249, -675.885584, 1.000000
2253.460819, -675.742518, 1.000000
2253.449390, -675.599452, 1.000000
2253.437960, -675.456386, 1.000000
2253.414608, -675.314272, 1.000000
2253.403191, -675.171205, 1.000000
2253.379839, -675.029090, 1.000000
2253.356487, -674.886976, 1.000000
2253.333122, -674.744863, 1.000000
2253.309770, -674.602749, 1.000000
2253.298340, -674.459683, 1.000000
2253.286911, -674.316617, 1.000000
2253.263559, -674.174503, 1.000000
2253.228789, -673.889321, 1.000000
2253.217347, -673.746255, 1.000000
2253.193995, -673.604141, 1.000000
2253.170643, -673.462028, 1.000000
2253.159213, -673.318961, 1.000000
2253.135861, -673.176848, 1.000000
2253.136354, -673.032829, 1.000000
2253.160702, -672.886904, 1.000000
2253.137350, -672.744789, 1.000000
2253.102064, -672.603628, 1.000000
2253.078712, -672.461515, 1.000000
2253.067282, -672.318449, 1.000000
2253.079697, -672.173477, 1.000000
2253.056345, -672.031364, 1.000000
2253.068772, -671.886392, 1.000000
2253.057342, -671.743325, 1.000000
2253.033990, -671.601210, 1.000000
2253.010626, -671.459097, 1.000000
2252.975351, -671.317936, 1.000000
2252.963922, -671.174870, 1.000000
2252.951045, -671.028381, 1.000000
2252.915475, -670.887375, 1.000000
2252.794505, -670.398475, 1.000000
2252.738950, -670.264976, 1.000000
2252.660532, -670.138831, 1.000000
2252.593535, -670.009013, 1.000000
2252.526548, -669.879192, 1.000000
2252.459562, -669.749371, 1.000000
2252.404007, -669.615874, 1.000000
2252.325589, -669.489730, 1.000000
2252.224318, -669.370936, 1.000000
2252.157332, -669.241114, 1.000000
2252.090336, -669.111295, 1.000000
2252.023350, -668.981474, 1.000000
2251.967795, -668.847977, 1.000000
2251.923671, -668.710802, 1.000000
2251.856685, -668.580981, 1.000000
2251.812569, -668.443803, 1.000000
2251.757014, -668.310304, 1.000000
2251.712890, -668.173128, 1.000000
2251.680189, -668.032279, 1.000000
2251.624634, -667.898781, 1.000000
2251.626235, -667.746898, 1.000000
2251.570680, -667.613400, 1.000000
2251.537987, -667.472548, 1.000000
2251.505303, -667.331693, 1.000000
2251.449748, -667.198194, 1.000000
2251.439909, -667.049990, 1.000000
2251.395785, -666.912815, 1.000000
2251.363092, -666.771963, 1.000000
2251.353262, -666.623758, 1.000000
2251.309138, -666.486583, 1.000000
2251.287886, -666.342050, 1.000000
2251.243762, -666.204875, 1.000000
2251.222501, -666.060345, 1.000000
2251.212661, -665.912142, 1.000000
2251.168537, -665.774967, 1.000000
2251.170138, -665.623084, 1.000000
2251.126014, -665.485909, 1.000000
2251.093322, -665.345057, 1.000000
2251.072071, -665.200524, 1.000000
2251.039378, -665.059671, 1.000000
2251.109556, -664.885729, 1.000000
2251.065432, -664.748554, 1.000000
2250.998446, -664.618734, 1.000000
2250.942891, -664.485236, 1.000000
2250.887336, -664.351738, 1.000000
2250.843223, -664.214559, 1.000000
2250.799099, -664.077383, 1.000000
2250.754974, -663.940207, 1.000000
2250.733702, -663.795682, 1.000000
2250.678147, -663.662184, 1.000000
2250.634023, -663.525009, 1.000000
2250.578468, -663.391511, 1.000000
2250.534344, -663.254336, 1.000000
2250.501663, -663.113480, 1.000000
2250.446107, -662.979981, 1.000000
2250.401972, -662.842809, 1.000000
2250.346417, -662.709311, 1.000000
2250.279431, -662.579490, 1.000000
2250.223876, -662.445992, 1.000000
2250.168321, -662.312494, 1.000000
2250.089913, -662.186347, 1.000000
2250.034358, -662.052848, 1.000000
2249.967371, -661.923026, 1.000000
2249.888943, -661.796885, 1.000000
2249.833388, -661.663387, 1.000000
2249.777833, -661.529889, 1.000000
2249.745141, -661.389038, 1.000000
2249.678154, -661.259217, 0.000000
2249.611177, -661.129392, 0.000000
2249.544191, -660.999570, 0.000000
2249.460154, -660.855738, 0.000000
2249.391291, -660.726790, 0.000000
2249.322428, -660.597843, 0.000000
2249.207211, -660.348380, 0.000000
