2111.523074, 233.167085, 1.000000
2111.517426, 233.313193, 1.000000
2111.487673, 233.456351, 1.000000
2111.469972, 233.600984, 1.000000
2111.440219, 233.744142, 1.000000
2111.422518, 233.888774, 1.000000
2111.404818, 234.033407, 1.000000
2111.387117, 234.178040, 1.000000
2111.357364, 234.321198, 1.000000
2111.351716, 234.467306, 1.000000
2111.349057, 234.613631, 1.000000
2111.331387, 234.758012, 1.000000
2111.313718, 234.902394, 1.000000
2111.296048, 235.046776, 1.000000
2111.278378, 235.191157, 1.000000
2111.248676, 235.334067, 1.000000
2111.231006, 235.478448, 1.000000
2111.213336, 235.622830, 1.000000
2111.198730, 235.767435, 1.000000
2111.169081, 235.910092, 0.000000
2111.151442, 236.054218, 0.000000
2111.145814, 236.199814, 0.000000
2111.128176, 236.343940, 0.000000
2111.110537, 236.488066, 0.000000
2111.092898, 236.632192, 0.000000
2111.075260, 236.776319, 0.000000
2111.057621, 236.920445, 0.000000
2111.045435, 237.065332, 0.000000
2111.027729, 237.210011, 0.000000
2111.010023, 237.354691, 0.000000
2110.992316, 237.499370, 0.000000
2110.974610, 237.644050, 0.000000
2110.968960, 237.790204, 0.000000
2110.951254, 237.934884, 0.000000
2110.933548, 238.079563, 0.000000
2110.913487, 238.223972, 0.000000
2110.895757, 238.368851, 0.000000
2110.890099, 238.515208, 0.000000
2110.872368, 238.660088, 0.000000
2110.854638, 238.804967, 0.000000
2110.836907, 238.949847, 0.000000
2110.819176, 239.094727, 0.000000
2110.813518, 239.241084, 0.000000
2110.795788, 239.385963, 0.000000
2110.778057, 239.530843, 0.000000
2110.769091, 239.676477, 0.000000
2110.751453, 239.820603, 0.000000
2110.745825, 239.966199, 0.000000
2110.728186, 240.110325, 0.000000
2110.710548, 240.254451, 0.000000
2110.692909, 240.398577, 0.000000
2110.675270, 240.542704, 0.000000
2110.669642, 240.688300, 0.000000
2110.652004, 240.832426, 0.000000
2110.640106, 240.977254, 1.000000
2110.622399, 241.121934, 1.000000
2110.604693, 241.266613, 1.000000
2110.574930, 241.409817, 1.000000
2110.557224, 241.554497, 1.000000
2110.539518, 241.699176, 1.000000
2110.521811, 241.843855, 1.000000
2110.504105, 241.988535, 1.000000
2110.462285, 242.130263, 1.000000
2110.436029, 242.273619, 1.000000
2110.406327, 242.416528, 1.000000
2110.388657, 242.560910, 1.000000
2110.370988, 242.705292, 1.000000
2110.353318, 242.849674, 1.000000
2110.323616, 242.992583, 1.000000
2110.305946, 243.136964, 1.000000
2110.288276, 243.281346, 1.000000
2110.270606, 243.425728, 1.000000
2110.255148, 243.593317, 1.000000
2110.239296, 243.738599, 1.000000
2110.223444, 243.883881, 1.000000
2110.207592, 244.029163, 1.000000
2110.179633, 244.173124, 1.000000
2110.163781, 244.318406, 1.000000
2110.135822, 244.462367, 1.000000
2110.119970, 244.607649, 1.000000
2109.458180, 250.529758, 1.000000
2109.441619, 250.674859, 1.000000
2109.425059, 250.819961, 1.000000
2109.408498, 250.965062, 1.000000
2109.379846, 251.108784, 1.000000
2109.363285, 251.253885, 1.000000
2109.346725, 251.398987, 1.000000
2109.330164, 251.544088, 1.000000
2109.333238, 251.691162, 1.000000
2109.316749, 251.835629, 1.000000
2109.288222, 251.978722, 1.000000
2109.271734, 252.123188, 1.000000
2109.255246, 252.267655, 1.000000
2109.226719, 252.410748, 1.000000
2109.210231, 252.555214, 1.000000
2109.193743, 252.699681, 1.000000
2109.181723, 252.844711, 1.000000
2109.165162, 252.989813, 1.000000
2109.148602, 253.134914, 1.000000
2109.119949, 253.278635, 1.000000
2109.091297, 253.422357, 1.000000
2109.074736, 253.567458, 1.000000
2109.046084, 253.711180, 1.000000
2109.017432, 253.854901, 0.000000
2109.000871, 254.000003, 0.000000
2108.984311, 254.145104, 0.000000
2108.971240, 254.290532, 0.000000
2108.954712, 254.435349, 0.000000
2108.938184, 254.580166, 0.000000
2108.921655, 254.724984, 0.000000
2108.905127, 254.869801, 0.000000
2108.888599, 255.014618, 0.000000
2108.872071, 255.159435, 0.000000
2108.843475, 255.302875, 0.000000
2108.826947, 255.447692, 0.000000
2108.810419, 255.592510, 0.000000
2108.798235, 255.737645, 0.000000
2108.781747, 255.882112, 0.000000
2108.765258, 256.026579, 0.000000
2108.748770, 256.171045, 0.000000
2108.732282, 256.315512, 0.000000
2108.715794, 256.459978, 0.000000
2108.699306, 256.604445, 0.000000
2108.682818, 256.748912, 0.000000
2108.658488, 256.892591, 0.000000
2108.641928, 257.037692, 0.000000
2108.625367, 257.182794, 0.000000
2108.608807, 257.327895, 0.000000
2108.592246, 257.472996, 0.000000
2108.575686, 257.618098, 0.000000
2108.559125, 257.763199, 0.000000
2108.542564, 257.908301, 0.000000
2108.526004, 258.053402, 0.000000
2108.497351, 258.197124, 0.000000
2108.481126, 258.354720, 0.000000
2108.465572, 258.499821, 0.000000
2108.450018, 258.644923, 0.000000
2108.434464, 258.790024, 0.000000
2108.418909, 258.935126, 0.000000
2108.403355, 259.080227, 0.000000
2108.387801, 259.225329, 0.000000
2108.372246, 259.370430, 0.000000
2108.356692, 259.515532, 0.000000
2108.353230, 259.661929, 1.000000
2108.349622, 259.803960, 1.000000
2108.333858, 259.948084, 1.000000
2108.318094, 260.092208, 1.000000
2108.290320, 260.235019, 1.000000
2108.274557, 260.379143, 1.000000
2108.246783, 260.521954, 1.000000
2108.231019, 260.666079, 1.000000
2108.215255, 260.810203, 1.000000
2108.199343, 260.954558, 1.000000
2108.195564, 261.100982, 1.000000
2108.167602, 261.244761, 1.000000
2108.151731, 261.389863, 1.000000
2108.123769, 261.533641, 1.000000
2108.107898, 261.678743, 1.000000
2108.079936, 261.822522, 1.000000
2108.064066, 261.967623, 1.000000
2108.036103, 262.111402, 1.000000
2108.020233, 262.256504, 1.000000
2108.012925, 262.402660, 1.000000
2107.969008, 262.692096, 0.000000
2107.953107, 262.837477, 0.000000
2107.937206, 262.982858, 0.000000
2107.921304, 263.128239, 0.000000
2107.905403, 263.273620, 0.000000
2107.889502, 263.419001, 0.000000
2107.873601, 263.564382, 0.000000
2107.857700, 263.709762, 0.000000
2107.857784, 263.856256, 0.000000
2107.842020, 264.000380, 0.000000
2107.826257, 264.144505, 0.000000
2107.810493, 264.288629, 0.000000
2107.794729, 264.432753, 0.000000
2107.778966, 264.576878, 0.000000
2107.763202, 264.721002, 0.000000
2107.747438, 264.865126, 0.000000
2107.722879, 265.008464, 0.000000
2107.707039, 265.153281, 0.000000
2107.691200, 265.298099, 0.000000
2107.675361, 265.442916, 0.000000
2107.659521, 265.587733, 0.000000
2107.643682, 265.732550, 0.000000
2107.627842, 265.877368, 0.000000
2107.612003, 266.022185, 0.000000
2107.596163, 266.167002, 0.000000
2107.580324, 266.311819, 0.000000
2107.560869, 266.456385, 0.000000
2107.544998, 266.601486, 0.000000
2107.529128, 266.746588, 0.000000
2107.513257, 266.891689, 0.000000
2107.497387, 267.036791, 0.000000
2107.481516, 267.181892, 0.000000
2107.465646, 267.326994, 0.000000
2107.449775, 267.472095, 0.000000
2107.433905, 267.617197, 0.000000
2107.418034, 267.762298, 0.000000
2107.410719, 267.908524, 1.000000
2107.382703, 268.052580, 1.000000
2107.366802, 268.197960, 1.000000
2107.338785, 268.342016, 1.000000
2107.322884, 268.487397, 1.000000
2107.306983, 268.632778, 1.000000
2107.278967, 268.776834, 1.000000
2107.263066, 268.922215, 1.000000
2107.235050, 269.066271, 1.000000
2107.231264, 269.212977, 1.000000
2107.255612, 269.361806, 1.000000
2107.239848, 269.505930, 1.000000
2107.212074, 269.648741, 1.000000
2107.196311, 269.792865, 1.000000
2107.180547, 269.936990, 1.000000
2107.152773, 270.079801, 1.000000
2107.137009, 270.223925, 1.000000
2107.121246, 270.368049, 1.000000
2107.120688, 270.514187, 1.000000
2107.104849, 270.659005, 1.000000
2107.089009, 270.803822, 1.000000
2107.061102, 270.947319, 1.000000
2107.033194, 271.090816, 1.000000
2107.017355, 271.235634, 1.000000
2106.989447, 271.379131, 0.000000
2106.973608, 271.523948, 0.000000
2106.957768, 271.668766, 0.000000
2106.941929, 271.813583, 0.000000
2106.922395, 271.958212, 0.000000
2106.906524, 272.103313, 0.000000
2106.890654, 272.248415, 0.000000
2106.874783, 272.393516, 0.000000
2106.858913, 272.538618, 0.000000
2106.843042, 272.683719, 0.000000
2106.827172, 272.828820, 0.000000
2106.811301, 272.973922, 0.000000
2106.795431, 273.119023, 0.000000
2106.779560, 273.264125, 0.000000
2106.764912, 273.418474, 0.000000
2106.749760, 273.563532, 0.000000
2106.734609, 273.708590, 0.000000
2106.719457, 273.853648, 0.000000
2106.704306, 273.998706, 0.000000
2106.689155, 274.143763, 0.000000
2106.674003, 274.288821, 0.000000
2106.658852, 274.433879, 0.000000
2106.648610, 274.575805, 0.000000
2106.633226, 274.720477, 0.000000
2106.617842, 274.865148, 0.000000
2106.602458, 275.009820, 0.000000
2106.587074, 275.154492, 0.000000
2106.571690, 275.299164, 0.000000
2106.556306, 275.443835, 0.000000
2106.540922, 275.588507, 0.000000
2106.525538, 275.733179, 0.000000
2106.510154, 275.877851, 0.000000
2106.491692, 276.022215, 0.000000
2106.476283, 276.167125, 0.000000
2106.460874, 276.312035, 0.000000
2106.445464, 276.456945, 0.000000
2106.430055, 276.601854, 0.000000
2106.414646, 276.746764, 0.000000
2106.399236, 276.891674, 0.000000
2106.383827, 277.036584, 0.000000
2106.368418, 277.181494, 0.000000
2106.353009, 277.326404, 0.000000
2106.353104, 277.472917, 1.000000
2106.337723, 277.617560, 1.000000
2106.310288, 277.760922, 1.000000
2106.294907, 277.905565, 1.000000
2106.267473, 278.048926, 1.000000
2106.252092, 278.193569, 1.000000
2106.236711, 278.338212, 1.000000
2106.221330, 278.482855, 1.000000
2106.205949, 278.627498, 1.000000
2106.194343, 278.772396, 1.000000
2106.166963, 278.915471, 1.000000
2106.151613, 279.059825, 1.000000
2106.136263, 279.204179, 1.000000
2106.108883, 279.347253, 1.000000
2106.093533, 279.491607, 1.000000
2106.066153, 279.634682, 1.000000
2106.050803, 279.779036, 1.000000
2106.023423, 279.922111, 1.000000
2106.020103, 280.067744, 1.000000
2106.017304, 280.213728, 1.000000
2106.013963, 280.360246, 1.000000
2105.998520, 280.505477, 1.000000
2105.970974, 280.649421, 1.000000
2105.943428, 280.793365, 1.000000
2105.915882, 280.937309, 1.000000
2105.888336, 281.081253, 0.000000
2105.872892, 281.226484, 0.000000
2105.869551, 281.373002, 0.000000
2105.854108, 281.518233, 0.000000
2105.837659, 281.663383, 0.000000
2105.822208, 281.808689, 0.000000
2105.806756, 281.953996, 0.000000
2105.791305, 282.099303, 0.000000
2105.787962, 282.245897, 0.000000
2105.772510, 282.391204, 0.000000
2105.757059, 282.536511, 0.000000
2105.741607, 282.681817, 0.000000
2105.726156, 282.827124, 0.000000
2105.719127, 282.972738, 0.000000
2105.715799, 283.118691, 0.000000
2105.700415, 283.263363, 0.000000
2105.685031, 283.408035, 0.000000
2105.669647, 283.552706, 0.000000
2105.654263, 283.697378, 0.000000
2105.638879, 283.842050, 0.000000
2105.635551, 283.988004, 0.000000
2105.620167, 284.132675, 0.000000
2105.604783, 284.277347, 0.000000
2105.593553, 284.422246, 0.000000
2105.578203, 284.566600, 0.000000
2105.562853, 284.710954, 0.000000
2105.559532, 284.856587, 0.000000
2105.544182, 285.000941, 0.000000
2105.528832, 285.145295, 0.000000
2105.513482, 285.289649, 0.000000
2105.498132, 285.434003, 0.000000
2105.482781, 285.578356, 0.000000
2105.479461, 285.723989, 0.000000
2105.456747, 285.867849, 0.000000
2105.441336, 286.012775, 0.000000
2105.438002, 286.158984, 1.000000
2105.410514, 286.302625, 1.000000
2105.395103, 286.447550, 1.000000
2105.352204, 286.736117, 1.000000
2105.336793, 286.881042, 1.000000
2105.328773, 287.026657, 1.000000
2105.313423, 287.171011, 1.000000
2105.298073, 287.315365, 1.000000
2105.282723, 287.459718, 1.000000
2105.255343, 287.602793, 1.000000
2105.239993, 287.747147, 1.000000
2105.212613, 287.890222, 1.000000
2105.197263, 288.034575, 1.000000
2105.169883, 288.177650, 1.000000
2105.154533, 288.322004, 1.000000
2105.166472, 288.388754, 1.000000
2105.168973, 288.536446, 1.000000
2105.135448, 288.678758, 1.000000
2105.113932, 288.822864, 1.000000
2105.080406, 288.965176, 1.000000
2105.046881, 289.107488, 1.000000
2105.013356, 289.249800, 1.000000
2104.979831, 289.392113, 0.000000
2104.958314, 289.536218, 0.000000
2104.928425, 289.708502, 0.000000
2104.909008, 289.853319, 0.000000
2104.889591, 289.998135, 0.000000
2104.870175, 290.142952, 0.000000
2104.850758, 290.287769, 0.000000
2104.831341, 290.432585, 0.000000
2104.811925, 290.577402, 0.000000
2104.792508, 290.722218, 0.000000
2104.773092, 290.867035, 0.000000
2104.753675, 291.011851, 0.000000
2104.742781, 291.157647, 0.000000
2104.723450, 291.301822, 0.000000
2104.704120, 291.445997, 0.000000
2104.684789, 291.590172, 0.000000
2104.665459, 291.734347, 0.000000
2104.646128, 291.878522, 0.000000
2104.626797, 292.022697, 0.000000
2104.607467, 292.166872, 0.000000
2104.588136, 292.311047, 0.000000
2104.556791, 292.453611, 0.000000
2104.529275, 292.596792, 0.000000
2104.509862, 292.741580, 0.000000
2104.490449, 292.886368, 0.000000
2104.471037, 293.031156, 0.000000
2104.451624, 293.175943, 0.000000
2104.432211, 293.320731, 0.000000
2104.412798, 293.465519, 0.000000
2104.393386, 293.610307, 0.000000
2104.373973, 293.755095, 0.000000
2104.355362, 293.899960, 0.000000
2104.335957, 294.044688, 0.000000
2104.316553, 294.189416, 0.000000
2104.297148, 294.334144, 0.000000
2104.277743, 294.478872, 0.000000
2104.258338, 294.623599, 0.000000
2104.238934, 294.768327, 0.000000
2104.219529, 294.913055, 0.000000
2104.200124, 295.057783, 0.000000
2104.180719, 295.202511, 0.000000
2104.163427, 295.493661, 1.000000
2104.132114, 295.636078, 1.000000
2104.112803, 295.780105, 1.000000
2104.081490, 295.922521, 1.000000
2104.050177, 296.064938, 1.000000
2104.030867, 296.208965, 1.000000
2104.011556, 296.352991, 1.000000
2104.017762, 296.500572, 1.000000
2104.010413, 296.647007, 1.000000
2103.990997, 296.791823, 1.000000
2103.959512, 296.935022, 1.000000
2103.940095, 297.079838, 1.000000
2103.908611, 297.223037, 1.000000
2103.889194, 297.367853, 1.000000
2103.857709, 297.511052, 1.000000
2103.838293, 297.655868, 1.000000
2103.806808, 297.799067, 1.000000
2103.799459, 297.945501, 1.000000
2103.784351, 298.090599, 0.000000
2103.764977, 298.235097, 0.000000
2103.745603, 298.379595, 0.000000
2103.726229, 298.524094, 0.000000
2103.687481, 298.813090, 0.000000
2103.668107, 298.957589, 0.000000
2103.636691, 299.100473, 0.000000
2103.617317, 299.244971, 0.000000
2103.597944, 299.389469, 0.000000
2103.584992, 299.534468, 0.000000
2103.565681, 299.678495, 0.000000
2103.546371, 299.822521, 0.000000
2103.527060, 299.966547, 0.000000
2103.507749, 300.110573, 0.000000
2103.488439, 300.254599, 0.000000
2103.469128, 300.398625, 0.000000
2103.449817, 300.542651, 0.000000
2103.424116, 300.685941, 0.000000
2103.404742, 300.830439, 0.000000
2103.385368, 300.974938, 0.000000
2103.365994, 301.119436, 0.000000
2103.334579, 301.262320, 0.000000
2103.315205, 301.406818, 0.000000
2103.295831, 301.551317, 0.000000
2103.276457, 301.695815, 0.000000
2103.257083, 301.840313, 0.000000
2103.237709, 301.984812, 0.000000
2103.218335, 302.129310, 0.000000
2103.198961, 302.273808, 0.000000
2103.179587, 302.418307, 0.000000
2103.160213, 302.562805, 0.000000
2103.140839, 302.707303, 0.000000
2103.121465, 302.851802, 0.000000
2103.102091, 302.996300, 0.000000
2103.082717, 303.140799, 0.000000
2103.063343, 303.285297, 0.000000
2103.031928, 303.428181, 0.000000
2103.012554, 303.572679, 0.000000
2102.983797, 303.765940, 0.000000
2102.967929, 303.911360, 0.000000
2102.952061, 304.056780, 0.000000
2102.936194, 304.202201, 0.000000
2102.920326, 304.347621, 0.000000
2102.904458, 304.493041, 1.000000
2102.888590, 304.638461, 1.000000
2102.872723, 304.783881, 1.000000
2102.896171, 304.917885, 1.000000
2102.850400, 305.205023, 1.000000
2102.833527, 305.349295, 1.000000
2102.804630, 305.492161, 1.000000
2102.775734, 305.635027, 1.000000
2102.758860, 305.779299, 1.000000
2102.729963, 305.922165, 1.000000
2102.713089, 306.066437, 1.000000
2102.696216, 306.210709, 1.000000
2102.705790, 306.358194, 1.000000
2102.700915, 306.504586, 1.000000
2102.683958, 306.649566, 1.000000
2102.654920, 306.793132, 1.000000
2102.637963, 306.938111, 1.000000
2102.608925, 307.081677, 1.000000
2102.579887, 307.225244, 1.000000
2102.550849, 307.368810, 0.000000
2102.533892, 307.513789, 0.000000
2102.522222, 307.659130, 0.000000
2102.505310, 307.803729, 0.000000
2102.500448, 307.949738, 0.000000
2102.483536, 308.094337, 0.000000
2102.466623, 308.238936, 0.000000
2102.449711, 308.383536, 0.000000
2102.432799, 308.528135, 0.000000
2102.415887, 308.672734, 0.000000
2102.398975, 308.817333, 0.000000
2102.382063, 308.961933, 0.000000
2102.381686, 309.108355, 0.000000
2102.364812, 309.252627, 0.000000
2102.347938, 309.396899, 0.000000
2102.331064, 309.541171, 0.000000
2102.314190, 309.685443, 0.000000
2102.297316, 309.829715, 0.000000
2102.280443, 309.973988, 0.000000
2102.263569, 310.118260, 0.000000
2102.258718, 310.263938, 0.000000
2102.241844, 310.408210, 0.000000
2102.226196, 310.552618, 0.000000
2102.209332, 310.696799, 0.000000
2102.192469, 310.840981, 0.000000
2102.175606, 310.985163, 0.000000
2102.158742, 311.129345, 0.000000
2102.153894, 311.274932, 0.000000
2102.137031, 311.419114, 0.000000
2102.120168, 311.563296, 0.000000
2102.103304, 311.707478, 0.000000
2102.080770, 311.851314, 0.000000
2102.063858, 311.995913, 0.000000
2102.046945, 312.140512, 0.000000
2102.030033, 312.285112, 0.000000
2102.025171, 312.431120, 0.000000
2102.008259, 312.575719, 0.000000
2101.991347, 312.720319, 0.000000
2101.974435, 312.864918, 0.000000
2101.969573, 313.010927, 1.000000
2101.952661, 313.155526, 1.000000
2101.961825, 313.303499, 1.000000
2101.956937, 313.450282, 1.000000
2101.939935, 313.595649, 1.000000
2101.910820, 313.739598, 1.000000
2101.893818, 313.884964, 1.000000
2101.864702, 314.028914, 1.000000
2101.847700, 314.174280, 1.000000
2101.830699, 314.319647, 1.000000
2101.813697, 314.465013, 1.000000
2101.811210, 314.611153, 1.000000
2101.794336, 314.755425, 1.000000
2101.765439, 314.898291, 1.000000
2101.748566, 315.042563, 1.000000
2101.719669, 315.185429, 1.000000
2101.702795, 315.329701, 1.000000
2101.673899, 315.472566, 1.000000
2101.657025, 315.616839, 1.000000
2101.640151, 315.761111, 1.000000
2101.623277, 315.905383, 1.000000
2101.590141, 316.047937, 0.000000
2101.573231, 316.192522, 0.000000
2101.556320, 316.337106, 0.000000
2101.539410, 316.481691, 0.000000
2101.522500, 316.626275, 0.000000
2101.505589, 316.770860, 0.000000
2101.488679, 316.915445, 0.000000
2101.471768, 317.060029, 0.000000
2101.459082, 317.205055, 0.000000
2101.442209, 317.349327, 0.000000
2101.425335, 317.493599, 0.000000
2101.408461, 317.637871, 0.000000
2101.391587, 317.782143, 0.000000
2101.374713, 317.926415, 0.000000
2101.357839, 318.070687, 0.000000
2101.340966, 318.214959, 0.000000
2101.324092, 318.359231, 0.000000
2101.307218, 318.503503, 0.000000
2101.290344, 318.647775, 0.000000
2101.269018, 318.791831, 0.000000
2101.264155, 318.937839, 0.000000
2101.247243, 319.082439, 0.000000
2101.230331, 319.227038, 0.000000
2101.213419, 319.371637, 0.000000
2101.196507, 319.516236, 0.000000
2101.179595, 319.660836, 0.000000
2101.162683, 319.805435, 0.000000
2101.145771, 319.950034, 0.000000
2101.128859, 320.094633, 0.000000
2101.124558, 320.192230, 0.000000
2101.104190, 320.335739, 0.000000
2101.083822, 320.479248, 0.000000
2101.063454, 320.622757, 0.000000
2101.043086, 320.766266, 0.000000
2101.022718, 320.909775, 0.000000
2101.002350, 321.053285, 0.000000
2100.981982, 321.196794, 0.000000
2100.949185, 321.365072, 0.000000
2100.930633, 321.509564, 0.000000
2100.912080, 321.654056, 0.000000
2100.893528, 321.798548, 0.000000
2100.887017, 321.944585, 1.000000
2100.856423, 322.087531, 1.000000
2100.825830, 322.230477, 1.000000
2100.795237, 322.373423, 1.000000
2100.758132, 322.662406, 1.000000
2100.751620, 322.808444, 1.000000
2100.760152, 322.956262, 1.000000
2100.741628, 323.100530, 1.000000
2100.723104, 323.244798, 1.000000
2100.692558, 323.387523, 1.000000
2100.674035, 323.531791, 1.000000
2100.643489, 323.674515, 1.000000
2100.624965, 323.818783, 1.000000
2100.618464, 323.964595, 1.000000
2100.602355, 324.109719, 1.000000
2100.583740, 324.254702, 1.000000
2100.553042, 324.398134, 1.000000
2100.534427, 324.543118, 1.000000
2100.503729, 324.686550, 1.000000
2100.485114, 324.831534, 1.000000
2100.454416, 324.974966, 1.000000
2100.435801, 325.119949, 1.000000
2100.417185, 325.264933, 1.000000
2100.398570, 325.409916, 1.000000
2100.379954, 325.554900, 0.000000
2100.361339, 325.699883, 0.000000
2100.342724, 325.844867, 0.000000
2100.324108, 325.989850, 0.000000
2100.305493, 326.134834, 0.000000
2100.298959, 326.281369, 0.000000
2100.280344, 326.426352, 0.000000
2100.261728, 326.571336, 0.000000
2100.243113, 326.716319, 0.000000
2100.224497, 326.861303, 0.000000
2100.218104, 327.007322, 0.000000
2100.199604, 327.151405, 0.000000
2100.181104, 327.295488, 0.000000
2100.162604, 327.439571, 0.000000
2100.144104, 327.583654, 0.000000
2100.125604, 327.727738, 0.000000
2100.107104, 327.871821, 0.000000
2100.100611, 328.017446, 0.000000
2100.082111, 328.161529, 0.000000
2100.059009, 328.305338, 0.000000
2100.040465, 328.449761, 0.000000
2100.021922, 328.594184, 0.000000
2100.003378, 328.738608, 0.000000
2099.984835, 328.883031, 0.000000
2099.966291, 329.027454, 0.000000
2099.947747, 329.171877, 0.000000
2099.929204, 329.316301, 0.000000
2099.910660, 329.460724, 0.000000
2099.904152, 329.606692, 0.000000
2099.878795, 329.750542, 0.000000
2099.860186, 329.895474, 0.000000
2099.841577, 330.040405, 0.000000
2099.822968, 330.185336, 0.000000
2099.804360, 330.330268, 0.000000
2099.785751, 330.475199, 0.000000
2099.767142, 330.620131, 0.000000
2099.748533, 330.765062, 0.000000
2099.729924, 330.909994, 0.000000
2099.711316, 331.054925, 0.000000
2099.706374, 331.201501, 0.000000
2099.687780, 331.346313, 0.000000
2099.669187, 331.491126, 0.000000
2099.650593, 331.635938, 0.000000
2099.632000, 331.780751, 0.000000
2099.613406, 331.925563, 0.000000
2099.594813, 332.070376, 1.000000
2099.576219, 332.215188, 1.000000
2099.564262, 332.507962, 1.000000
2099.545679, 332.652691, 1.000000
2099.515035, 332.795873, 1.000000
2099.496452, 332.940602, 1.000000
2099.465808, 333.083784, 1.000000
2099.447225, 333.228513, 1.000000
2099.416582, 333.371695, 1.000000
2099.397999, 333.516424, 1.000000
2099.379416, 333.661154, 1.000000
2099.372894, 333.807433, 1.000000
2099.395064, 333.989600, 1.000000
2099.379014, 334.134108, 1.000000
2099.362965, 334.278616, 1.000000
2099.334874, 334.421787, 1.000000
2099.306782, 334.564958, 1.000000
2099.290733, 334.709466, 1.000000
2099.250600, 334.851299, 0.000000
2099.234550, 334.995807, 0.000000
2099.214646, 335.134220, 0.000000
2099.210187, 335.280365, 0.000000
2099.193665, 335.425133, 0.000000
2099.177142, 335.569900, 0.000000
2099.160620, 335.714668, 0.000000
2099.144097, 335.859436, 0.000000
2099.127575, 336.004204, 0.000000
2099.126696, 336.150620, 0.000000
2099.110204, 336.295117, 0.000000
2099.093712, 336.439614, 0.000000
2099.077221, 336.584111, 0.000000
2099.060729, 336.728608, 0.000000
2099.044238, 336.873105, 0.000000
2099.039788, 337.018977, 0.000000
2099.023296, 337.163474, 0.000000
2099.006804, 337.307971, 0.000000
2098.991327, 337.452577, 0.000000
2098.974844, 337.596997, 0.000000
2098.958361, 337.741416, 0.000000
2098.953914, 337.887210, 0.000000
2098.937431, 338.031629, 0.000000
2098.920948, 338.176049, 0.000000
2098.904465, 338.320469, 0.000000
2098.887983, 338.464888, 0.000000
2098.871500, 338.609308, 0.000000
2098.855017, 338.753728, 0.000000
2098.850569, 338.899521, 0.000000
2098.820900, 339.043291, 0.000000
2098.804301, 339.188724, 0.000000
2098.787703, 339.334157, 0.000000
2098.771104, 339.479590, 0.000000
2098.754506, 339.625023, 0.000000
2098.750027, 339.771840, 0.000000
2098.733429, 339.917273, 0.000000
2098.716830, 340.062706, 0.000000
2098.717409, 340.209734, 1.000000
2098.688769, 340.353394, 1.000000
2098.672216, 340.498434, 1.000000
2098.643576, 340.642094, 1.000000
2098.627022, 340.787134, 1.000000
2098.598382, 340.930794, 1.000000
2098.581828, 341.075833, 1.000000
2098.553188, 341.219494, 1.000000
2098.536635, 341.364533, 1.000000
2098.544255, 341.512332, 1.000000
2098.559367, 341.660444, 1.000000
2098.542880, 341.804901, 1.000000
2098.514355, 341.947984, 1.000000
2098.497868, 342.092440, 1.000000
2098.469343, 342.235523, 1.000000
2098.452856, 342.379980, 1.000000
2098.424331, 342.523063, 1.000000
2098.395806, 342.666146, 1.000000
2098.379319, 342.810602, 1.000000
2098.387620, 342.957963, 1.000000
2098.383144, 343.104684, 1.000000
2098.354444, 343.248640, 1.000000
2098.325745, 343.392596, 1.000000
2098.297046, 343.536553, 1.000000
2098.268347, 343.680509, 0.000000
2098.251759, 343.825848, 0.000000
2098.247283, 343.972569, 0.000000
2098.230696, 344.117907, 0.000000
2098.221803, 344.263678, 0.000000
2098.205282, 344.408428, 0.000000
2098.188762, 344.553179, 0.000000
2098.172241, 344.697929, 0.000000
2098.167783, 344.844057, 0.000000
2098.151263, 344.988807, 0.000000
2098.134742, 345.133558, 0.000000
2098.118222, 345.278309, 0.000000
2098.101701, 345.423059, 0.000000
2098.085181, 345.567810, 0.000000
2098.086752, 345.714232, 0.000000
2098.070285, 345.858516, 0.000000
2098.053817, 346.002800, 0.000000
2098.037350, 346.147085, 0.000000
2098.020883, 346.291369, 0.000000
2098.004415, 346.435653, 0.000000
2097.999972, 346.581310, 0.000000
2097.983504, 346.725594, 0.000000
2097.957342, 346.869346, 0.000000
2097.940789, 347.014385, 0.000000
2097.924235, 347.159425, 0.000000
2097.907682, 347.304464, 0.000000
2097.903215, 347.450884, 0.000000
2097.886661, 347.595923, 0.000000
2097.870108, 347.740963, 0.000000
2097.853554, 347.886002, 0.000000
2097.837001, 348.031042, 0.000000
2097.820447, 348.176082, 0.000000
2097.819642, 348.322699, 0.000000
2097.803121, 348.467450, 0.000000
2097.786601, 348.612200, 0.000000
2097.770080, 348.756951, 1.000000
2097.753560, 348.901702, 1.000000
2097.724976, 349.045075, 1.000000
2097.708456, 349.189826, 1.000000
2097.679873, 349.333200, 1.000000
2097.663352, 349.477951, 1.000000
2097.658894, 349.624078, 1.000000
2097.668087, 349.802519, 1.000000
2097.654039, 349.947308, 1.000000
2097.639991, 350.092096, 1.000000
2097.625943, 350.236885, 1.000000
2097.599829, 350.380502, 1.000000
2097.585781, 350.525291, 1.000000
2097.571733, 350.670079, 1.000000
2097.548725, 350.798180, 0.000000
2097.533320, 350.943618, 0.000000
2097.517916, 351.089055, 0.000000
2097.514632, 351.235777, 0.000000
2097.499227, 351.381214, 0.000000
2097.483823, 351.526652, 0.000000
2097.468419, 351.672090, 0.000000
2097.453014, 351.817527, 0.000000
2097.437610, 351.962965, 0.000000
2097.435210, 352.109430, 0.000000
2097.431949, 352.255105, 0.000000
2097.416655, 352.399505, 0.000000
2097.401360, 352.543905, 0.000000
2097.386066, 352.688305, 0.000000
2097.370772, 352.832705, 0.000000
2097.355477, 352.977106, 0.000000
2097.352216, 353.122780, 0.000000
2097.337524, 353.267212, 0.000000
2097.322234, 353.411563, 0.000000
2097.306945, 353.555915, 0.000000
2097.291656, 353.700267, 0.000000
2097.276366, 353.844618, 0.000000
2097.261077, 353.988970, 0.000000
2097.257817, 354.134596, 0.000000
2097.242528, 354.278947, 0.000000
2097.227239, 354.423299, 0.000000
2097.208217, 354.567332, 0.000000
2097.192895, 354.711988, 0.000000
2097.177574, 354.856643, 0.000000
2097.174307, 355.002576, 0.000000
2097.158986, 355.147232, 0.000000
2097.143664, 355.291887, 0.000000
2097.128343, 355.436543, 0.000000
2097.113021, 355.581199, 0.000000
2097.088145, 355.725238, 0.000000
2097.072741, 355.870675, 0.000000
2097.069456, 356.017397, 0.000000
2097.054052, 356.162834, 0.000000
2097.038647, 356.308272, 0.000000
2097.023243, 356.453709, 0.000000
2097.007839, 356.599147, 0.000000
2096.992435, 356.744585, 0.000000
2096.989150, 356.891306, 0.000000
2096.980142, 357.037286, 0.000000
2096.964794, 357.182192, 0.000000
2096.961522, 357.328377, 1.000000
2096.930826, 357.618188, 1.000000
2096.915478, 357.763094, 1.000000
2096.888054, 357.906721, 1.000000
2096.872706, 358.051627, 1.000000
2096.865543, 358.197536, 1.000000
2096.862264, 358.344049, 1.000000
2096.846881, 358.489280, 1.000000
2096.819396, 358.633230, 1.000000
2096.804014, 358.778461, 1.000000
2096.788631, 358.923692, 1.000000
2096.761146, 359.067641, 1.000000
2096.745764, 359.212872, 1.000000
2096.730381, 359.358103, 1.000000
2096.724634, 359.504407, 1.000000
2096.709230, 359.649844, 1.000000
2096.693826, 359.795282, 1.000000
2096.666302, 359.939436, 0.000000
2096.650897, 360.084873, 0.000000
2096.647613, 360.231595, 0.000000
2096.632208, 360.377032, 0.000000
2096.616804, 360.522470, 0.000000
2096.601400, 360.667907, 0.000000
2096.598358, 360.814654, 0.000000
2096.595097, 360.960329, 0.000000
2096.579803, 361.104729, 0.000000
2096.564508, 361.249129, 0.000000
2096.549214, 361.393530, 0.000000
2096.533919, 361.537930, 0.000000
2096.530658, 361.683605, 0.000000
2096.515364, 361.828005, 0.000000
2096.500641, 361.972449, 0.000000
2096.485352, 362.116801, 0.000000
2096.470063, 362.261152, 0.000000
2096.466803, 362.406778, 0.000000
2096.451514, 362.551130, 0.000000
2096.436224, 362.695481, 0.000000
2096.420935, 362.839833, 0.000000
2096.417675, 362.985459, 0.000000
2096.402386, 363.129811, 0.000000
2096.387097, 363.274162, 0.000000
2096.373774, 363.488141, 0.000000
2096.364471, 363.632797, 0.000000
2096.367224, 363.778228, 0.000000
2096.357921, 363.922884, 0.000000
2096.348619, 364.067539, 0.000000
2096.339317, 364.212195, 0.000000
2096.330014, 364.356851, 0.000000
2096.328200, 364.474935, 0.000000
2096.316497, 364.619956, 0.000000
2096.304794, 364.764976, 0.000000
2096.293091, 364.909997, 0.000000
2096.293473, 365.055993, 0.000000
2096.281770, 365.201014, 0.000000
2096.270067, 365.346034, 0.000000
2096.258364, 365.491055, 0.000000
2096.246661, 365.636076, 0.000000
2096.240066, 365.781560, 0.000000
2096.228313, 365.927201, 0.000000
2096.216943, 366.219461, 1.000000
2096.205190, 366.365102, 1.000000
2096.193437, 366.510742, 1.000000
2096.169548, 366.655403, 1.000000
2096.157795, 366.801044, 1.000000
2096.146042, 366.946684, 1.000000
2096.146425, 367.093304, 1.000000
2096.176461, 367.241947, 1.000000
2096.164747, 367.387098, 1.000000
2096.153034, 367.532248, 1.000000
2096.141321, 367.677399, 1.000000
2096.129607, 367.822549, 1.000000
2096.105798, 367.966724, 1.000000
2096.094084, 368.111874, 1.000000
2096.058179, 368.255073, 0.000000
2096.040962, 368.400190, 0.000000
2096.041345, 368.546810, 0.000000
2096.029592, 368.692450, 0.000000
2096.017839, 368.838091, 0.000000
2096.006086, 368.983731, 0.000000
2096.006470, 369.130351, 0.000000
2095.994717, 369.275992, 0.000000
2095.982964, 369.421632, 0.000000
2095.971211, 369.567273, 0.000000
2095.978387, 369.714129, 0.000000
2095.966684, 369.859150, 0.000000
2095.954981, 370.004170, 0.000000
2095.943278, 370.149191, 0.000000
2095.943660, 370.295187, 0.000000
2095.931957, 370.440207, 0.000000
2095.920254, 370.585228, 0.000000
2095.908551, 370.730249, 0.000000
2095.908933, 370.876245, 0.000000
2095.901166, 371.021430, 0.000000
2095.889492, 371.166085, 0.000000
2095.877819, 371.310741, 0.000000
2095.878200, 371.456370, 0.000000
2095.866526, 371.601025, 0.000000
2095.854853, 371.745681, 0.000000
2095.843179, 371.890337, 0.000000
2095.843560, 372.035965, 0.000000
2095.823570, 372.180474, 0.000000
2095.811833, 372.325912, 0.000000
2095.800096, 372.471350, 0.000000
2095.800479, 372.617765, 0.000000
2095.788743, 372.763203, 0.000000
2095.777006, 372.908640, 0.000000
2095.777389, 373.055056, 0.000000
2095.765653, 373.200494, 0.000000
2095.753916, 373.345931, 0.000000
2095.747738, 373.491594, 0.000000
2095.748119, 373.637475, 0.000000
2095.736426, 373.782380, 0.000000
2095.724732, 373.927286, 0.000000
2095.713038, 374.072192, 0.000000
2095.713420, 374.218072, 0.000000
2095.701726, 374.362978, 0.000000
2095.690033, 374.507884, 0.000000
2095.677156, 374.652761, 0.000000
2095.677538, 374.798757, 0.000000
2095.665835, 374.943778, 0.000000
2095.666217, 375.089774, 1.000000
2095.642429, 375.233819, 1.000000
2095.630726, 375.378840, 1.000000
2095.619023, 375.523860, 1.000000
2095.607320, 375.668881, 1.000000
2095.595617, 375.813902, 1.000000
2095.599694, 375.960012, 1.000000
2095.600075, 376.105641, 1.000000
2095.588402, 376.250296, 1.000000
2095.564674, 376.393979, 1.000000
2095.553000, 376.538635, 1.000000
2095.541327, 376.683290, 1.000000
2095.529653, 376.827946, 1.000000
2095.517980, 376.972602, 1.000000
2095.502585, 377.250246, 0.000000
2095.504000, 377.396244, 0.000000
2095.505416, 377.542243, 0.000000
2095.506831, 377.688241, 0.000000
2095.508247, 377.834239, 0.000000
2095.497496, 377.980356, 0.000000
2095.498912, 378.126354, 0.000000
2095.500327, 378.272352, 0.000000
2095.501743, 378.418351, 0.000000
2095.502966, 378.534936, 0.000000
2095.501495, 378.680811, 0.000000
2095.500023, 378.826686, 0.000000
2095.498552, 378.972561, 0.000000
2095.484924, 379.118314, 0.000000
2095.483452, 379.264189, 0.000000
2095.481981, 379.410064, 0.000000
2095.480509, 379.555939, 0.000000
2095.479038, 379.701815, 0.000000
2095.485607, 379.847575, 0.000000
2095.484144, 379.992666, 0.000000
2095.482680, 380.137757, 0.000000
2095.481217, 380.282848, 0.000000
2095.467662, 380.427817, 0.000000
2095.466198, 380.572908, 0.000000
2095.464735, 380.717999, 0.000000
2095.463271, 380.863090, 0.000000
2095.455842, 381.008409, 0.000000
2095.454372, 381.154077, 0.000000
2095.452903, 381.299745, 0.000000
2095.451434, 381.445413, 0.000000
2095.449964, 381.591081, 0.000000
2095.436356, 381.736627, 0.000000
2095.434886, 381.882295, 0.000000
2095.433417, 382.027963, 0.000000
2095.431948, 382.173631, 0.000000
2095.436491, 382.319167, 0.000000
2095.435028, 382.464258, 0.000000
2095.433564, 382.609349, 0.000000
2095.432101, 382.754440, 0.000000
2095.430637, 382.899531, 0.000000
2095.417082, 383.044500, 0.000000
2095.415619, 383.189591, 0.000000
2095.414155, 383.334682, 0.000000
2095.400214, 383.480340, 0.000000
2095.410928, 383.626741, 1.000000
2095.409453, 383.773020, 1.000000
2095.407977, 383.919299, 1.000000
2095.394312, 384.065454, 1.000000
2095.392836, 384.211733, 1.000000
2095.379171, 384.357889, 1.000000
2095.377695, 384.504167, 1.000000
2095.376220, 384.650446, 1.000000
2095.379014, 384.796700, 1.000000
2095.389699, 384.942698, 1.000000
2095.388227, 385.088574, 1.000000
2095.386756, 385.234449, 1.000000
2095.373128, 385.380201, 1.000000
2095.371657, 385.526077, 1.000000
2095.358029, 385.671829, 1.000000
2095.356557, 385.817704, 1.000000
2095.342930, 385.963457, 1.000000
2095.353614, 386.109455, 1.000000
2095.346260, 386.255776, 1.000000
2095.332581, 386.402079, 0.000000
2095.318902, 386.548382, 0.000000
2095.317425, 386.694809, 0.000000
2095.315948, 386.841235, 0.000000
2095.314471, 386.987661, 0.000000
2095.300791, 387.133964, 0.000000
2095.307594, 387.280221, 0.000000
2095.306125, 387.425889, 0.000000
2095.292517, 387.571435, 0.000000
2095.291047, 387.717103, 0.000000
2095.289578, 387.862771, 0.000000
2095.275969, 388.008317, 0.000000
2095.274500, 388.153985, 0.000000
2095.273031, 388.299653, 0.000000
2095.259422, 388.445198, 0.000000
2095.252244, 388.590894, 0.000000
2095.250770, 388.737073, 0.000000
2095.237114, 388.883129, 0.000000
2095.235639, 389.029308, 0.000000
2095.234165, 389.175488, 0.000000
2095.220508, 389.321544, 0.000000
2095.219034, 389.467723, 0.000000
2095.217559, 389.613902, 0.000000
2095.227173, 389.759541, 0.000000
2095.213608, 389.904620, 0.000000
2095.212143, 390.049822, 0.000000
2095.210679, 390.195023, 0.000000
2095.197114, 390.340102, 0.000000
2095.195649, 390.485304, 0.000000
2095.194185, 390.630505, 0.000000
2095.180620, 390.775584, 0.000000
2095.179155, 390.920786, 0.000000
2095.190592, 391.249738, 0.000000
2095.192981, 391.395140, 0.000000
2095.207387, 391.539342, 0.000000
2095.221793, 391.683544, 0.000000
2095.224182, 391.828946, 0.000000
2095.238588, 391.973147, 0.000000
2095.252994, 392.117349, 0.000000
2095.255383, 392.262751, 0.000000
2095.251745, 392.367508, 0.000000
2095.262759, 392.513091, 0.000000
2095.273773, 392.658674, 0.000000
2095.272656, 392.805175, 0.000000
2095.283670, 392.950758, 1.000000
2095.306816, 393.095424, 1.000000
2095.317830, 393.241007, 1.000000
2095.316712, 393.387508, 1.000000
2095.327726, 393.533091, 1.000000
2095.323919, 393.679599, 1.000000
2095.310741, 393.826225, 1.000000
2095.333762, 393.970112, 1.000000
2095.332650, 394.115826, 1.000000
2095.343605, 394.260626, 1.000000
2095.354560, 394.405427, 1.000000
2095.353448, 394.551140, 1.000000
2095.352336, 394.696854, 0.000000
2095.356162, 394.842483, 0.000000
2095.355046, 394.988776, 0.000000
2095.366044, 395.134152, 0.000000
2095.377043, 395.279529, 0.000000
2095.375927, 395.425822, 0.000000
2095.386925, 395.571198, 0.000000
2095.397923, 395.716574, 0.000000
2095.396807, 395.862867, 0.000000
2095.407806, 396.008244, 0.000000
2095.426084, 396.152876, 0.000000
2095.424973, 396.298590, 0.000000
2095.435927, 396.443390, 0.000000
2095.446882, 396.588191, 0.000000
2095.445770, 396.733904, 0.000000
2095.456725, 396.878705, 0.000000
2095.467680, 397.023505, 0.000000
2095.466568, 397.169218, 0.000000
2095.467448, 397.315240, 0.000000
2095.466330, 397.461741, 0.000000
2095.477344, 397.607325, 0.000000
2095.488358, 397.752908, 0.000000
2095.487240, 397.899409, 0.000000
2095.498254, 398.044992, 0.000000
2095.509269, 398.190575, 0.000000
2095.508151, 398.337076, 0.000000
2095.519165, 398.482659, 0.000000
2095.540465, 398.627202, 0.000000
2095.539353, 398.772915, 0.000000
2095.550308, 398.917716, 0.000000
2095.561263, 399.062516, 0.000000
2095.560151, 399.208230, 0.000000
2095.571106, 399.353030, 0.000000
2095.582061, 399.497831, 0.000000
2095.580949, 399.643544, 0.000000
2095.578721, 399.789920, 0.000000
2095.589750, 399.935707, 0.000000
2095.588631, 400.082412, 0.000000
2095.599660, 400.228198, 0.000000
2095.610690, 400.373985, 0.000000
2095.609570, 400.520690, 0.000000
2095.620600, 400.666476, 0.000000
2095.631629, 400.812263, 0.000000
2095.630510, 400.958968, 0.000000
2095.681465, 401.246794, 1.000000
2095.680355, 401.392250, 1.000000
2095.691291, 401.536794, 1.000000
2095.702226, 401.681339, 1.000000
2095.713162, 401.825884, 1.000000
2095.724097, 401.970428, 1.000000
2095.735033, 402.114973, 1.000000
2095.729055, 402.261526, 1.000000
2095.740084, 402.407312, 1.000000
2095.751114, 402.553098, 1.000000
2095.762143, 402.698885, 1.000000
2095.773173, 402.844671, 1.000000
2095.772053, 402.991376, 1.000000
2095.783083, 403.137163, 1.000000
2095.794112, 403.282949, 1.000000
2095.805142, 403.428735, 1.000000
2095.821174, 403.573831, 0.000000
2095.832109, 403.718376, 0.000000
2095.843045, 403.862920, 0.000000
2095.853980, 404.007465, 0.000000
2095.864916, 404.152010, 0.000000
2095.875851, 404.296555, 0.000000
2095.886787, 404.441099, 0.000000
2095.897722, 404.585644, 0.000000
2095.894338, 404.731881, 0.000000
2095.905352, 404.877465, 0.000000
2095.916366, 405.023048, 0.000000
2095.927381, 405.168631, 0.000000
2095.938395, 405.314214, 0.000000
2095.949409, 405.459797, 0.000000
2095.960423, 405.605380, 0.000000
2095.971437, 405.750964, 0.000000
2095.982451, 405.896547, 0.000000
2096.136531, 406.606219, 0.000000
2096.188548, 406.742448, 0.000000
2096.240565, 406.878678, 0.000000
2096.292582, 407.014907, 0.000000
2096.344599, 407.151136, 0.000000
2096.396616, 407.287365, 0.000000
2096.448633, 407.423594, 0.000000
2096.500650, 407.559823, 0.000000
2096.472407, 407.432514, 0.000000
2096.505306, 407.574315, 0.000000
2096.538205, 407.716116, 0.000000
2096.571104, 407.857917, 0.000000
2096.604003, 407.999717, 0.000000
2096.636902, 408.141518, 0.000000
2096.669800, 408.283319, 0.000000
2096.702699, 408.425120, 0.000000
2096.735598, 408.566920, 0.000000
2096.768497, 408.708721, 0.000000
2096.798177, 408.851455, 0.000000
2096.831131, 408.993491, 0.000000
2096.864084, 409.135528, 0.000000
2096.897038, 409.277564, 0.000000
2096.929992, 409.419601, 0.000000
2097.007735, 409.700927, 1.000000
2097.028853, 409.845710, 1.000000
2097.065021, 409.986793, 1.000000
2097.097920, 410.128594, 1.000000
2097.130819, 410.270395, 1.000000
2097.163718, 410.412196, 1.000000
2097.196617, 410.553996, 1.000000
2097.229516, 410.695797, 1.000000
2097.262415, 410.837598, 1.000000
2097.295314, 410.979399, 1.000000
2097.328213, 411.121199, 1.000000
2097.342838, 411.267445, 1.000000
2097.363989, 411.412464, 1.000000
2097.396997, 411.554732, 1.000000
2097.430004, 411.697000, 1.000000
2097.451156, 411.842018, 0.000000
2097.484163, 411.984286, 0.000000
2097.517170, 412.126554, 0.000000
2097.550178, 412.268822, 0.000000
2097.583185, 412.411090, 0.000000
2097.616193, 412.553358, 0.000000
2097.648563, 412.695814, 0.000000
2097.681581, 412.838128, 0.000000
2097.714599, 412.980442, 0.000000
2097.747617, 413.122756, 0.000000
2097.780635, 413.265069, 0.000000
2097.813653, 413.407383, 0.000000
2097.846671, 413.549697, 0.000000
2097.879689, 413.692011, 0.000000
2097.916561, 413.833187, 0.000000
2097.949514, 413.975223, 0.000000
2097.982468, 414.117260, 0.000000
2098.015422, 414.259296, 0.000000
2098.048375, 414.401333, 0.000000
2114.813470, 233.569774, 1.000000
2114.795770, 233.714407, 1.000000
2114.790122, 233.860515, 1.000000
2114.772421, 234.005147, 1.000000
2114.754721, 234.149780, 1.000000
2114.737020, 234.294413, 1.000000
2114.731372, 234.440521, 1.000000
2114.713672, 234.585154, 1.000000
2114.708024, 234.731262, 1.000000
2114.678271, 234.874419, 1.000000
2114.633741, 235.015620, 1.000000
2114.616071, 235.160002, 1.000000
2114.610433, 235.305856, 1.000000
2114.592763, 235.450238, 1.000000
2114.575094, 235.594619, 1.000000
2114.569456, 235.740474, 1.000000
2114.551786, 235.884855, 1.000000
2114.546148, 236.030710, 1.000000
2114.525642, 236.174593, 1.000000
2114.508004, 236.318719, 1.000000
2114.502376, 236.464315, 1.000000
2114.496748, 236.609911, 1.000000
2114.479109, 236.754037, 1.000000
2114.461471, 236.898164, 0.000000
2114.431821, 237.040820, 0.000000
2114.414183, 237.184946, 0.000000
2114.384534, 237.327602, 0.000000
2114.373062, 237.472577, 0.000000
2114.343299, 237.615781, 0.000000
2114.325592, 237.760460, 0.000000
2114.307886, 237.905139, 0.000000
2114.278123, 238.048343, 0.000000
2114.260417, 238.193023, 0.000000
2114.230654, 238.336227, 0.000000
2114.212948, 238.480906, 0.000000
2114.185351, 238.624392, 0.000000
2114.167620, 238.769272, 0.000000
2114.137816, 238.912674, 0.000000
2114.120086, 239.057553, 0.000000
2114.102355, 239.202433, 0.000000
2114.072551, 239.345835, 0.000000
2114.054820, 239.490714, 0.000000
2114.025016, 239.634116, 0.000000
2114.007285, 239.778996, 0.000000
2113.977481, 239.922398, 0.000000
2113.951878, 240.065996, 0.000000
2113.922229, 240.208652, 0.000000
2113.904590, 240.352778, 0.000000
2113.874941, 240.495434, 0.000000
2113.857302, 240.639560, 0.000000
2113.839664, 240.783687, 0.000000
2113.810015, 240.926343, 0.000000
2113.792376, 241.070469, 0.000000
2113.762727, 241.213125, 0.000000
2113.750713, 241.357940, 0.000000
2113.720950, 241.501144, 0.000000
2113.715300, 241.647299, 1.000000
2113.709651, 241.793454, 1.000000
2113.704001, 241.939609, 1.000000
2113.686295, 242.084288, 1.000000
2113.668588, 242.228967, 1.000000
2113.662939, 242.375122, 1.000000
2113.645232, 242.519802, 1.000000
2113.636490, 242.665301, 1.000000
2113.630852, 242.811155, 1.000000
2113.613182, 242.955537, 1.000000
2113.595513, 243.099919, 1.000000
2113.589874, 243.245773, 1.000000
2113.572205, 243.390155, 1.000000
2113.554535, 243.534536, 1.000000
2113.548897, 243.680391, 1.000000
2113.531227, 243.824772, 1.000000
2113.499779, 243.947345, 1.000000
2113.483927, 244.092627, 1.000000
2113.468075, 244.237909, 1.000000
2113.464329, 244.384512, 1.000000
2113.448477, 244.529794, 1.000000
2113.432625, 244.675076, 1.000000
2113.428880, 244.821679, 1.000000
2113.413028, 244.966961, 1.000000
2112.686687, 250.898230, 1.000000
2112.682219, 251.044712, 1.000000
2112.677750, 251.191193, 1.000000
2112.673281, 251.337675, 1.000000
2112.656720, 251.482776, 1.000000
2112.652252, 251.629258, 1.000000
2112.635691, 251.774359, 1.000000
2112.619131, 251.919461, 1.000000
2112.583737, 252.062145, 1.000000
2112.567249, 252.206611, 1.000000
2112.562800, 252.352452, 1.000000
2112.546312, 252.496919, 1.000000
2112.529823, 252.641385, 1.000000
2112.513335, 252.785852, 1.000000
2112.508886, 252.931693, 1.000000
2112.492398, 253.076159, 1.000000
2112.470689, 253.220084, 1.000000
2112.442037, 253.363805, 1.000000
2112.425476, 253.508907, 1.000000
2112.421008, 253.655388, 1.000000
2112.404447, 253.800490, 1.000000
2112.399978, 253.946971, 1.000000
2112.383418, 254.092073, 1.000000
2112.378949, 254.238554, 1.000000
2112.374480, 254.385036, 1.000000
2112.357920, 254.530137, 1.000000
2112.338241, 254.674811, 1.000000
2112.321713, 254.819628, 0.000000
2112.305185, 254.964445, 0.000000
2112.276588, 255.107885, 0.000000
2112.260060, 255.252702, 0.000000
2112.243532, 255.397520, 0.000000
2112.227004, 255.542337, 0.000000
2112.198408, 255.685777, 0.000000
2112.181880, 255.830594, 0.000000
2112.165352, 255.975411, 0.000000
2112.145045, 256.119620, 0.000000
2112.128557, 256.264086, 0.000000
2112.100030, 256.407179, 0.000000
2112.083542, 256.551646, 0.000000
2112.067054, 256.696112, 0.000000
2112.050566, 256.840579, 0.000000
2112.034078, 256.985046, 0.000000
2112.005551, 257.128138, 0.000000
2111.995822, 257.273483, 0.000000
2111.979261, 257.418585, 0.000000
2111.962701, 257.563686, 0.000000
2111.934048, 257.707408, 0.000000
2111.917488, 257.852509, 0.000000
2111.900927, 257.997611, 0.000000
2111.884367, 258.142712, 0.000000
2111.867806, 258.287814, 0.000000
2111.839154, 258.431535, 0.000000
2111.822593, 258.576637, 0.000000
2111.806368, 258.711172, 0.000000
2111.790814, 258.856273, 0.000000
2111.763168, 259.000079, 0.000000
2111.747614, 259.145180, 0.000000
2111.732059, 259.290282, 0.000000
2111.716505, 259.435383, 0.000000
2111.700951, 259.580485, 0.000000
2111.673305, 259.724290, 0.000000
2111.657750, 259.869391, 0.000000
2111.630104, 260.013197, 1.000000
2111.628451, 260.162583, 1.000000
2111.624697, 260.308021, 1.000000
2111.620944, 260.453459, 1.000000
2111.605180, 260.597583, 1.000000
2111.601427, 260.743021, 1.000000
2111.585663, 260.887146, 1.000000
2111.581910, 261.032584, 1.000000
2111.566147, 261.176708, 1.000000
2111.524585, 261.318258, 1.000000
2111.496622, 261.462037, 1.000000
2111.480752, 261.607138, 1.000000
2111.476973, 261.753562, 1.000000
2111.461103, 261.898664, 1.000000
2111.445232, 262.043765, 1.000000
2111.441453, 262.190189, 1.000000
2111.425583, 262.335291, 1.000000
2111.409712, 262.480392, 1.000000
2111.405934, 262.626816, 1.000000
2111.368801, 262.769710, 1.000000
2111.324883, 263.059147, 0.000000
2111.308982, 263.204527, 0.000000
2111.293081, 263.349908, 0.000000
2111.277180, 263.495289, 0.000000
2111.261279, 263.640670, 0.000000
2111.245378, 263.786051, 0.000000
2111.229477, 263.931432, 0.000000
2111.213576, 264.076813, 0.000000
2111.184654, 264.220134, 0.000000
2111.168891, 264.364258, 0.000000
2111.141117, 264.507069, 0.000000
2111.125353, 264.651193, 0.000000
2111.109589, 264.795318, 0.000000
2111.093826, 264.939442, 0.000000
2111.078062, 265.083566, 0.000000
2111.062298, 265.227691, 0.000000
2111.053676, 265.372771, 0.000000
2111.037836, 265.517589, 0.000000
2111.021997, 265.662406, 0.000000
2111.006157, 265.807223, 0.000000
2110.990318, 265.952040, 0.000000
2110.974479, 266.096858, 0.000000
2110.958639, 266.241675, 0.000000
2110.942800, 266.386492, 0.000000
2110.926960, 266.531309, 0.000000
2110.911121, 266.676127, 0.000000
2110.898203, 266.821407, 0.000000
2110.882332, 266.966509, 0.000000
2110.866461, 267.111610, 0.000000
2110.850591, 267.256712, 0.000000
2110.822629, 267.400491, 0.000000
2110.806758, 267.545592, 0.000000
2110.790888, 267.690693, 0.000000
2110.775017, 267.835795, 0.000000
2110.759146, 267.980896, 0.000000
2110.743276, 268.125998, 0.000000
2110.730249, 268.271599, 0.000000
2110.714348, 268.416980, 0.000000
2110.698447, 268.562361, 0.000000
2110.682546, 268.707742, 0.000000
2110.678760, 268.854448, 1.000000
2110.674974, 269.001154, 1.000000
2110.659073, 269.146534, 1.000000
2110.655287, 269.293240, 1.000000
2110.639386, 269.438621, 1.000000
2110.611369, 269.582677, 1.000000
2110.558462, 269.723057, 1.000000
2110.554708, 269.868495, 1.000000
2110.538945, 270.012619, 1.000000
2110.523181, 270.156743, 1.000000
2110.507417, 270.300868, 1.000000
2110.503664, 270.446306, 1.000000
2110.487900, 270.590430, 1.000000
2110.472137, 270.734554, 1.000000
2110.415281, 270.874535, 1.000000
2110.399441, 271.019352, 1.000000
2110.383602, 271.164169, 1.000000
2110.379830, 271.310307, 1.000000
2110.363991, 271.455124, 1.000000
2110.360220, 271.601261, 1.000000
2110.356448, 271.747398, 1.000000
2110.340609, 271.892215, 1.000000
2110.324769, 272.037033, 1.000000
2110.308930, 272.181850, 0.000000
2110.296004, 272.327202, 0.000000
2110.280133, 272.472303, 0.000000
2110.264263, 272.617405, 0.000000
2110.248392, 272.762506, 0.000000
2110.232522, 272.907607, 0.000000
2110.216651, 273.052709, 0.000000
2110.200781, 273.197810, 0.000000
2110.184910, 273.342912, 0.000000
2110.169040, 273.488013, 0.000000
2110.153169, 273.633115, 0.000000
2110.125419, 273.769483, 0.000000
2110.110268, 273.914541, 0.000000
2110.095116, 274.059599, 0.000000
2110.079965, 274.204657, 0.000000
2110.064813, 274.349715, 0.000000
2110.049662, 274.494773, 0.000000
2110.034510, 274.639831, 0.000000
2110.019359, 274.784888, 0.000000
2110.000172, 274.932201, 0.000000
2109.984788, 275.076873, 0.000000
2109.969404, 275.221544, 0.000000
2109.954020, 275.366216, 0.000000
2109.938636, 275.510888, 0.000000
2109.923252, 275.655559, 0.000000
2109.907868, 275.800231, 0.000000
2109.892484, 275.944903, 0.000000
2109.877100, 276.089575, 0.000000
2109.861716, 276.234246, 0.000000
2109.848771, 276.379197, 0.000000
2109.833361, 276.524107, 0.000000
2109.817952, 276.669017, 0.000000
2109.802543, 276.813927, 0.000000
2109.787133, 276.958837, 0.000000
2109.771724, 277.103747, 0.000000
2109.744239, 277.247372, 0.000000
2109.728830, 277.392282, 0.000000
2109.713420, 277.537192, 0.000000
2109.698011, 277.682102, 0.000000
2109.679894, 277.826679, 0.000000
2109.664513, 277.971322, 0.000000
2109.649132, 278.115965, 0.000000
2109.633751, 278.260608, 0.000000
2109.618370, 278.405251, 0.000000
2109.602989, 278.549894, 0.000000
2109.587608, 278.694537, 0.000000
2109.572227, 278.839180, 1.000000
2109.556846, 278.983823, 1.000000
2109.538541, 279.128009, 1.000000
2109.535220, 279.273642, 1.000000
2109.519870, 279.417996, 1.000000
2109.516549, 279.563629, 1.000000
2109.501199, 279.707983, 1.000000
2109.497878, 279.853616, 1.000000
2109.482528, 279.997970, 1.000000
2109.467178, 280.142324, 1.000000
2109.463857, 280.287957, 1.000000
2109.448507, 280.432311, 1.000000
2109.393925, 280.572788, 1.000000
2109.366379, 280.716732, 1.000000
2109.363039, 280.863250, 1.000000
2109.347595, 281.008481, 1.000000
2109.344254, 281.154999, 1.000000
2109.328811, 281.300230, 1.000000
2109.325470, 281.446748, 1.000000
2109.310026, 281.591979, 1.000000
2109.306686, 281.738497, 0.000000
2109.291242, 281.883728, 0.000000
2109.264475, 282.027781, 0.000000
2109.249024, 282.173088, 0.000000
2109.233572, 282.318394, 0.000000
2109.218121, 282.463701, 0.000000
2109.190560, 282.607720, 0.000000
2109.175109, 282.753027, 0.000000
2109.159657, 282.898333, 0.000000
2109.144206, 283.043640, 0.000000
2109.116646, 283.187659, 0.000000
2109.094800, 283.331697, 0.000000
2109.079416, 283.476369, 0.000000
2109.064032, 283.621041, 0.000000
2109.036592, 283.764431, 0.000000
2109.021208, 283.909102, 0.000000
2109.005824, 284.053774, 0.000000
2108.990440, 284.198446, 0.000000
2108.963000, 284.341835, 0.000000
2108.947616, 284.486507, 0.000000
2108.932232, 284.631179, 0.000000
2108.913692, 284.775301, 0.000000
2108.886313, 284.918375, 0.000000
2108.870963, 285.062729, 0.000000
2108.855612, 285.207083, 0.000000
2108.840262, 285.351437, 0.000000
2108.824912, 285.495791, 0.000000
2108.797532, 285.638865, 0.000000
2108.782182, 285.783219, 0.000000
2108.766832, 285.927573, 0.000000
2108.751482, 286.071927, 0.000000
2108.729643, 286.215880, 0.000000
2108.714232, 286.360805, 0.000000
2108.698821, 286.505730, 0.000000
2108.683410, 286.650656, 0.000000
2108.655922, 286.794297, 0.000000
2108.637177, 287.085432, 1.000000
2108.633843, 287.231641, 1.000000
2108.588765, 287.373315, 1.000000
2108.573415, 287.517669, 1.000000
2108.558064, 287.662023, 1.000000
2108.554744, 287.807656, 1.000000
2108.539393, 287.952010, 1.000000
2108.536073, 288.097643, 1.000000
2108.520723, 288.241997, 1.000000
2108.505372, 288.386351, 1.000000
2108.502052, 288.531984, 1.000000
2108.486701, 288.676338, 1.000000
2108.444869, 288.878254, 1.000000
2108.411344, 289.020567, 1.000000
2108.389828, 289.164672, 1.000000
2108.368311, 289.308778, 1.000000
2108.358803, 289.454676, 1.000000
2108.337287, 289.598781, 1.000000
2108.315770, 289.742887, 1.000000
2108.294254, 289.886992, 1.000000
2108.284746, 290.032890, 1.000000
2108.259205, 290.155085, 0.000000
2108.239788, 290.299901, 0.000000
2108.220372, 290.444718, 0.000000
2108.200955, 290.589534, 0.000000
2108.181538, 290.734351, 0.000000
2108.162122, 290.879167, 0.000000
2108.142705, 291.023984, 0.000000
2108.123289, 291.168800, 0.000000
2108.103872, 291.313617, 0.000000
2108.084455, 291.458433, 0.000000
2108.058805, 291.602251, 0.000000
2108.051489, 291.748037, 0.000000
2108.032158, 291.892212, 0.000000
2108.012827, 292.036387, 0.000000
2107.993497, 292.180561, 0.000000
2107.974166, 292.324736, 0.000000
2107.954836, 292.468911, 0.000000
2107.935505, 292.613086, 0.000000
2107.916174, 292.757261, 0.000000
2107.896844, 292.901436, 0.000000
2107.883526, 293.046521, 0.000000
2107.864113, 293.191309, 0.000000
2107.844701, 293.336097, 0.000000
2107.825288, 293.480885, 0.000000
2107.805875, 293.625673, 0.000000
2107.786462, 293.770460, 0.000000
2107.767050, 293.915248, 0.000000
2107.747637, 294.060036, 0.000000
2107.728224, 294.204824, 0.000000
2107.708227, 294.349503, 0.000000
2107.688822, 294.494231, 0.000000
2107.669417, 294.638959, 0.000000
2107.650013, 294.783687, 0.000000
2107.642668, 294.930032, 0.000000
2107.623264, 295.074760, 0.000000
2107.603859, 295.219488, 0.000000
2107.584454, 295.364216, 0.000000
2107.565049, 295.508944, 0.000000
2107.545645, 295.653672, 0.000000
2107.500032, 295.941025, 0.000000
2107.480722, 296.085051, 0.000000
2107.461411, 296.229077, 0.000000
2107.430098, 296.371494, 1.000000
2107.422790, 296.517129, 1.000000
2107.403479, 296.661156, 1.000000
2107.384168, 296.805182, 1.000000
2107.348542, 296.947154, 1.000000
2107.304989, 297.088735, 1.000000
2107.297641, 297.235169, 1.000000
2107.278224, 297.379986, 1.000000
2107.258808, 297.524802, 1.000000
2107.251459, 297.671237, 1.000000
2107.232042, 297.816054, 1.000000
2107.212626, 297.960870, 1.000000
2107.205277, 298.107305, 1.000000
2107.185861, 298.252121, 1.000000
2107.142308, 298.393702, 1.000000
2107.095772, 298.534585, 1.000000
2107.076398, 298.679084, 1.000000
2107.069065, 298.825196, 1.000000
2107.049691, 298.969695, 1.000000
2107.022985, 299.260306, 0.000000
2107.003611, 299.404804, 0.000000
2106.984237, 299.549303, 0.000000
2106.964863, 299.693801, 0.000000
2106.933447, 299.836685, 0.000000
2106.909596, 299.980222, 0.000000
2106.890285, 300.124249, 0.000000
2106.870974, 300.268275, 0.000000
2106.851664, 300.412301, 0.000000
2106.832353, 300.556327, 0.000000
2106.813042, 300.700353, 0.000000
2106.793732, 300.844379, 0.000000
2106.774421, 300.988405, 0.000000
2106.747578, 301.131542, 0.000000
2106.728204, 301.276040, 0.000000
2106.708831, 301.420539, 0.000000
2106.689457, 301.565037, 0.000000
2106.670083, 301.709535, 0.000000
2106.650709, 301.854034, 0.000000
2106.631335, 301.998532, 0.000000
2106.611961, 302.143031, 0.000000
2106.580545, 302.285914, 0.000000
2106.561171, 302.430413, 0.000000
2106.541797, 302.574911, 0.000000
2106.522423, 302.719409, 0.000000
2106.503049, 302.863908, 0.000000
2106.483675, 303.008406, 0.000000
2106.464301, 303.152905, 0.000000
2106.444928, 303.297403, 0.000000
2106.425554, 303.441901, 0.000000
2106.394138, 303.584785, 0.000000
2106.374764, 303.729284, 0.000000
2106.355390, 303.873782, 0.000000
2106.336016, 304.018280, 0.000000
2106.328459, 304.130899, 0.000000
2106.312591, 304.276319, 0.000000
2106.296723, 304.421739, 0.000000
2106.280856, 304.567159, 0.000000
2106.264988, 304.712580, 0.000000
2106.237002, 304.856677, 0.000000
2106.221134, 305.002097, 0.000000
2106.205266, 305.147517, 0.000000
2106.178360, 305.301765, 0.000000
2106.144612, 305.590309, 1.000000
2106.127738, 305.734581, 1.000000
2106.110864, 305.878853, 1.000000
2106.093991, 306.023125, 1.000000
2106.089139, 306.168804, 1.000000
2106.072266, 306.313076, 1.000000
2106.055392, 306.457348, 1.000000
2106.038518, 306.601620, 1.000000
2105.991986, 306.742543, 1.000000
2105.962948, 306.886109, 1.000000
2105.945992, 307.031088, 1.000000
2105.941117, 307.177480, 1.000000
2105.924160, 307.322460, 1.000000
2105.907203, 307.467439, 1.000000
2105.890247, 307.612418, 1.000000
2105.897454, 307.760223, 0.000000
2105.880497, 307.905203, 0.000000
2105.860055, 308.049518, 0.000000
2105.831093, 308.192708, 0.000000
2105.814181, 308.337307, 0.000000
2105.797269, 308.481906, 0.000000
2105.780357, 308.626505, 0.000000
2105.763445, 308.771105, 0.000000
2105.746533, 308.915704, 0.000000
2105.717571, 309.058894, 0.000000
2105.700658, 309.203493, 0.000000
2105.683746, 309.348092, 0.000000
2105.663875, 309.492235, 0.000000
2105.647001, 309.636507, 0.000000
2105.630127, 309.780779, 0.000000
2105.601231, 309.923645, 0.000000
2105.584357, 310.067917, 0.000000
2105.567483, 310.212189, 0.000000
2105.550609, 310.356461, 0.000000
2105.533735, 310.500733, 0.000000
2105.516861, 310.645005, 0.000000
2105.487965, 310.787871, 0.000000
2105.470288, 310.932042, 0.000000
2105.453425, 311.076223, 0.000000
2105.436561, 311.220405, 0.000000
2105.419698, 311.364587, 0.000000
2105.402835, 311.508769, 0.000000
2105.373956, 311.651546, 0.000000
2105.357093, 311.795728, 0.000000
2105.340230, 311.939909, 0.000000
2105.323366, 312.084091, 0.000000
2105.310154, 312.229017, 0.000000
2105.293241, 312.373617, 0.000000
2105.264279, 312.516807, 0.000000
2105.247367, 312.661406, 0.000000
2105.230455, 312.806005, 0.000000
2105.213543, 312.950605, 0.000000
2105.196631, 313.095204, 0.000000
2105.179719, 313.239803, 0.000000
2105.150757, 313.382993, 0.000000
2105.133845, 313.527592, 0.000000
2105.123543, 313.673289, 0.000000
2105.106541, 313.818655, 1.000000
2105.077426, 313.962605, 1.000000
2105.072538, 314.109388, 1.000000
2105.055536, 314.254754, 1.000000
2105.038534, 314.400120, 1.000000
2105.021532, 314.545487, 1.000000
2105.016644, 314.692270, 1.000000
2104.999642, 314.837636, 1.000000
2104.997217, 314.983783, 1.000000
2104.980344, 315.128055, 1.000000
2104.975492, 315.273733, 1.000000
2104.958619, 315.418005, 1.000000
2104.941745, 315.562277, 1.000000
2104.936894, 315.707956, 1.000000
2104.920020, 315.852228, 1.000000
2104.903146, 315.996500, 1.000000
2104.898295, 316.142178, 1.000000
2104.881421, 316.286450, 1.000000
2104.867390, 316.431239, 1.000000
2104.862528, 316.577233, 1.000000
2104.845618, 316.721818, 1.000000
2104.840756, 316.867811, 1.000000
2104.823846, 317.012396, 1.000000
2104.818984, 317.158390, 1.000000
2104.814123, 317.304383, 0.000000
2104.797212, 317.448968, 0.000000
2104.777340, 317.593153, 0.000000
2104.760466, 317.737425, 0.000000
2104.743592, 317.881697, 0.000000
2104.726718, 318.025969, 0.000000
2104.709844, 318.170241, 0.000000
2104.692970, 318.314513, 0.000000
2104.676097, 318.458785, 0.000000
2104.659223, 318.603057, 0.000000
2104.642349, 318.747329, 0.000000
2104.625475, 318.891601, 0.000000
2104.608601, 319.035874, 0.000000
2104.594801, 319.180809, 0.000000
2104.577889, 319.325408, 0.000000
2104.560977, 319.470008, 0.000000
2104.544065, 319.614607, 0.000000
2104.527153, 319.759206, 0.000000
2104.510240, 319.903805, 0.000000
2104.493328, 320.048405, 0.000000
2104.476416, 320.193004, 0.000000
2104.459504, 320.337603, 0.000000
2104.442592, 320.482203, 0.000000
2104.413307, 320.658997, 0.000000
2104.392939, 320.802506, 0.000000
2104.372571, 320.946015, 0.000000
2104.352203, 321.089524, 0.000000
2104.331835, 321.233033, 0.000000
2104.311467, 321.376542, 0.000000
2104.291099, 321.520051, 0.000000
2104.270731, 321.663560, 0.000000
2104.260455, 321.790230, 0.000000
2104.241903, 321.934722, 0.000000
2104.223351, 322.079214, 0.000000
2104.204798, 322.223706, 0.000000
2104.186246, 322.368197, 0.000000
2104.167694, 322.512689, 0.000000
2104.149141, 322.657181, 0.000000
2104.130589, 322.801673, 0.000000
2104.093484, 323.090656, 1.000000
2104.062891, 323.233602, 1.000000
2104.018207, 323.374587, 1.000000
2104.011706, 323.520399, 1.000000
2103.993182, 323.664667, 1.000000
2103.986681, 323.810479, 1.000000
2103.968157, 323.954747, 1.000000
2103.949633, 324.099015, 1.000000
2103.943132, 324.244827, 1.000000
2103.924608, 324.389095, 1.000000
2103.900730, 324.533221, 1.000000
2103.894197, 324.679756, 1.000000
2103.875581, 324.824739, 1.000000
2103.869048, 324.971274, 1.000000
2103.850432, 325.116258, 1.000000
2103.843899, 325.262792, 1.000000
2103.825283, 325.407776, 1.000000
2103.818750, 325.554311, 1.000000
2103.800134, 325.699294, 1.000000
2103.769437, 325.842726, 1.000000
2103.726657, 325.984607, 1.000000
2103.708042, 326.129591, 1.000000
2103.701508, 326.276126, 0.000000
2103.682893, 326.421109, 0.000000
2103.664277, 326.566093, 0.000000
2103.645662, 326.711076, 0.000000
2103.627046, 326.856060, 0.000000
2103.608431, 327.001043, 0.000000
2103.589815, 327.146027, 0.000000
2103.571200, 327.291010, 0.000000
2103.556030, 327.435902, 0.000000
2103.537531, 327.579986, 0.000000
2103.519031, 327.724069, 0.000000
2103.500531, 327.868152, 0.000000
2103.482031, 328.012235, 0.000000
2103.463531, 328.156318, 0.000000
2103.445031, 328.300401, 0.000000
2103.426531, 328.444485, 0.000000
2103.408031, 328.588568, 0.000000
2103.392779, 328.733385, 0.000000
2103.374235, 328.877808, 0.000000
2103.355692, 329.022231, 0.000000
2103.337148, 329.166655, 0.000000
2103.318605, 329.311078, 0.000000
2103.300061, 329.455501, 0.000000
2103.293553, 329.601470, 0.000000
2103.275009, 329.745893, 0.000000
2103.256466, 329.890316, 0.000000
2103.237922, 330.034739, 0.000000
2103.224295, 330.180095, 0.000000
2103.205687, 330.325027, 0.000000
2103.187078, 330.469958, 0.000000
2103.168469, 330.614890, 0.000000
2103.149860, 330.759821, 0.000000
2103.131251, 330.904752, 0.000000
2103.112643, 331.049684, 0.000000
2103.094034, 331.194615, 0.000000
2103.075425, 331.339547, 0.000000
2103.056816, 331.484478, 0.000000
2103.037062, 331.629152, 0.000000
2103.030536, 331.775514, 0.000000
2103.011943, 331.920326, 0.000000
2102.993349, 332.065139, 0.000000
2102.974756, 332.209951, 0.000000
2102.956162, 332.354764, 0.000000
2102.937569, 332.499576, 0.000000
2102.918975, 332.644389, 0.000000
2102.880986, 332.933820, 1.000000
2102.862403, 333.078550, 1.000000
2102.855881, 333.224828, 1.000000
2102.837298, 333.369558, 1.000000
2102.830776, 333.515836, 1.000000
2102.824254, 333.662115, 1.000000
2102.805671, 333.806844, 1.000000
2102.799149, 333.953123, 1.000000
2102.780566, 334.097853, 1.000000
2102.749922, 334.241034, 1.000000
2102.706709, 334.357392, 1.000000
2102.690660, 334.501900, 1.000000
2102.686653, 334.647746, 1.000000
2102.670604, 334.792254, 1.000000
2102.666598, 334.938099, 1.000000
2102.650548, 335.082607, 1.000000
2102.646542, 335.228453, 1.000000
2102.630493, 335.372961, 0.000000
2102.616688, 335.522498, 0.000000
2102.600166, 335.667266, 0.000000
2102.583643, 335.812034, 0.000000
2102.567121, 335.956802, 0.000000
2102.550598, 336.101569, 0.000000
2102.534076, 336.246337, 0.000000
2102.517553, 336.391105, 0.000000
2102.498295, 336.535423, 0.000000
2102.481803, 336.679920, 0.000000
2102.465311, 336.824418, 0.000000
2102.448820, 336.968915, 0.000000
2102.432328, 337.113412, 0.000000
2102.415837, 337.257909, 0.000000
2102.399345, 337.402406, 0.000000
2102.382854, 337.546903, 0.000000
2102.366362, 337.691400, 0.000000
2102.349084, 337.835801, 0.000000
2102.332601, 337.980221, 0.000000
2102.316118, 338.124640, 0.000000
2102.299635, 338.269060, 0.000000
2102.283153, 338.413479, 0.000000
2102.266670, 338.557899, 0.000000
2102.250187, 338.702319, 0.000000
2102.233704, 338.846738, 0.000000
2102.217222, 338.991158, 0.000000
2102.200739, 339.135578, 0.000000
2102.184256, 339.279997, 0.000000
2102.177981, 339.426437, 0.000000
2102.161382, 339.571871, 0.000000
2102.144784, 339.717304, 0.000000
2102.128185, 339.862737, 0.000000
2102.111587, 340.008170, 0.000000
2102.094989, 340.153603, 0.000000
2102.078390, 340.299036, 0.000000
2102.061792, 340.444469, 0.000000
2102.053321, 340.590465, 1.000000
2102.048854, 340.736884, 1.000000
2102.044387, 340.883303, 1.000000
2102.039920, 341.029722, 1.000000
2102.023367, 341.174761, 1.000000
2102.018900, 341.321181, 1.000000
2102.002346, 341.466220, 1.000000
2101.997879, 341.612639, 1.000000
2101.981326, 341.757679, 1.000000
2101.940599, 341.899960, 1.000000
2101.905948, 342.042392, 1.000000
2101.889461, 342.186849, 1.000000
2101.885012, 342.332680, 1.000000
2101.880563, 342.478510, 1.000000
2101.864076, 342.622967, 1.000000
2101.859627, 342.768798, 1.000000
2101.843141, 342.913255, 1.000000
2101.838692, 343.059085, 1.000000
2101.822205, 343.203542, 1.000000
2101.790967, 343.346390, 1.000000
2101.762268, 343.490346, 1.000000
2101.745680, 343.635685, 1.000000
2101.741204, 343.782406, 1.000000
2101.724617, 343.927744, 1.000000
2101.720140, 344.074465, 1.000000
2101.715664, 344.221186, 1.000000
2101.711188, 344.367907, 1.000000
2101.694601, 344.513246, 1.000000
2101.671693, 344.657417, 0.000000
2101.655172, 344.802167, 0.000000
2101.638652, 344.946918, 0.000000
2101.622131, 345.091668, 0.000000
2101.605611, 345.236419, 0.000000
2101.589090, 345.381170, 0.000000
2101.572570, 345.525920, 0.000000
2101.556049, 345.670671, 0.000000
2101.539529, 345.815422, 0.000000
2101.523008, 345.960172, 0.000000
2101.501480, 346.103958, 0.000000
2101.497036, 346.249614, 0.000000
2101.480569, 346.393898, 0.000000
2101.464102, 346.538183, 0.000000
2101.447635, 346.682467, 0.000000
2101.431167, 346.826751, 0.000000
2101.414700, 346.971036, 0.000000
2101.398233, 347.115320, 0.000000
2101.389946, 347.261112, 0.000000
2101.373393, 347.406151, 0.000000
2101.356839, 347.551191, 0.000000
2101.340286, 347.696231, 0.000000
2101.323732, 347.841270, 0.000000
2101.307179, 347.986310, 0.000000
2101.290625, 348.131350, 0.000000
2101.274072, 348.276389, 0.000000
2101.257518, 348.421429, 0.000000
2101.240965, 348.566468, 0.000000
2101.221281, 348.710931, 0.000000
2101.204761, 348.855682, 0.000000
2101.188240, 349.000432, 0.000000
2101.171720, 349.145183, 0.000000
2101.155199, 349.289934, 0.000000
2101.138679, 349.434684, 0.000000
2101.134221, 349.580812, 1.000000
2101.117700, 349.725562, 1.000000
2101.101180, 349.870313, 1.000000
2101.084659, 350.015064, 1.000000
2101.070615, 350.132649, 0.000000
2101.056567, 350.277437, 0.000000
2101.042519, 350.422225, 0.000000
2101.028471, 350.567014, 1.000000
2101.014423, 350.711802, 1.000000
2101.000375, 350.856591, 1.000000
2100.986327, 351.001379, 1.000000
2100.978628, 351.161465, 0.000000
2100.963224, 351.306903, 0.000000
2100.947820, 351.452340, 0.000000
2100.932415, 351.597778, 0.000000
2100.917011, 351.743215, 0.000000
2100.901607, 351.888653, 0.000000
2100.886203, 352.034091, 0.000000
2100.870798, 352.179528, 0.000000
2100.855394, 352.324966, 0.000000
2100.828615, 352.468849, 0.000000
2100.813320, 352.613249, 0.000000
2100.798026, 352.757649, 0.000000
2100.794765, 352.903324, 0.000000
2100.779470, 353.047724, 0.000000
2100.764176, 353.192124, 0.000000
2100.748881, 353.336525, 0.000000
2100.733587, 353.480925, 0.000000
2100.717758, 353.625236, 0.000000
2100.702469, 353.769587, 0.000000
2100.687180, 353.913939, 0.000000
2100.671890, 354.058291, 0.000000
2100.656601, 354.202642, 0.000000
2100.641312, 354.346994, 0.000000
2100.626022, 354.491345, 0.000000
2100.610733, 354.635697, 0.000000
2100.595444, 354.780049, 0.000000
2100.583516, 354.924833, 0.000000
2100.568195, 355.069489, 0.000000
2100.552873, 355.214145, 0.000000
2100.537552, 355.358800, 0.000000
2100.522230, 355.503456, 0.000000
2100.506909, 355.648112, 0.000000
2100.491587, 355.792767, 0.000000
2100.476266, 355.937423, 0.000000
2100.469569, 356.083388, 0.000000
2100.466285, 356.230109, 0.000000
2100.450880, 356.375547, 0.000000
2100.435476, 356.520984, 0.000000
2100.420072, 356.666422, 0.000000
2100.404668, 356.811859, 0.000000
2100.389263, 356.957297, 0.000000
2100.373859, 357.102735, 0.000000
2100.358455, 357.248172, 0.000000
2100.337125, 357.392848, 0.000000
2100.321777, 357.537754, 0.000000
2100.306429, 357.682659, 0.000000
2100.275733, 357.972471, 1.000000
2100.272461, 358.118656, 1.000000
2100.257113, 358.263561, 1.000000
2100.241765, 358.408467, 1.000000
2100.205857, 358.551332, 1.000000
2100.190474, 358.696563, 1.000000
2100.187195, 358.843076, 1.000000
2100.183915, 358.989589, 1.000000
2100.168532, 359.134820, 1.000000
2100.165252, 359.281333, 1.000000
2100.149870, 359.426564, 1.000000
2100.146590, 359.573077, 1.000000
2100.131208, 359.718308, 1.000000
2100.093939, 359.861273, 1.000000
2100.066415, 360.005427, 1.000000
2100.063130, 360.152148, 1.000000
2100.059846, 360.298869, 1.000000
2100.044441, 360.444307, 1.000000
2100.041157, 360.591028, 0.000000
2100.025753, 360.736466, 0.000000
2100.010348, 360.881904, 0.000000
2099.994944, 361.027341, 0.000000
2099.967696, 361.171524, 0.000000
2099.952401, 361.315924, 0.000000
2099.937107, 361.460325, 0.000000
2099.921812, 361.604725, 0.000000
2099.906518, 361.749125, 0.000000
2099.891224, 361.893525, 0.000000
2099.887963, 362.039200, 0.000000
2099.872668, 362.183600, 0.000000
2099.856817, 362.327925, 0.000000
2099.841528, 362.472277, 0.000000
2099.826239, 362.616628, 0.000000
2099.810949, 362.760980, 0.000000
2099.795660, 362.905332, 0.000000
2099.780371, 363.049683, 0.000000
2099.765082, 363.194035, 0.000000
2099.749792, 363.338386, 0.000000
2099.734503, 363.482738, 0.000000
2099.719214, 363.627090, 0.000000
2099.712909, 363.702870, 0.000000
2099.703607, 363.847526, 0.000000
2099.694304, 363.992182, 0.000000
2099.685002, 364.136837, 0.000000
2099.675700, 364.281493, 0.000000
2099.666397, 364.426149, 0.000000
2099.657095, 364.570804, 0.000000
2099.651590, 364.743128, 0.000000
2099.651972, 364.889124, 0.000000
2099.640269, 365.034145, 0.000000
2099.628566, 365.179165, 0.000000
2099.616863, 365.324186, 0.000000
2099.605160, 365.469207, 0.000000
2099.593457, 365.614227, 0.000000
2099.581754, 365.759248, 0.000000
2099.570051, 365.904268, 0.000000
2099.565524, 366.049920, 0.000000
2099.553771, 366.195561, 0.000000
2099.542402, 366.487821, 1.000000
2099.530649, 366.633462, 1.000000
2099.531032, 366.780082, 1.000000
2099.531416, 366.926701, 1.000000
2099.519663, 367.072342, 1.000000
2099.520047, 367.218962, 1.000000
2099.484020, 367.362644, 1.000000
2099.454444, 367.506476, 1.000000
2099.442731, 367.651626, 1.000000
2099.431017, 367.796777, 1.000000
2099.431400, 367.942904, 1.000000
2099.431782, 368.089030, 1.000000
2099.432165, 368.235157, 1.000000
2099.420451, 368.380308, 1.000000
2099.408738, 368.525458, 0.000000
2099.402830, 368.671488, 0.000000
2099.391077, 368.817129, 0.000000
2099.379324, 368.962769, 0.000000
2099.367571, 369.108410, 0.000000
2099.355818, 369.254050, 0.000000
2099.356202, 369.400670, 0.000000
2099.344449, 369.546311, 0.000000
2099.332696, 369.691951, 0.000000
2099.320943, 369.837592, 0.000000
2099.301776, 369.982322, 0.000000
2099.290073, 370.127343, 0.000000
2099.278370, 370.272363, 0.000000
2099.266668, 370.417384, 0.000000
2099.254965, 370.562404, 0.000000
2099.243262, 370.707425, 0.000000
2099.231559, 370.852446, 0.000000
2099.219856, 370.997466, 0.000000
2099.220238, 371.143462, 0.000000
2099.204137, 371.287975, 0.000000
2099.192464, 371.432631, 0.000000
2099.180790, 371.577286, 0.000000
2099.169117, 371.721942, 0.000000
2099.157443, 371.866598, 0.000000
2099.145770, 372.011253, 0.000000
2099.134096, 372.155909, 0.000000
2099.122423, 372.300565, 0.000000
2099.120155, 372.446504, 0.000000
2099.108419, 372.591942, 0.000000
2099.108802, 372.738357, 0.000000
2099.097065, 372.883795, 0.000000
2099.085329, 373.029233, 0.000000
2099.073592, 373.174670, 0.000000
2099.061855, 373.320108, 0.000000
2099.050119, 373.465545, 0.000000
2099.038382, 373.610983, 0.000000
2099.020193, 373.755677, 0.000000
2099.008499, 373.900583, 0.000000
2098.996805, 374.045488, 0.000000
2098.985111, 374.190394, 0.000000
2098.973418, 374.335300, 0.000000
2098.973800, 374.481180, 0.000000
2098.962106, 374.626086, 0.000000
2098.950412, 374.770992, 0.000000
2098.940120, 374.916078, 0.000000
2098.928417, 375.061099, 0.000000
2098.916715, 375.206119, 0.000000
2098.905012, 375.351140, 1.000000
2098.905394, 375.497136, 1.000000
2098.905776, 375.643132, 1.000000
2098.894073, 375.788152, 1.000000
2098.894455, 375.934148, 1.000000
2098.882752, 376.079169, 1.000000
2098.830338, 376.220720, 1.000000
2098.818664, 376.365376, 1.000000
2098.819045, 376.511005, 1.000000
2098.807372, 376.655660, 1.000000
2098.807753, 376.801289, 1.000000
2098.808134, 376.946917, 1.000000
2098.796461, 377.091573, 1.000000
2098.784787, 377.236229, 1.000000
2098.763214, 377.218632, 1.000000
2098.776796, 377.364512, 0.000000
2098.778211, 377.510510, 0.000000
2098.779627, 377.656509, 0.000000
2098.781043, 377.802507, 0.000000
2098.782458, 377.948505, 0.000000
2098.783874, 378.094504, 0.000000
2098.785289, 378.240502, 0.000000
2098.786705, 378.386500, 0.000000
2098.785159, 378.568044, 0.000000
2098.783687, 378.713919, 0.000000
2098.782216, 378.859795, 0.000000
2098.768588, 379.005547, 0.000000
2098.767117, 379.151422, 0.000000
2098.765645, 379.297298, 0.000000
2098.764174, 379.443173, 0.000000
2098.762702, 379.589048, 0.000000
2098.761231, 379.734923, 0.000000
2098.750154, 379.880506, 0.000000
2098.748690, 380.025596, 0.000000
2098.747227, 380.170687, 0.000000
2098.745763, 380.315778, 0.000000
2098.744299, 380.460869, 0.000000
2098.742836, 380.605960, 0.000000
2098.741372, 380.751051, 0.000000
2098.739909, 380.896142, 0.000000
2098.745511, 381.041593, 0.000000
2098.744042, 381.187261, 0.000000
2098.742573, 381.332929, 0.000000
2098.741103, 381.478597, 0.000000
2098.739634, 381.624265, 0.000000
2098.738164, 381.769933, 0.000000
2098.736695, 381.915601, 0.000000
2098.723086, 382.061147, 0.000000
2098.721617, 382.206815, 0.000000
2098.713129, 382.352220, 0.000000
2098.711665, 382.497311, 0.000000
2098.710202, 382.642401, 0.000000
2098.708738, 382.787492, 0.000000
2098.707274, 382.932583, 0.000000
2098.705811, 383.077674, 0.000000
2098.704347, 383.222765, 0.000000
2098.702884, 383.367856, 0.000000
2098.715863, 383.513786, 1.000000
2098.726578, 383.660187, 1.000000
2098.737292, 383.806589, 1.000000
2098.735816, 383.952868, 1.000000
2098.746531, 384.099269, 1.000000
2098.757245, 384.245671, 1.000000
2098.755769, 384.391950, 1.000000
2098.766484, 384.538351, 1.000000
2098.765008, 384.684630, 1.000000
2098.709832, 384.830300, 1.000000
2098.684048, 384.975929, 1.000000
2098.694733, 385.121927, 1.000000
2098.693261, 385.267803, 1.000000
2098.703946, 385.413800, 1.000000
2098.702475, 385.559676, 1.000000
2098.713159, 385.705674, 1.000000
2098.723844, 385.851671, 1.000000
2098.722373, 385.997547, 1.000000
2098.696589, 386.143177, 1.000000
2098.677458, 386.289379, 1.000000
2098.688183, 386.435928, 1.000000
2098.698908, 386.582478, 1.000000
2098.697431, 386.728904, 1.000000
2098.720358, 386.875576, 0.000000
2098.706679, 387.021879, 0.000000
2098.705202, 387.168306, 0.000000
2098.694376, 387.314385, 0.000000
2098.680767, 387.459931, 0.000000
2098.679298, 387.605599, 0.000000
2098.677829, 387.751267, 0.000000
2098.664220, 387.896812, 0.000000
2098.662751, 388.042480, 0.000000
2098.661281, 388.188148, 0.000000
2098.647673, 388.333694, 0.000000
2098.646204, 388.479362, 0.000000
2098.650909, 388.625177, 0.000000
2098.637253, 388.771234, 0.000000
2098.635779, 388.917413, 0.000000
2098.634304, 389.063592, 0.000000
2098.620648, 389.209648, 0.000000
2098.619173, 389.355827, 0.000000
2098.617699, 389.502006, 0.000000
2098.604043, 389.648063, 0.000000
2098.591004, 389.793473, 0.000000
2098.577439, 389.938552, 0.000000
2098.575975, 390.083754, 0.000000
2098.574510, 390.228955, 0.000000
2098.560945, 390.374034, 0.000000
2098.559481, 390.519236, 0.000000
2098.558016, 390.664437, 0.000000
2098.544451, 390.809516, 0.000000
2098.542986, 390.954718, 0.000000
2098.531265, 390.916002, 0.000000
2098.533654, 391.061404, 0.000000
2098.548060, 391.205606, 0.000000
2098.562466, 391.349807, 0.000000
2098.564855, 391.495210, 0.000000
2098.579261, 391.639411, 0.000000
2098.593667, 391.783613, 0.000000
2098.596056, 391.929015, 0.000000
2098.624422, 392.112348, 1.000000
2098.647568, 392.257013, 1.000000
2098.658583, 392.402596, 1.000000
2098.681729, 392.547262, 1.000000
2098.704875, 392.691927, 1.000000
2098.715889, 392.837510, 1.000000
2098.739035, 392.982176, 1.000000
2098.750049, 393.127759, 1.000000
2098.761063, 393.273342, 1.000000
2098.690530, 393.424898, 1.000000
2098.689419, 393.570611, 1.000000
2098.700373, 393.715412, 1.000000
2098.723395, 393.859299, 1.000000
2098.734350, 394.004100, 1.000000
2098.757371, 394.147987, 1.000000
2098.780393, 394.291875, 1.000000
2098.779281, 394.437588, 1.000000
2098.760393, 394.584936, 0.000000
2098.759276, 394.731229, 0.000000
2098.770275, 394.876605, 0.000000
2098.769159, 395.022898, 0.000000
2098.780157, 395.168275, 0.000000
2098.779041, 395.314568, 0.000000
2098.790039, 395.459944, 0.000000
2098.788923, 395.606237, 0.000000
2098.799921, 395.751613, 0.000000
2098.804762, 395.897263, 0.000000
2098.803651, 396.042976, 0.000000
2098.814605, 396.187777, 0.000000
2098.813494, 396.333490, 0.000000
2098.824448, 396.478290, 0.000000
2098.823337, 396.624004, 0.000000
2098.834291, 396.768804, 0.000000
2098.833180, 396.914518, 0.000000
2098.852257, 397.059163, 0.000000
2098.851139, 397.205664, 0.000000
2098.862153, 397.351247, 0.000000
2098.861035, 397.497748, 0.000000
2098.872049, 397.643331, 0.000000
2098.870932, 397.789832, 0.000000
2098.881946, 397.935415, 0.000000
2098.880828, 398.081917, 0.000000
2098.891842, 398.227500, 0.000000
2098.882943, 398.374327, 0.000000
2098.893897, 398.519128, 0.000000
2098.892786, 398.664841, 0.000000
2098.903740, 398.809641, 0.000000
2098.902629, 398.955355, 0.000000
2098.913584, 399.100155, 0.000000
2098.912472, 399.245869, 0.000000
2098.923427, 399.390669, 0.000000
2098.931806, 399.536243, 0.000000
2098.942835, 399.682029, 0.000000
2098.941716, 399.828735, 0.000000
2098.952745, 399.974521, 0.000000
2098.951626, 400.121226, 0.000000
2098.962655, 400.267013, 0.000000
2098.961536, 400.413718, 0.000000
2098.972565, 400.559504, 0.000000
2098.983595, 400.705291, 0.000000
2098.993948, 400.996188, 1.000000
2099.004884, 401.140733, 1.000000
2099.027865, 401.284366, 1.000000
2099.038800, 401.428911, 1.000000
2099.061781, 401.572544, 1.000000
2099.084762, 401.716178, 1.000000
2099.083652, 401.861634, 1.000000
2099.069991, 402.008768, 1.000000
2099.081020, 402.154554, 1.000000
2099.092050, 402.300340, 1.000000
2099.115228, 402.445207, 1.000000
2099.138406, 402.590074, 1.000000
2099.149436, 402.735861, 1.000000
2099.172614, 402.880728, 1.000000
2099.195792, 403.025595, 1.000000
2099.206822, 403.171381, 1.000000
2099.157748, 403.321403, 1.000000
2099.156638, 403.466859, 0.000000
2099.167573, 403.611403, 0.000000
2099.178509, 403.755948, 0.000000
2099.189444, 403.900493, 0.000000
2099.200380, 404.045038, 0.000000
2099.211316, 404.189582, 0.000000
2099.222251, 404.334127, 0.000000
2099.242752, 404.478557, 0.000000
2099.253766, 404.624141, 0.000000
2099.264780, 404.769724, 0.000000
2099.275794, 404.915307, 0.000000
2099.286808, 405.060890, 0.000000
2099.297822, 405.206473, 0.000000
2099.308836, 405.352056, 0.000000
2099.319850, 405.497640, 0.000000
2099.330864, 405.643223, 0.000000
2099.269800, 405.409828, 0.000000
2099.321818, 405.546057, 0.000000
2099.373835, 405.682286, 0.000000
2099.425852, 405.818515, 0.000000
2099.477869, 405.954744, 0.000000
2099.541238, 406.086639, 0.000000
2099.593255, 406.222868, 0.000000
2099.645272, 406.359097, 0.000000
2099.745640, 406.673097, 0.000000
2099.778539, 406.814897, 0.000000
2099.811438, 406.956698, 0.000000
2099.844337, 407.098499, 0.000000
2099.877236, 407.240299, 0.000000
2099.910135, 407.382100, 0.000000
2099.943034, 407.523901, 0.000000
2099.975933, 407.665702, 0.000000
2100.008832, 407.807502, 0.000000
2100.041731, 407.949303, 0.000000
2100.076851, 408.090775, 0.000000
2100.109805, 408.232811, 0.000000
2100.142758, 408.374848, 0.000000
2100.175712, 408.516884, 0.000000
2100.208666, 408.658920, 0.000000
2100.274573, 408.942993, 0.000000
2100.283854, 409.090522, 1.000000
2100.290988, 409.238342, 1.000000
2100.323887, 409.380143, 1.000000
2100.368602, 409.519202, 1.000000
2100.413318, 409.658261, 1.000000
2100.469850, 409.794578, 1.000000
2100.514566, 409.933638, 1.000000
2100.559282, 410.072697, 1.000000
2100.603998, 410.211756, 1.000000
2100.636897, 410.353557, 1.000000
2100.615001, 410.508275, 1.000000
2100.648009, 410.650543, 1.000000
2100.692872, 410.790061, 1.000000
2100.737735, 410.929578, 1.000000
2100.770742, 411.071846, 0.000000
2100.815605, 411.211363, 0.000000
2100.848613, 411.353631, 0.000000
2100.881620, 411.495899, 0.000000
2100.926483, 411.635417, 0.000000
2100.959490, 411.777685, 0.000000
2101.004798, 411.917139, 0.000000
2101.037816, 412.059453, 0.000000
2101.070834, 412.201767, 0.000000
2101.115711, 412.341329, 0.000000
2101.148729, 412.483643, 0.000000
2101.181747, 412.625957, 0.000000
2101.226625, 412.765519, 0.000000
2101.259643, 412.907833, 0.000000
2101.301762, 413.047792, 0.000000
2101.334716, 413.189828, 0.000000
2101.367669, 413.331864, 0.000000
2101.412459, 413.471155, 0.000000
2101.445413, 413.613191, 0.000000
