1854.204772, 455.575268, 1.000000
1854.352817, 455.569266, 1.000000
1854.503349, 455.575187, 1.000000
1854.653881, 455.581108, 1.000000
1854.801926, 455.575106, 1.000000
1854.952459, 455.581027, 1.000000
1855.100504, 455.575025, 1.000000
1855.252724, 455.588706, 1.000000
1855.403676, 455.594643, 0.000000
1855.542157, 455.540801, 0.000000
1855.683132, 455.498916, 0.000000
1855.821613, 455.445074, 0.000000
1855.960094, 455.391233, 0.000000
1856.017862, 454.952655, 1.000000
1856.167904, 454.958557, 1.000000
1856.315466, 454.952575, 1.000000
1856.463029, 454.946593, 1.000000
1856.610592, 454.940610, 1.000000
1856.760634, 454.946512, 1.000000
1856.905717, 454.928646, 1.000000
1856.991218, 454.626869, 1.000000
1857.138076, 454.620916, 1.000000
1857.284935, 454.614962, 1.000000
1857.431794, 454.609008, 1.000000
1857.578653, 454.603055, 1.000000
1857.700839, 454.478831, 1.000000
1857.832332, 454.399848, 1.000000
1857.979050, 454.393900, 1.000000
1858.125767, 454.387952, 1.000000
1858.262625, 454.334741, 0.000000
1858.399483, 454.281531, 0.000000
1858.533876, 454.216505, 0.000000
1858.669407, 454.156009, 1.000000
1858.814790, 454.138106, 1.000000
1858.960172, 454.120203, 1.000000
1859.108039, 454.114209, 1.000000
1859.255906, 454.108214, 1.000000
1859.398805, 454.078403, 1.000000
1859.761190, 453.835328, 1.000000
1859.903514, 453.799448, 1.000000
1860.045837, 453.763567, 1.000000
1860.192111, 453.739218, 1.000000
1860.334434, 453.703338, 1.000000
1860.480708, 453.678988, 1.000000
1860.615130, 453.620046, 0.000000
1860.693076, 453.499187, 1.000000
1860.827398, 453.442846, 1.000000
1860.972929, 453.421019, 1.000000
1861.103514, 453.353173, 0.000000
1861.234100, 453.285327, 0.000000
1861.368422, 453.228986, 0.000000
1861.499048, 453.161028, 1.000000
1861.645459, 453.139069, 1.000000
1861.788111, 453.105536, 1.000000
1861.927005, 453.060428, 1.000000
1862.069657, 453.026895, 1.000000
1862.212310, 452.993362, 1.000000
1862.351203, 452.948254, 1.000000
1862.482578, 452.879998, 1.000000
1862.604466, 452.785072, 1.000000
1862.745965, 452.751809, 1.000000
1862.887465, 452.718547, 1.000000
1863.028965, 452.685285, 1.000000
1863.170464, 452.652023, 1.000000
1863.308236, 452.607280, 1.000000
1863.438750, 452.540122, 1.000000
1863.580290, 452.506850, 1.000000
1863.721831, 452.473578, 1.000000
1863.863372, 452.440306, 1.000000
1864.001183, 452.395550, 1.000000
1864.142724, 452.362278, 1.000000
1864.280535, 452.317522, 1.000000
1864.418847, 452.274193, 1.000000
1864.556760, 452.229404, 1.000000
1864.698405, 452.196107, 1.000000
1864.836318, 452.151318, 1.000000
1864.977963, 452.118022, 1.000000
1865.119608, 452.084726, 1.000000
1865.267423, 452.069367, 1.000000
1865.410346, 452.035771, 1.000000
1865.553268, 452.002174, 1.000000
1865.696191, 451.968577, 1.000000
1865.839114, 451.934980, 1.000000
1865.978271, 451.889787, 1.000000
1866.121194, 451.856190, 1.000000
1866.253638, 451.790328, 1.000000
1866.391409, 451.745585, 1.000000
1866.529180, 451.700842, 1.000000
1866.670680, 451.667580, 1.000000
1866.812180, 451.634318, 1.000000
1866.953680, 451.601055, 1.000000
1867.102636, 451.590755, 1.000000
1867.259798, 451.601788, 1.000000
1867.402721, 451.568191, 1.000000
1867.545644, 451.534594, 1.000000
1867.684801, 451.489401, 1.000000
1867.827723, 451.455804, 1.000000
1867.970646, 451.422208, 1.000000
1868.117335, 451.400207, 1.000000
1868.266229, 451.388022, 1.000000
1868.407588, 451.354793, 1.000000
1868.548946, 451.321564, 1.000000
1868.686579, 451.276865, 1.000000
1868.827937, 451.243636, 1.000000
1868.965571, 451.198938, 1.000000
1869.112831, 451.181998, 1.000000
1869.255893, 451.148368, 1.000000
1869.398956, 451.114738, 1.000000
1869.542019, 451.081109, 1.000000
1869.685082, 451.047479, 1.000000
1869.824375, 451.002242, 1.000000
1869.967438, 450.968612, 1.000000
1870.112701, 450.941912, 1.000000
1870.259250, 450.919933, 1.000000
1870.402036, 450.886368, 1.000000
1870.541060, 450.841218, 1.000000
1870.683846, 450.807654, 1.000000
1870.826632, 450.774089, 1.000000
1870.969418, 450.740524, 1.000000
1871.115967, 450.718545, 1.000000
1871.377369, 450.632161, 1.000000
1871.517457, 450.591885, 1.000000
1871.657545, 450.551610, 1.000000
1871.793333, 450.500019, 1.000000
1871.933421, 450.459744, 1.000000
1872.077808, 450.430784, 1.000000
1872.167758, 450.455832, 1.000000
1872.313839, 450.430376, 1.000000
1872.455881, 450.393420, 1.000000
1872.597923, 450.356463, 1.000000
1872.735927, 450.308007, 1.000000
1872.877969, 450.271050, 1.000000
1873.020011, 450.234094, 1.000000
1873.166091, 450.208638, 1.000000
1873.307654, 450.171867, 1.000000
1873.445077, 450.123614, 1.000000
1873.586520, 450.086814, 1.000000
1873.727964, 450.050013, 1.000000
1873.865386, 450.001761, 1.000000
1874.010851, 449.976412, 1.000000
1874.158853, 449.957593, 1.000000
1874.300632, 449.920705, 1.000000
1874.442411, 449.883817, 1.000000
1874.584191, 449.846929, 1.000000
1874.721939, 449.798562, 1.000000
1874.863719, 449.761674, 1.000000
1875.005498, 449.724786, 1.000000
1875.147277, 449.687898, 1.000000
1875.281195, 449.629988, 1.000000
1875.418476, 449.581785, 1.000000
1875.559775, 449.545023, 1.000000
1875.701073, 449.508260, 1.000000
1875.842372, 449.471497, 1.000000
1875.987687, 449.446174, 1.000000
1876.149370, 449.466478, 1.000000
1876.291213, 449.429574, 1.000000
1876.433056, 449.392669, 1.000000
1876.570866, 449.344281, 1.000000
1876.712709, 449.307376, 1.000000
1876.850520, 449.258987, 1.000000
1876.996395, 449.233567, 1.000000
1877.158400, 449.254084, 1.000000
1877.312904, 449.253052, 1.000000
1877.454812, 449.216131, 1.000000
1877.592685, 449.167720, 1.000000
1877.734593, 449.130798, 1.000000
1877.872467, 449.082388, 1.000000
1878.018409, 449.056956, 1.000000
1878.160317, 449.020034, 1.000000
1878.308645, 449.002101, 1.000000
1878.453888, 448.976791, 1.000000
1878.595117, 448.940046, 1.000000
1878.736346, 448.903301, 1.000000
1878.877575, 448.866556, 1.000000
1879.018804, 448.829812, 1.000000
1879.168063, 448.815936, 1.000000
1879.314613, 448.793943, 1.000000
1879.460002, 448.768608, 1.000000
1879.601372, 448.731826, 1.000000
1879.738723, 448.683599, 1.000000
1879.880093, 448.646817, 1.000000
1880.025482, 448.621482, 1.000000
1880.171204, 448.596115, 1.000000
1880.313047, 448.559211, 1.000000
1880.450858, 448.510822, 1.000000
1880.596733, 448.485402, 1.000000
1880.734543, 448.437013, 1.000000
1880.876386, 448.400108, 1.000000
1879.922127, 444.800647, 0.000000
1880.208887, 444.738530, 0.000000
1880.354276, 444.713194, 0.000000
1880.495646, 444.676413, 0.000000
1880.641035, 444.651077, 0.000000
1880.782405, 444.614296, 0.000000
1880.939880, 444.564613, 0.000000
1881.073545, 444.506130, 0.000000
1881.212972, 444.458304, 0.000000
1881.346637, 444.399821, 0.000000
1881.486064, 444.351995, 0.000000
1881.619729, 444.293512, 0.000000
1881.759156, 444.245686, 0.000000
1881.892821, 444.187203, 0.000000
1882.022126, 444.151492, 0.000000
1882.158920, 444.100040, 0.000000
1882.300915, 444.059554, 0.000000
1882.437709, 444.008102, 0.000000
1882.579704, 443.967617, 0.000000
1882.716498, 443.916165, 0.000000
1882.858493, 443.875679, 0.000000
1882.995287, 443.824228, 0.000000
1883.137992, 443.784550, 0.000000
1883.275119, 443.732973, 0.000000
1883.417460, 443.692388, 0.000000
1883.554587, 443.640811, 0.000000
1883.696928, 443.600227, 0.000000
1883.834055, 443.548650, 0.000000
1883.970444, 443.495892, 0.000000
1884.112409, 443.455415, 0.000000
1884.249173, 443.403975, 0.000000
1884.391138, 443.363498, 0.000000
1884.527902, 443.312057, 0.000000
1884.669867, 443.271580, 0.000000
1884.806632, 443.220139, 0.000000
1884.948596, 443.179662, 0.000000
1885.086235, 443.129765, 0.000000
1885.228576, 443.089180, 0.000000
1885.365703, 443.037603, 0.000000
1885.508044, 442.997019, 0.000000
1885.645171, 442.945442, 0.000000
1885.787512, 442.904858, 0.000000
1885.924639, 442.853281, 0.000000
1886.039795, 442.756177, 1.000000
1886.171373, 442.693766, 1.000000
1886.308152, 442.642320, 1.000000
1886.434529, 442.568944, 1.000000
1886.566108, 442.506533, 1.000000
1886.697686, 442.444122, 1.000000
1886.834465, 442.392676, 1.000000
1886.971243, 442.341230, 1.000000
1887.114390, 442.302416, 1.000000
1887.251517, 442.250839, 1.000000
1887.383430, 442.188269, 1.000000
1887.515343, 442.125699, 1.000000
1887.652469, 442.074122, 1.000000
1887.789596, 442.022545, 1.000000
1887.946495, 442.013066, 1.000000
1888.083289, 441.961614, 1.000000
1888.214881, 441.899196, 1.000000
1888.346473, 441.836779, 1.000000
1888.478066, 441.774361, 1.000000
1888.614859, 441.722909, 1.000000
1888.730847, 441.627593, 1.000000
1888.867641, 441.576141, 1.000000
1889.041976, 441.603386, 1.000000
1889.173867, 441.540826, 1.000000
1889.305758, 441.478267, 1.000000
1889.437649, 441.415707, 1.000000
1889.569540, 441.353148, 1.000000
1889.706645, 441.301579, 0.000000
1889.842843, 441.248159, 0.000000
1889.979668, 441.196696, 0.000000
1890.116492, 441.145232, 0.000000
1890.258519, 441.104738, 0.000000
1890.395344, 441.053274, 0.000000
1890.532168, 441.001811, 0.000000
1890.668992, 440.950348, 0.000000
1890.805817, 440.898885, 0.000000
1890.943710, 440.849443, 0.000000
1891.080815, 440.797875, 0.000000
1891.217919, 440.746306, 0.000000
1891.355023, 440.694738, 0.000000
1891.492128, 440.643169, 0.000000
1891.629232, 440.591601, 0.000000
1891.771550, 440.551023, 0.000000
1891.979672, 440.450240, 0.000000
1892.112525, 440.389232, 0.000000
1892.245378, 440.328224, 0.000000
1892.378230, 440.267216, 0.000000
1892.511083, 440.206208, 0.000000
1892.643936, 440.145200, 0.000000
1892.776789, 440.084192, 0.000000
1892.892699, 440.037029, 0.000000
1893.026869, 439.978100, 0.000000
1893.166840, 439.929868, 0.000000
1893.301010, 439.870939, 0.000000
1893.435179, 439.812009, 0.000000
1893.569349, 439.753080, 0.000000
1893.698494, 439.684889, 0.000000
1893.831645, 439.626407, 0.000000
1893.964795, 439.567925, 0.000000
1894.097946, 439.509443, 0.000000
1894.231096, 439.450962, 0.000000
1894.364247, 439.392480, 0.000000
1894.497397, 439.333998, 0.000000
1894.636306, 439.286133, 0.000000
1894.770423, 439.229400, 0.000000
1894.903753, 439.170840, 0.000000
1895.037083, 439.112279, 0.000000
1895.170412, 439.053719, 0.000000
1895.303742, 438.995158, 0.000000
1895.437072, 438.936598, 0.000000
1895.570401, 438.878037, 0.000000
1895.697965, 438.808847, 1.000000
1895.830616, 438.748076, 1.000000
1895.964785, 438.689147, 1.000000
1896.093152, 438.619520, 1.000000
1896.227322, 438.560591, 1.000000
1896.355689, 438.490964, 1.000000
1896.484056, 438.421337, 1.000000
1896.618226, 438.362408, 1.000000
1896.746593, 438.292782, 1.000000
1896.880762, 438.233852, 1.000000
1897.009130, 438.164226, 1.000000
1897.137497, 438.094599, 1.000000
1897.265864, 438.024973, 1.000000
1897.405836, 437.976740, 1.000000
1897.539547, 437.918738, 1.000000
1897.667023, 437.849595, 1.000000
1897.800261, 437.791075, 1.000000
1897.927737, 437.721931, 1.000000
1898.055213, 437.652788, 1.000000
1898.182690, 437.583645, 1.000000
1898.304404, 437.503879, 1.000000
1898.449490, 437.467013, 1.000000
1898.583728, 437.408053, 0.000000
1898.712160, 437.338392, 0.000000
1898.840592, 437.268730, 0.000000
1898.969024, 437.199068, 0.000000
1899.097457, 437.129406, 0.000000
1899.225889, 437.059744, 0.000000
1899.347171, 436.978885, 0.000000
1899.474605, 436.909765, 0.000000
1899.602039, 436.840645, 0.000000
1899.729472, 436.771524, 0.000000
1899.862666, 436.713023, 0.000000
1899.990100, 436.643903, 0.000000
1900.117534, 436.574783, 0.000000
1900.251756, 436.518179, 0.000000
1900.380255, 436.448481, 0.000000
1900.508754, 436.378783, 0.000000
1900.637253, 436.309085, 0.000000
1900.765752, 436.239387, 0.000000
1900.894251, 436.169689, 0.000000
1901.022750, 436.099991, 0.000000
1901.144509, 436.019726, 0.000000
1901.272073, 435.950535, 0.000000
1901.399636, 435.881344, 0.000000
1901.527200, 435.812154, 0.000000
1901.654764, 435.742963, 0.000000
1901.782328, 435.673772, 0.000000
1901.909891, 435.604581, 0.000000
1902.169475, 435.448409, 0.000000
1902.289878, 435.367830, 0.000000
1902.410282, 435.287251, 0.000000
1902.537400, 435.216706, 0.000000
1902.657803, 435.136127, 0.000000
1902.778207, 435.055548, 0.000000
1902.891709, 434.978699, 0.000000
1903.012427, 434.898704, 0.000000
1903.133146, 434.818708, 0.000000
1903.253864, 434.738712, 0.000000
1903.374583, 434.658717, 0.000000
1903.495301, 434.578721, 0.000000
1903.616020, 434.498725, 0.000000
1903.736396, 434.417006, 1.000000
1903.864562, 434.346641, 1.000000
1903.992729, 434.276276, 1.000000
1904.114188, 434.195790, 1.000000
1904.235647, 434.115303, 1.000000
1904.357107, 434.034817, 1.000000
1904.478566, 433.954330, 1.000000
1904.600025, 433.873844, 1.000000
1904.721485, 433.793357, 1.000000
1904.842944, 433.712871, 1.000000
1904.957696, 433.622263, 1.000000
1905.079155, 433.541776, 1.000000
1905.200615, 433.461289, 1.000000
1905.322074, 433.380803, 1.000000
1905.443533, 433.300316, 1.000000
1905.578396, 433.241047, 1.000000
1905.699073, 433.161079, 1.000000
1905.819750, 433.081110, 1.000000
1905.940428, 433.001142, 1.000000
1906.061105, 432.921174, 1.000000
1906.181782, 432.841206, 1.000000
1906.314931, 432.779679, 1.000000
1906.436307, 432.699248, 1.000000
1906.557683, 432.618816, 1.000000
1906.679059, 432.538385, 1.000000
1906.800435, 432.457954, 1.000000
1906.921811, 432.377522, 1.000000
1907.164563, 432.216660, 0.000000
1907.279956, 432.127959, 0.000000
1907.400634, 432.047991, 0.000000
1907.521311, 431.968023, 0.000000
1907.641988, 431.888054, 0.000000
1907.762665, 431.808086, 0.000000
1907.883343, 431.728118, 0.000000
1908.010456, 431.657578, 0.000000
1908.131915, 431.577092, 0.000000
1908.253374, 431.496605, 0.000000
1908.374834, 431.416119, 0.000000
1908.496293, 431.335632, 0.000000
1908.617752, 431.255146, 0.000000
1908.739212, 431.174659, 0.000000
1908.860671, 431.094172, 0.000000
1908.975021, 431.004000, 0.000000
1909.095658, 430.924058, 0.000000
1909.216295, 430.844116, 0.000000
1909.336932, 430.764175, 0.000000
1909.464231, 430.694286, 0.000000
1909.584868, 430.614344, 0.000000
1909.711627, 430.543373, 0.000000
1909.833003, 430.462941, 0.000000
1909.954379, 430.382510, 0.000000
1910.075755, 430.302079, 0.000000
1910.197131, 430.221648, 0.000000
1910.318507, 430.141216, 0.000000
1910.439882, 430.060785, 0.000000
1910.561258, 429.980354, 0.000000
1910.676328, 429.891075, 0.000000
1910.796966, 429.811133, 0.000000
1910.917603, 429.731192, 0.000000
1911.038240, 429.651250, 0.000000
1911.158877, 429.571308, 0.000000
1911.279514, 429.491367, 0.000000
1911.411605, 429.428711, 0.000000
1911.533654, 429.347834, 0.000000
1911.655702, 429.266957, 0.000000
1911.777750, 429.186080, 0.000000
1912.021846, 429.024327, 1.000000
1912.150634, 428.953621, 1.000000
1912.404940, 428.747408, 1.000000
1912.524860, 428.664832, 1.000000
1912.637120, 428.572901, 1.000000
1912.749379, 428.480970, 1.000000
1912.853977, 428.379684, 1.000000
1912.966236, 428.287753, 1.000000
1913.078496, 428.195822, 1.000000
1913.190755, 428.103891, 1.000000
1913.303014, 428.011960, 1.000000
1913.380482, 427.963658, 1.000000
1913.496116, 427.874730, 1.000000
1913.611750, 427.785803, 1.000000
1913.727385, 427.696875, 1.000000
1913.843019, 427.607947, 1.000000
1913.964432, 427.526728, 1.000000
1914.079905, 427.437924, 1.000000
1914.195378, 427.349120, 1.000000
1914.310852, 427.260316, 1.000000
1914.426325, 427.171512, 1.000000
1914.534398, 427.073086, 1.000000
1914.649871, 426.984282, 1.000000
1914.784267, 426.919798, 1.000000
1914.907581, 426.840333, 1.000000
1915.016042, 426.741553, 1.000000
1915.139357, 426.662088, 0.000000
1915.247818, 426.563308, 0.000000
1915.363705, 426.474185, 0.000000
1915.472166, 426.375406, 0.000000
1915.590843, 426.289669, 0.000000
1915.707011, 426.200331, 0.000000
1915.815734, 426.101313, 0.000000
1915.931901, 426.011975, 0.000000
1916.040624, 425.912957, 0.000000
1916.156792, 425.823619, 0.000000
1916.255682, 425.713169, 0.000000
1916.370868, 425.624585, 0.000000
1916.486055, 425.536002, 0.000000
1916.593860, 425.437820, 0.000000
1916.709046, 425.349236, 0.000000
1916.816851, 425.251054, 0.000000
1916.932038, 425.162471, 0.000000
1917.050541, 425.078079, 0.000000
1917.158676, 424.979595, 0.000000
1917.274216, 424.890741, 0.000000
1917.382351, 424.792257, 0.000000
1917.497891, 424.703403, 0.000000
1917.606026, 424.604919, 0.000000
1917.720965, 424.515284, 0.000000
1917.836439, 424.426481, 0.000000
1917.944512, 424.328054, 0.000000
1918.059985, 424.239250, 0.000000
1918.168058, 424.140824, 0.000000
1918.283531, 424.052020, 0.000000
1918.399004, 423.963216, 0.000000
1918.507077, 423.864790, 0.000000
1918.624327, 423.778008, 0.000000
1918.732573, 423.679424, 0.000000
1918.848231, 423.590477, 0.000000
1918.956477, 423.491893, 0.000000
1919.187794, 423.314001, 1.000000
1919.322981, 423.250838, 1.000000
1919.430962, 423.152495, 1.000000
1919.546338, 423.063766, 1.000000
1919.661714, 422.975038, 1.000000
1919.769695, 422.876694, 1.000000
1919.885071, 422.787966, 1.000000
1920.000446, 422.699237, 1.000000
1920.140636, 422.642580, 1.000000
1920.263706, 422.563272, 1.000000
1920.371952, 422.464687, 1.000000
1920.487611, 422.375741, 1.000000
1920.595857, 422.277157, 1.000000
1920.711515, 422.188211, 1.000000
1920.997626, 421.947591, 1.000000
1921.099764, 421.844380, 1.000000
1921.201901, 421.741170, 1.000000
1921.295438, 421.629447, 1.000000
1921.397575, 421.526237, 1.000000
1921.491111, 421.414514, 1.000000
1921.593249, 421.311304, 1.000000
1921.675185, 421.241809, 1.000000
1921.780254, 421.140355, 1.000000
1921.885324, 421.038901, 1.000000
1921.990393, 420.937447, 1.000000
1922.200531, 420.734539, 0.000000
1922.299999, 420.627283, 0.000000
1922.396149, 420.517602, 0.000000
1922.500714, 420.416635, 0.000000
1922.605279, 420.315668, 0.000000
1922.709844, 420.214701, 0.000000
1922.814408, 420.113734, 0.000000
1922.918973, 420.012767, 0.000000
1923.015124, 419.903086, 0.000000
1923.127121, 419.808862, 0.000000
1923.232321, 419.707281, 0.000000
1923.337522, 419.605701, 0.000000
1923.442722, 419.504120, 0.000000
1923.547922, 419.402539, 0.000000
1923.644657, 419.292191, 0.000000
1923.741253, 419.182926, 0.000000
1923.845718, 419.082056, 0.000000
1923.950183, 418.981185, 0.000000
1924.054647, 418.880315, 0.000000
1924.150706, 418.770739, 0.000000
1924.255171, 418.669869, 0.000000
1924.359635, 418.568998, 0.000000
1924.470921, 418.474587, 0.000000
1924.575990, 418.373133, 0.000000
1924.681059, 418.271678, 0.000000
1924.777674, 418.161468, 0.000000
1924.882743, 418.060014, 0.000000
1924.987812, 417.958560, 0.000000
1925.086109, 417.850697, 0.000000
1925.190574, 417.749827, 0.000000
1925.295039, 417.648957, 0.000000
1925.391097, 417.539381, 0.000000
1925.495562, 417.438510, 0.000000
1925.600027, 417.337640, 0.000000
1925.704491, 417.236769, 0.000000
1925.814102, 417.141069, 0.000000
1925.910600, 417.030993, 0.000000
1926.015541, 416.929662, 0.000000
1926.120483, 416.828331, 0.000000
1926.225425, 416.727000, 0.000000
1926.330366, 416.625669, 0.000000
1926.429201, 416.518109, 0.000000
1926.525170, 416.408636, 0.000000
1926.629537, 416.307860, 0.000000
1926.733903, 416.207084, 0.000000
1926.838270, 416.106308, 0.000000
1926.942637, 416.005532, 0.000000
1927.047004, 415.904756, 0.000000
1927.142973, 415.795283, 0.000000
1927.258037, 415.704293, 0.000000
1927.354896, 415.593804, 1.000000
1927.468707, 415.500871, 1.000000
1927.574042, 415.399160, 1.000000
1927.679378, 415.297449, 1.000000
1927.793189, 415.204516, 1.000000
1927.913910, 415.120191, 1.000000
1928.009969, 415.010615, 1.000000
1928.114433, 414.909744, 1.000000
1928.218898, 414.808874, 1.000000
1928.314957, 414.699298, 1.000000
1928.419421, 414.598428, 1.000000
1928.532292, 414.506263, 1.000000
1928.668844, 414.438018, 1.000000
1928.773913, 414.336563, 1.000000
1928.878982, 414.235109, 1.000000
1928.984051, 414.133655, 1.000000
1929.080666, 414.023445, 1.000000
1929.185735, 413.921991, 1.000000
1929.652237, 413.389376, 1.000000
1929.717567, 413.258653, 0.000000
1929.782898, 413.127930, 0.000000
1929.848228, 412.997207, 0.000000
1929.913559, 412.866484, 0.000000
1929.978890, 412.735761, 0.000000
1930.044220, 412.605038, 0.000000
1929.987394, 412.708989, 0.000000
1930.072028, 412.590339, 0.000000
1930.156663, 412.471690, 0.000000
1930.241298, 412.353041, 0.000000
1930.325933, 412.234391, 0.000000
1930.410567, 412.115742, 0.000000
1930.496762, 411.998172, 0.000000
1930.581492, 411.879389, 0.000000
1930.666221, 411.760607, 0.000000
1930.750951, 411.641824, 0.000000
1930.835681, 411.523042, 0.000000
1930.920411, 411.404259, 0.000000
1930.994870, 411.278587, 0.000000
1931.078980, 411.160673, 0.000000
1931.163090, 411.042760, 0.000000
1931.247200, 410.924846, 0.000000
1931.331310, 410.806932, 0.000000
1931.415420, 410.689018, 0.000000
1931.499530, 410.571105, 0.000000
1931.583640, 410.453191, 0.000000
1931.667750, 410.335277, 0.000000
1931.751860, 410.217363, 0.000000
1931.835970, 410.099450, 0.000000
1931.920080, 409.981536, 0.000000
1932.004190, 409.863622, 0.000000
1932.088300, 409.745708, 0.000000
1932.172410, 409.627794, 0.000000
1932.259993, 409.511999, 0.000000
1932.344306, 409.393800, 0.000000
1932.428619, 409.275601, 0.000000
1932.512933, 409.157402, 0.000000
1932.597246, 409.039203, 0.000000
1932.681560, 408.921005, 0.000000
1932.777402, 408.810068, 0.000000
1932.862397, 408.690913, 0.000000
1932.947393, 408.571758, 0.000000
1933.032388, 408.452603, 0.000000
1933.117383, 408.333448, 0.000000
1933.202379, 408.214293, 0.000000
1933.287374, 408.095138, 0.000000
1933.366139, 407.971868, 0.000000
1933.450760, 407.853238, 0.000000
1933.535381, 407.734607, 0.000000
1933.620003, 407.615977, 0.000000
1933.704624, 407.497346, 0.000000
1933.789245, 407.378716, 0.000000
1933.880129, 407.264156, 0.000000
1933.965124, 407.145001, 0.000000
1934.050119, 407.025846, 0.000000
1934.135115, 406.906691, 0.000000
1934.220110, 406.787536, 0.000000
1934.305105, 406.668381, 0.000000
1934.390101, 406.549226, 0.000000
1934.465497, 406.423532, 0.000000
1934.549910, 406.305193, 0.000000
1934.634324, 406.186854, 0.000000
1934.793288, 405.943142, 1.000000
1934.867840, 405.817769, 1.000000
1934.858915, 405.632957, 1.000000
1934.913546, 405.494016, 1.000000
1934.978004, 405.362084, 1.000000
1935.052288, 405.237161, 1.000000
1935.126572, 405.112238, 1.000000
1935.191029, 404.980306, 1.000000
1935.265313, 404.855383, 1.000000
1935.378902, 404.758496, 1.000000
1935.581908, 404.480861, 1.000000
1935.639309, 404.346158, 1.000000
1935.696711, 404.211456, 1.000000
1935.754112, 404.076753, 1.000000
1935.822265, 403.947730, 1.000000
1935.901170, 403.824387, 0.000000
1935.937437, 403.761086, 0.000000
1936.001473, 403.629331, 0.000000
1936.075972, 403.503785, 0.000000
1936.150471, 403.378239, 0.000000
1936.214508, 403.246485, 0.000000
1936.289006, 403.120939, 0.000000
1936.363505, 402.995393, 0.000000
1936.436363, 402.868891, 0.000000
1936.500316, 402.737310, 0.000000
1936.574717, 402.611928, 0.000000
1936.649118, 402.486547, 0.000000
1936.713070, 402.354965, 0.000000
1936.787472, 402.229584, 0.000000
1936.862755, 402.104726, 0.000000
1936.926753, 401.973049, 0.000000
1937.001208, 401.847577, 0.000000
1937.075663, 401.722105, 0.000000
1937.150118, 401.596634, 0.000000
1937.214116, 401.464957, 0.000000
1937.288571, 401.339485, 0.000000
1937.363026, 401.214013, 0.000000
1937.424437, 401.080980, 0.000000
1937.498735, 400.955772, 0.000000
1937.573033, 400.830564, 0.000000
1937.647331, 400.705356, 0.000000
1937.711195, 400.573957, 0.000000
1937.785493, 400.448749, 0.000000
1937.863753, 400.325753, 0.000000
1937.927829, 400.193919, 0.000000
1938.002373, 400.068297, 0.000000
1938.076916, 399.942675, 0.000000
1938.140992, 399.810841, 0.000000
1938.215536, 399.685219, 0.000000
1938.290079, 399.559597, 0.000000
1938.364623, 399.433975, 0.000000
1938.423866, 399.299890, 0.000000
1938.498115, 399.174766, 0.000000
1938.572363, 399.049641, 0.000000
1938.636185, 398.918330, 0.000000
1938.710433, 398.793205, 0.000000
1938.795109, 398.674268, 1.000000
1938.871973, 398.550479, 1.000000
1938.935935, 398.418879, 1.000000
1938.999897, 398.287279, 1.000000
1939.063858, 398.155678, 1.000000
1939.138270, 398.030279, 1.000000
1939.202232, 397.898679, 1.000000
1939.266194, 397.767078, 1.000000
1939.380665, 397.665450, 1.000000
1939.465397, 397.546434, 1.000000
1939.539695, 397.421226, 1.000000
1939.603559, 397.289827, 1.000000
1939.667423, 397.158428, 1.000000
1939.731287, 397.027028, 1.000000
1939.826453, 396.914204, 1.000000
1939.934636, 396.808835, 1.000000
1939.998635, 396.677159, 1.000000
1940.062634, 396.545482, 1.000000
1940.137088, 396.420010, 1.000000
1940.201087, 396.288334, 1.000000
1940.265086, 396.156657, 1.000000
1940.339541, 396.031185, 1.000000
1940.452524, 395.928694, 1.000000
1940.537199, 395.809757, 1.000000
1940.601021, 395.678445, 1.000000
1940.675269, 395.553321, 1.000000
1940.834194, 395.309259, 0.000000
1940.918869, 395.190322, 0.000000
1941.022534, 395.012562, 0.000000
1941.091589, 394.883840, 0.000000
1941.160644, 394.755118, 0.000000
1941.240426, 394.632151, 0.000000
1941.309481, 394.503429, 0.000000
1941.378537, 394.374707, 0.000000
1941.443435, 394.251481, 0.000000
1941.523750, 394.128999, 0.000000
1941.593374, 394.000716, 0.000000
1941.662999, 393.872433, 0.000000
1941.743314, 393.749952, 0.000000
1941.812939, 393.621669, 0.000000
1941.882563, 393.493385, 0.000000
1941.952188, 393.365102, 0.000000
1942.030793, 393.241889, 0.000000
1942.100328, 393.113772, 0.000000
1942.169863, 392.985654, 0.000000
1942.239397, 392.857536, 0.000000
1942.319609, 392.735213, 0.000000
1942.389144, 392.607095, 0.000000
1942.458124, 392.478723, 0.000000
1942.527630, 392.350659, 0.000000
1942.607807, 392.228388, 0.000000
1942.677313, 392.100324, 0.000000
1942.746819, 391.972260, 0.000000
1942.826996, 391.849989, 0.000000
1942.896502, 391.721925, 0.000000
1942.967877, 391.594797, 0.000000
1943.037482, 391.466551, 0.000000
1943.117773, 391.344106, 0.000000
1943.187378, 391.215860, 0.000000
1943.235608, 391.076013, 1.000000
1943.315900, 390.953567, 1.000000
1943.446551, 390.858516, 1.000000
1943.526662, 390.736346, 1.000000
1943.596110, 390.608388, 1.000000
1943.665558, 390.480430, 1.000000
1943.724343, 390.346685, 1.000000
1943.793791, 390.218728, 1.000000
1943.863239, 390.090770, 1.000000
1943.954013, 389.974387, 1.000000
1944.069426, 389.871096, 1.000000
1944.149717, 389.748650, 1.000000
1944.208635, 389.614604, 1.000000
1944.278239, 389.486358, 1.000000
1944.347843, 389.358112, 1.000000
1944.428135, 389.235666, 1.000000
1944.518255, 389.118611, 1.000000
1944.598501, 388.996236, 1.000000
1944.668065, 388.868063, 1.000000
1944.737630, 388.739891, 1.000000
1944.796513, 388.605922, 1.000000
1944.866077, 388.477749, 1.000000
1944.946323, 388.355374, 1.000000
1945.054816, 388.248467, 1.000000
1945.156171, 388.137961, 1.000000
1945.236217, 388.015890, 0.000000
1945.305609, 387.888036, 0.000000
1945.385655, 387.765964, 0.000000
1945.455047, 387.638110, 0.000000
1945.524439, 387.510256, 0.000000
1945.593831, 387.382402, 0.000000
1945.669830, 387.257569, 0.000000
1945.750204, 387.134998, 0.000000
1945.819880, 387.006620, 0.000000
1945.889556, 386.878242, 0.000000
1945.959232, 386.749865, 0.000000
1946.028908, 386.621487, 0.000000
1946.102611, 386.495803, 0.000000
1946.172003, 386.367949, 0.000000
1946.241395, 386.240095, 0.000000
1946.310786, 386.112241, 0.000000
1946.380178, 385.984387, 0.000000
1946.460224, 385.862315, 0.000000
1946.529616, 385.734461, 0.000000
1946.662280, 385.461953, 0.000000
1946.720129, 385.328771, 0.000000
1946.789077, 385.200410, 0.000000
1946.846926, 385.067227, 0.000000
1946.904775, 384.934045, 0.000000
1946.962624, 384.800863, 0.000000
1947.022427, 384.676857, 0.000000
1947.092123, 384.548411, 0.000000
1947.150708, 384.415082, 0.000000
1947.209294, 384.281753, 0.000000
1947.267879, 384.148424, 0.000000
1947.326464, 384.015096, 0.000000
1947.396160, 383.886649, 0.000000
1947.454745, 383.753320, 0.000000
1947.522495, 383.623525, 0.000000
1947.581392, 383.489487, 0.000000
1947.640289, 383.355449, 0.000000
1947.710355, 383.226319, 0.000000
1947.769252, 383.092281, 0.000000
1947.899600, 382.829797, 1.000000
1947.958165, 382.696514, 1.000000
1948.027836, 382.568112, 1.000000
1948.086401, 382.434830, 1.000000
1948.144966, 382.301547, 1.000000
1948.203531, 382.168265, 1.000000
1948.262096, 382.034982, 1.000000
1948.320661, 381.901700, 1.000000
1948.391802, 381.773469, 1.000000
1948.450787, 381.639233, 1.000000
1948.520957, 381.509911, 1.000000
1948.579941, 381.375675, 1.000000
1948.638925, 381.241438, 1.000000
1948.697909, 381.107202, 1.000000
1948.744342, 380.967640, 1.000000
1948.814013, 380.839238, 1.000000
1948.872578, 380.705955, 1.000000
1948.931143, 380.572673, 1.000000
1949.000815, 380.444271, 1.000000
1949.070486, 380.315868, 1.000000
1949.151265, 380.192347, 0.000000
1949.209830, 380.059064, 0.000000
1949.278759, 379.929885, 0.000000
1949.337656, 379.795847, 0.000000
1949.455450, 379.527771, 0.000000
1949.514346, 379.393734, 0.000000
1949.573243, 379.259696, 0.000000
1949.621942, 379.121176, 0.000000
1949.691613, 378.992774, 0.000000
1949.750178, 378.859492, 0.000000
1949.808743, 378.726209, 0.000000
1949.867308, 378.592927, 0.000000
1949.925873, 378.459644, 0.000000
1949.984438, 378.326362, 0.000000
1950.043002, 378.193079, 0.000000
1950.102202, 378.060057, 0.000000
1950.160787, 377.926729, 0.000000
1950.219373, 377.793400, 0.000000
1950.277958, 377.660071, 0.000000
1950.336543, 377.526742, 0.000000
1950.395128, 377.393413, 0.000000
1950.453713, 377.260085, 0.000000
1950.512298, 377.126756, 0.000000
1950.582568, 376.997810, 0.000000
1950.641522, 376.863641, 0.000000
1950.700477, 376.729473, 0.000000
1950.759431, 376.595304, 0.000000
1950.829566, 376.466048, 0.000000
1950.888520, 376.331880, 0.000000
1950.935202, 376.192759, 0.000000
1950.993767, 376.059477, 0.000000
1951.052332, 375.926194, 0.000000
1951.110897, 375.792912, 0.000000
1951.169461, 375.659629, 0.000000
1951.228026, 375.526347, 0.000000
1951.286591, 375.393064, 0.000000
1951.345156, 375.259782, 1.000000
1951.427303, 375.136069, 1.000000
1951.497438, 375.006813, 1.000000
1951.604166, 374.733563, 1.000000
1951.663120, 374.599394, 1.000000
1951.722075, 374.465226, 1.000000
1951.856974, 374.012103, 1.000000
1951.892920, 373.871714, 1.000000
1951.928866, 373.731325, 1.000000
1951.964812, 373.590936, 1.000000
1952.000759, 373.450547, 1.000000
1952.036705, 373.310158, 1.000000
1952.060952, 373.166773, 1.000000
1952.060615, 373.148704, 1.000000
1952.082835, 373.001873, 1.000000
1952.128264, 372.862614, 1.000000
1952.173694, 372.723355, 1.000000
1952.207519, 372.580310, 1.000000
1952.252948, 372.441051, 1.000000
1952.292317, 372.299899, 1.000000
1952.337598, 372.161095, 1.000000
1952.382879, 372.022292, 1.000000
1952.439728, 371.887262, 1.000000
1952.496576, 371.752232, 0.000000
1952.541857, 371.613428, 0.000000
1952.575571, 371.470851, 0.000000
1952.620852, 371.332048, 0.000000
1952.674313, 371.195413, 0.000000
1952.708173, 371.052217, 0.000000
1952.753651, 370.912811, 0.000000
1952.799128, 370.773405, 0.000000
1952.844606, 370.633999, 0.000000
1952.878466, 370.490803, 0.000000
1952.917407, 370.349669, 0.000000
1952.962726, 370.210750, 0.000000
1952.996468, 370.068055, 0.000000
1953.041786, 369.929137, 0.000000
1953.087105, 369.790218, 0.000000
1953.120847, 369.647523, 0.000000
1953.166165, 369.508604, 0.000000
1953.215957, 369.370988, 0.000000
1953.249782, 369.227943, 0.000000
1953.295212, 369.088684, 0.000000
1953.340641, 368.949425, 0.000000
1953.386071, 368.810166, 0.000000
1953.419896, 368.667121, 0.000000
1953.460918, 368.526550, 0.000000
1953.506237, 368.387631, 0.000000
1953.539979, 368.244936, 0.000000
1953.585297, 368.106018, 0.000000
1953.630616, 367.967099, 0.000000
1953.664358, 367.824404, 0.000000
1953.709677, 367.685485, 0.000000
1953.759309, 367.547974, 0.000000
1953.804738, 367.408715, 0.000000
1953.838563, 367.265670, 0.000000
1953.883993, 367.126411, 0.000000
1953.929422, 366.987152, 0.000000
1953.963247, 366.844107, 0.000000
1954.008677, 366.704848, 0.000000
1954.045429, 366.563446, 0.000000
1954.079089, 366.421097, 0.000000
1954.124297, 366.282516, 0.000000
1954.169506, 366.143935, 0.000000
1954.214714, 366.005354, 0.000000
1954.248374, 365.863005, 0.000000
1954.282035, 365.720657, 1.000000
1954.337438, 365.585097, 1.000000
1954.394532, 365.449481, 1.000000
1954.428393, 365.306285, 1.000000
1954.473870, 365.166879, 1.000000
1954.507731, 365.023683, 1.000000
1954.553208, 364.884277, 1.000000
1954.602858, 364.746455, 1.000000
1954.659706, 364.611424, 1.000000
1954.693420, 364.468847, 1.000000
1954.738701, 364.330044, 1.000000
1954.772415, 364.187467, 1.000000
1954.817696, 364.048663, 1.000000
1954.851410, 363.906086, 1.000000
1954.896691, 363.767283, 1.000000
1954.986773, 363.461007, 1.000000
1955.006382, 363.315808, 1.000000
1955.037872, 363.173234, 1.000000
1955.057481, 363.028036, 1.000000
1955.088972, 362.885462, 1.000000
1955.120462, 362.742887, 1.000000
1955.175714, 362.605562, 1.000000
1955.219794, 362.516295, 1.000000
1955.266874, 362.377851, 1.000000
1955.313955, 362.239407, 0.000000
1955.337471, 362.095080, 0.000000
1955.372770, 361.953695, 0.000000
1955.408068, 361.812310, 0.000000
1955.431584, 361.667983, 0.000000
1955.470789, 361.527462, 0.000000
1955.506166, 361.385762, 0.000000
1955.529734, 361.241114, 0.000000
1955.565111, 361.099414, 0.000000
1955.600488, 360.957715, 0.000000
1955.624057, 360.813067, 0.000000
1955.659434, 360.671367, 0.000000
1955.694811, 360.529667, 0.000000
1955.718380, 360.385019, 0.000000
1955.744505, 360.241741, 0.000000
1955.779694, 360.100793, 0.000000
1955.803138, 359.956912, 0.000000
1955.838327, 359.815964, 0.000000
1955.873516, 359.675015, 0.000000
1955.896960, 359.531135, 0.000000
1955.932684, 359.390308, 0.000000
1955.967884, 359.249315, 0.000000
1955.991335, 359.105389, 0.000000
1956.026536, 358.964396, 0.000000
1956.061736, 358.823403, 0.000000
1956.085187, 358.679476, 0.000000
1956.120388, 358.538483, 0.000000
1956.163295, 358.399070, 0.000000
1956.186854, 358.254481, 0.000000
1956.222217, 358.112839, 0.000000
1956.257579, 357.971197, 0.000000
1956.281138, 357.826608, 0.000000
1956.316501, 357.684966, 0.000000
1956.351863, 357.543324, 0.000000
1956.375422, 357.398735, 0.000000
1956.410088, 357.256936, 0.000000
1956.445436, 357.115354, 0.000000
1956.468985, 356.970826, 0.000000
1956.504332, 356.829245, 0.000000
1956.539680, 356.687663, 0.000000
1956.563229, 356.543136, 0.000000
1956.586778, 356.398608, 1.000000
1956.633924, 356.259972, 1.000000
1956.686073, 356.122689, 1.000000
1956.744772, 355.987563, 1.000000
1956.779973, 355.846570, 1.000000
1956.815173, 355.705577, 1.000000
1956.838624, 355.561651, 1.000000
1956.862075, 355.417724, 1.000000
1956.897276, 355.276731, 1.000000
1956.979994, 355.147582, 1.000000
1957.015205, 355.006546, 1.000000
1957.050416, 354.865509, 1.000000
1957.073875, 354.721539, 1.000000
1957.109086, 354.580502, 1.000000
1957.132544, 354.436531, 1.000000
1957.167756, 354.295495, 1.000000
1957.233005, 354.161620, 1.000000
1957.268352, 354.020038, 1.000000
1957.303700, 353.878456, 1.000000
1957.327249, 353.733929, 1.000000
1957.350798, 353.589401, 1.000000
1957.386145, 353.447820, 1.000000
1957.409694, 353.303292, 1.000000
1957.445042, 353.161710, 1.000000
1957.503986, 353.026020, 1.000000
1957.527535, 352.881493, 1.000000
1957.562883, 352.739911, 1.000000
1957.598230, 352.598329, 1.000000
1957.657174, 352.462639, 0.000000
1957.692522, 352.321057, 0.000000
1957.727869, 352.179475, 0.000000
1957.763217, 352.037893, 0.000000
1957.821612, 351.773927, 0.000000
1957.858689, 351.632127, 0.000000
1957.883775, 351.488236, 0.000000
1957.908862, 351.344345, 0.000000
1957.933948, 351.200455, 0.000000
1957.959035, 351.056564, 0.000000
1957.984121, 350.912673, 0.000000
1958.010620, 350.785982, 0.000000
1958.037151, 350.642003, 0.000000
1958.075681, 350.500235, 0.000000
1958.102213, 350.356256, 0.000000
1958.128744, 350.212277, 0.000000
1958.155276, 350.068298, 0.000000
1958.181807, 349.924319, 0.000000
1958.208339, 349.780340, 0.000000
1958.234870, 349.636361, 0.000000
1958.261402, 349.492382, 0.000000
1958.287934, 349.348403, 0.000000
1958.326463, 349.206635, 0.000000
1958.352995, 349.062656, 0.000000
1958.379526, 348.918678, 0.000000
1958.406058, 348.774699, 0.000000
1958.432589, 348.630720, 0.000000
1958.459121, 348.486741, 0.000000
1958.485653, 348.342762, 0.000000
1958.512184, 348.198783, 0.000000
1958.538716, 348.054804, 0.000000
1958.577245, 347.913036, 0.000000
1958.603777, 347.769057, 0.000000
1958.630309, 347.625078, 0.000000
1958.656840, 347.481099, 0.000000
1958.671373, 347.334909, 1.000000
1958.709903, 347.193142, 1.000000
1958.748433, 347.051374, 1.000000
1958.774965, 346.907395, 1.000000
1958.825493, 346.767838, 1.000000
1958.864022, 346.626070, 1.000000
1958.890554, 346.482091, 1.000000
1958.905087, 346.335901, 1.000000
1958.931619, 346.191922, 1.000000
1958.958150, 346.047943, 1.000000
1958.984682, 345.903964, 1.000000
1959.035210, 345.764407, 1.000000
1853.480986, 452.105805, 1.000000
1853.616595, 452.040191, 1.000000
1853.764640, 452.034189, 1.000000
1853.912686, 452.028187, 1.000000
1854.060731, 452.022185, 1.000000
1854.211263, 452.028106, 1.000000
1854.356821, 452.010182, 1.000000
1854.472051, 451.846549, 1.000000
1854.608038, 451.780752, 1.000000
1854.756495, 451.774733, 1.000000
1854.904953, 451.768715, 1.000000
1855.053410, 451.762696, 1.000000
1855.194385, 451.720811, 1.000000
1855.318747, 451.601450, 1.000000
1855.458872, 451.559817, 1.000000
1855.606435, 451.553835, 1.000000
1855.751519, 451.535969, 1.000000
1855.899081, 451.529987, 1.000000
1856.044165, 451.512121, 1.000000
1856.184290, 451.470488, 1.000000
1856.305307, 451.338957, 1.000000
1856.442296, 451.285696, 1.000000
1856.586688, 451.267915, 1.000000
1856.733547, 451.261961, 1.000000
1856.875471, 451.232354, 1.000000
1857.012461, 451.179092, 1.000000
1857.144616, 451.103283, 1.000000
1857.288869, 451.085520, 1.000000
1857.433121, 451.067756, 1.000000
1857.577374, 451.049993, 1.000000
1857.721627, 451.032229, 1.000000
1857.860949, 450.990834, 1.000000
1857.983756, 450.869343, 1.000000
1858.116718, 450.791899, 1.000000
1858.259616, 450.762088, 1.000000
1858.404999, 450.744186, 1.000000
1858.550382, 450.726283, 1.000000
1858.690796, 450.684564, 1.000000
1858.658876, 450.618173, 1.000000
1858.789346, 450.547699, 1.000000
1858.927718, 450.500288, 1.000000
1859.066091, 450.452877, 1.000000
1859.208414, 450.416996, 1.000000
1859.346786, 450.369585, 1.000000
1859.485159, 450.322174, 1.000000
1859.643158, 450.266325, 1.000000
1859.777480, 450.209984, 1.000000
1859.915538, 450.165147, 1.000000
1860.057332, 450.131816, 1.000000
1860.195391, 450.086980, 1.000000
1860.337185, 450.053648, 1.000000
1860.469090, 449.989628, 1.000000
1860.607983, 449.944520, 1.000000
1860.746877, 449.899412, 1.000000
1860.878252, 449.831156, 1.000000
1861.013387, 449.774474, 1.000000
1861.148521, 449.717792, 1.000000
1861.283656, 449.661110, 1.000000
1861.426308, 449.627576, 0.000000
1861.571645, 449.604854, 0.000000
1861.709416, 449.560111, 0.000000
1861.850915, 449.526849, 0.000000
1861.992415, 449.493587, 0.000000
1862.133915, 449.460325, 0.000000
1862.275415, 449.427062, 0.000000
1862.413088, 449.381949, 0.000000
1862.554628, 449.348677, 0.000000
1862.696169, 449.315405, 0.000000
1862.837710, 449.282133, 0.000000
1862.979251, 449.248861, 0.000000
1863.120792, 449.215590, 0.000000
1863.258603, 449.170833, 0.000000
1863.399895, 449.136679, 0.000000
1863.541540, 449.103383, 0.000000
1863.683185, 449.070087, 0.000000
1863.824830, 449.036790, 0.000000
1863.962743, 448.992001, 0.000000
1864.104388, 448.958705, 0.000000
1864.243045, 448.915147, 0.000000
1864.385967, 448.881550, 0.000000
1864.528890, 448.847954, 0.000000
1864.671813, 448.814357, 0.000000
1864.810970, 448.769164, 0.000000
1864.953893, 448.735567, 0.000000
1865.096816, 448.701970, 0.000000
1865.243189, 448.678997, 0.000000
1865.384688, 448.645735, 0.000000
1865.522459, 448.600991, 0.000000
1865.663959, 448.567729, 0.000000
1865.805459, 448.534467, 0.000000
1865.946959, 448.501205, 0.000000
1866.088458, 448.467942, 0.000000
1866.220356, 448.401182, 1.000000
1866.359512, 448.355989, 1.000000
1866.498669, 448.310796, 1.000000
1866.637826, 448.265603, 1.000000
1866.776983, 448.220410, 1.000000
1866.916139, 448.175216, 1.000000
1867.059062, 448.141620, 1.000000
1867.208367, 448.130699, 1.000000
1867.346000, 448.086000, 1.000000
1867.487359, 448.052771, 1.000000
1867.624992, 448.008073, 1.000000
1867.762625, 447.963374, 1.000000
1867.900259, 447.918676, 1.000000
1868.049752, 447.908611, 1.000000
1868.192814, 447.874982, 1.000000
1868.332107, 447.829744, 1.000000
1868.471400, 447.784507, 1.000000
1868.614463, 447.750877, 1.000000
1868.753756, 447.705640, 1.000000
1868.893049, 447.660402, 1.000000
1869.062966, 447.709613, 1.000000
1869.205752, 447.676049, 1.000000
1869.344776, 447.630899, 1.000000
1869.480037, 447.574164, 1.000000
1869.615298, 447.517428, 1.000000
1869.758084, 447.483864, 0.000000
1869.900870, 447.450299, 0.000000
1870.043656, 447.416735, 0.000000
1870.147784, 447.395864, 0.000000
1870.287872, 447.355589, 0.000000
1870.427960, 447.315314, 0.000000
1870.568048, 447.275038, 0.000000
1870.708136, 447.234763, 0.000000
1870.848224, 447.194488, 0.000000
1871.004798, 447.143735, 0.000000
1871.146840, 447.106778, 0.000000
1871.288882, 447.069822, 0.000000
1871.430924, 447.032866, 0.000000
1871.572966, 446.995909, 0.000000
1871.715009, 446.958953, 0.000000
1871.857051, 446.921996, 0.000000
1871.999093, 446.885040, 0.000000
1872.145573, 446.862274, 0.000000
1872.287017, 446.825474, 0.000000
1872.428460, 446.788673, 0.000000
1872.569904, 446.751872, 0.000000
1872.711347, 446.715072, 0.000000
1872.852791, 446.678271, 0.000000
1872.994013, 446.640144, 0.000000
1873.135792, 446.603256, 0.000000
1873.277572, 446.566368, 0.000000
1873.419351, 446.529480, 0.000000
1873.561130, 446.492592, 0.000000
1873.702910, 446.455704, 0.000000
1873.844689, 446.418816, 0.000000
1873.986468, 446.381928, 0.000000
1874.128339, 446.346669, 0.000000
1874.269638, 446.309907, 0.000000
1874.410936, 446.273144, 0.000000
1874.552235, 446.236381, 0.000000
1874.697550, 446.211058, 0.000000
1874.838849, 446.174295, 0.000000
1874.979976, 446.136058, 0.000000
1875.121819, 446.099153, 0.000000
1875.263662, 446.062249, 0.000000
1875.405505, 446.025344, 0.000000
1875.547348, 445.988440, 0.000000
1875.689191, 445.951535, 0.000000
1875.831033, 445.914631, 0.000000
1875.972876, 445.877726, 0.000000
1876.114735, 445.840680, 0.000000
1876.256642, 445.803759, 0.000000
1876.398550, 445.766838, 0.000000
1876.540458, 445.729916, 1.000000
1876.678332, 445.681505, 1.000000
1876.816205, 445.633094, 1.000000
1876.954079, 445.584683, 1.000000
1877.112193, 445.594622, 1.000000
1877.249407, 445.546442, 1.000000
1877.386621, 445.498263, 1.000000
1877.523835, 445.450084, 1.000000
1877.665064, 445.413339, 1.000000
1877.802278, 445.365160, 1.000000
1877.955552, 445.362719, 1.000000
1878.125003, 445.405948, 1.000000
1878.262354, 445.357721, 1.000000
1878.399705, 445.309494, 1.000000
1878.537056, 445.261266, 1.000000
1878.674407, 445.213039, 1.000000
1878.811759, 445.164811, 1.000000
1878.945357, 445.104916, 1.000000
1879.083167, 445.056527, 1.000000
1879.220978, 445.008138, 1.000000
1879.354756, 444.948265, 1.000000
1879.492566, 444.899876, 1.000000
1879.634409, 444.862972, 0.000000
1878.885238, 441.847598, 1.000000
1879.147883, 441.716805, 0.000000
1879.293272, 441.691469, 0.000000
1879.434642, 441.654688, 0.000000
1879.580031, 441.629352, 0.000000
1879.721401, 441.592571, 0.000000
1879.412985, 441.740085, 0.000000
1879.552412, 441.692260, 0.000000
1879.686077, 441.633776, 0.000000
1879.819742, 441.575292, 0.000000
1879.959169, 441.527467, 0.000000
1880.092834, 441.468983, 0.000000
1880.226499, 441.410499, 0.000000
1880.365926, 441.362674, 0.000000
1880.638532, 441.234529, 0.000000
1880.780527, 441.194043, 0.000000
1880.917321, 441.142591, 0.000000
1881.054115, 441.091139, 0.000000
1881.196110, 441.050654, 0.000000
1881.332904, 440.999202, 0.000000
1881.469698, 440.947750, 0.000000
1881.611693, 440.907265, 0.000000
1881.745815, 440.849491, 0.000000
1881.882942, 440.797914, 0.000000
1882.025283, 440.757330, 0.000000
1882.162410, 440.705753, 0.000000
1882.304751, 440.665168, 0.000000
1882.441878, 440.613591, 0.000000
1882.581947, 440.568592, 0.000000
1882.723912, 440.528115, 0.000000
1882.860676, 440.476675, 0.000000
1882.997441, 440.425234, 0.000000
1883.139406, 440.384757, 0.000000
1883.276170, 440.333316, 0.000000
1883.412934, 440.281876, 0.000000
1883.554899, 440.241399, 0.000000
1883.688844, 440.183713, 0.000000
1883.831185, 440.143129, 0.000000
1883.968312, 440.091552, 0.000000
1884.105439, 440.039975, 0.000000
1884.247780, 439.999391, 0.000000
1884.384907, 439.947814, 0.000000
1884.522034, 439.896237, 0.000000
1884.666754, 439.861460, 0.000000
1884.803533, 439.810014, 0.000000
1884.940312, 439.758568, 1.000000
1885.061488, 439.674227, 1.000000
1885.187865, 439.600851, 1.000000
1885.314242, 439.527476, 1.000000
1885.440619, 439.454100, 1.000000
1885.582599, 439.413618, 1.000000
1885.743070, 439.411328, 1.000000
1885.874982, 439.348758, 1.000000
1886.001681, 439.275196, 1.000000
1886.133594, 439.212626, 1.000000
1886.260292, 439.139064, 1.000000
1886.392205, 439.076494, 1.000000
1886.573304, 439.118035, 1.000000
1886.710098, 439.066583, 1.000000
1886.836489, 438.993199, 1.000000
1886.968081, 438.930782, 1.000000
1887.099673, 438.868364, 1.000000
1887.226064, 438.794980, 1.000000
1887.357657, 438.732562, 1.000000
1887.484047, 438.659179, 1.000000
1887.670881, 438.712773, 1.000000
1887.802772, 438.650214, 1.000000
1887.929450, 438.576663, 1.000000
1888.061341, 438.514104, 1.000000
1888.188019, 438.440554, 1.000000
1888.309483, 438.356012, 1.000000
1888.458940, 438.330543, 1.000000
1888.606169, 438.301016, 0.000000
1888.742994, 438.249553, 0.000000
1888.879818, 438.198090, 0.000000
1889.011440, 438.135658, 0.000000
1889.148264, 438.084195, 0.000000
1889.285089, 438.032732, 0.000000
1889.416711, 437.970300, 0.000000
1889.551762, 437.914867, 0.000000
1889.688866, 437.863298, 0.000000
1889.820758, 437.800739, 0.000000
1889.957862, 437.749170, 0.000000
1890.094966, 437.697602, 0.000000
1890.226857, 437.635042, 0.000000
1890.363962, 437.583474, 0.000000
1890.369078, 437.595269, 0.000000
1890.495965, 437.523687, 0.000000
1890.628818, 437.462679, 0.000000
1890.761671, 437.401671, 0.000000
1890.888559, 437.330089, 0.000000
1891.021411, 437.269081, 0.000000
1891.154264, 437.208073, 0.000000
1891.314497, 437.127372, 0.000000
1891.442864, 437.057745, 0.000000
1891.577033, 436.998816, 0.000000
1891.711203, 436.939887, 0.000000
1891.839570, 436.870260, 0.000000
1891.973739, 436.811331, 0.000000
1892.115004, 436.765482, 0.000000
1892.242396, 436.696384, 0.000000
1892.375547, 436.637902, 0.000000
1892.508697, 436.579421, 0.000000
1892.636089, 436.510323, 0.000000
1892.769240, 436.451841, 0.000000
1892.902390, 436.393359, 0.000000
1893.029782, 436.324262, 0.000000
1893.161739, 436.263544, 0.000000
1893.295068, 436.204983, 0.000000
1893.422632, 436.135792, 0.000000
1893.555961, 436.077232, 0.000000
1893.689291, 436.018672, 0.000000
1893.816855, 435.949481, 0.000000
1893.950184, 435.890920, 0.000000
1894.083514, 435.832360, 0.000000
1894.211797, 435.763538, 1.000000
1894.334362, 435.683214, 1.000000
1894.456928, 435.602890, 1.000000
1894.573690, 435.511869, 1.000000
1894.696255, 435.431545, 1.000000
1894.836227, 435.383313, 1.000000
1894.987803, 435.356475, 1.000000
1895.104566, 435.265454, 1.000000
1895.232933, 435.195828, 1.000000
1895.355498, 435.115504, 1.000000
1895.483865, 435.045877, 1.000000
1895.606430, 434.965553, 1.000000
1895.758007, 434.938716, 1.000000
1895.897394, 434.891179, 1.000000
1896.024871, 434.822036, 1.000000
1896.146585, 434.742270, 1.000000
1896.268299, 434.662503, 1.000000
1896.390013, 434.582737, 1.000000
1896.517489, 434.513594, 1.000000
1896.639204, 434.433828, 1.000000
1896.777606, 434.384639, 1.000000
1896.917649, 434.336382, 1.000000
1897.040276, 434.256018, 1.000000
1897.162903, 434.175653, 1.000000
1897.291335, 434.105992, 0.000000
1897.425573, 434.047032, 0.000000
1897.554005, 433.977371, 0.000000
1897.688284, 433.920474, 0.000000
1897.821478, 433.861973, 0.000000
1897.948912, 433.792853, 0.000000
1898.082106, 433.734352, 0.000000
1898.209539, 433.665232, 0.000000
1898.342733, 433.606731, 0.000000
1898.470167, 433.537611, 0.000000
1898.596428, 433.466328, 0.000000
1898.724927, 433.396630, 0.000000
1898.853426, 433.326932, 0.000000
1898.987733, 433.267942, 0.000000
1899.116232, 433.198244, 0.000000
1899.250539, 433.139254, 0.000000
1899.379038, 433.069556, 0.000000
1899.518526, 433.021978, 0.000000
1899.646090, 432.952788, 0.000000
1899.773654, 432.883597, 0.000000
1899.906983, 432.825037, 0.000000
1900.034547, 432.755846, 0.000000
1900.167877, 432.697285, 0.000000
1900.295440, 432.628095, 0.000000
1900.296017, 432.649032, 0.000000
1900.416420, 432.568453, 0.000000
1900.543539, 432.497907, 0.000000
1900.663942, 432.417329, 0.000000
1900.784345, 432.336750, 0.000000
1900.911463, 432.266205, 0.000000
1901.038477, 432.182054, 0.000000
1901.165861, 432.112118, 0.000000
1901.286580, 432.032122, 0.000000
1901.413965, 431.962187, 0.000000
1901.534683, 431.882191, 0.000000
1901.655402, 431.802195, 0.000000
1901.782787, 431.732260, 0.000000
1901.898620, 431.643685, 0.000000
1902.026786, 431.573320, 0.000000
1902.141538, 431.482712, 1.000000
1902.256290, 431.392104, 1.000000
1902.371043, 431.301496, 1.000000
1902.479087, 431.200766, 1.000000
1902.587132, 431.100036, 1.000000
1902.762249, 431.100523, 1.000000
1902.877002, 431.009914, 1.000000
1902.991754, 430.919306, 1.000000
1903.106506, 430.828698, 1.000000
1903.221258, 430.738090, 1.000000
1903.336010, 430.647482, 1.000000
1903.450762, 430.556874, 1.000000
1903.572221, 430.476387, 1.000000
1903.739125, 430.465470, 1.000000
1903.853139, 430.375445, 1.000000
1903.967152, 430.285421, 1.000000
1904.094493, 430.215509, 1.000000
1904.195178, 430.105371, 1.000000
1904.309191, 430.015347, 1.000000
1904.465012, 429.988032, 1.000000
1904.572982, 429.887371, 1.000000
1904.694358, 429.806940, 1.000000
1904.809032, 429.716394, 1.000000
1904.923705, 429.625848, 1.000000
1905.031676, 429.525187, 1.000000
1905.254320, 429.333981, 1.000000
1905.387374, 429.271931, 0.000000
1905.508051, 429.191963, 0.000000
1905.628728, 429.111994, 0.000000
1905.749405, 429.032026, 0.000000
1905.870083, 428.952058, 0.000000
1905.990760, 428.872089, 0.000000
1906.105608, 428.783041, 0.000000
1906.233774, 428.712676, 0.000000
1906.355234, 428.632189, 0.000000
1906.476693, 428.551703, 0.000000
1906.598152, 428.471216, 0.000000
1906.719612, 428.390730, 0.000000
1906.841071, 428.310243, 0.000000
1906.962530, 428.229757, 0.000000
1907.089731, 428.158976, 0.000000
1907.210368, 428.079034, 0.000000
1907.331005, 427.999092, 0.000000
1907.451642, 427.919151, 0.000000
1907.572279, 427.839209, 0.000000
1907.692916, 427.759267, 0.000000
1907.814789, 427.680923, 0.000000
1907.936165, 427.600492, 0.000000
1908.057541, 427.520060, 0.000000
1908.178917, 427.439629, 0.000000
1908.300293, 427.359198, 0.000000
1908.421668, 427.278766, 0.000000
1908.543044, 427.198335, 0.000000
1908.664420, 427.117904, 0.000000
1908.791038, 427.046051, 0.000000
1908.911675, 426.966109, 0.000000
1909.032312, 426.886167, 0.000000
1909.152949, 426.806226, 0.000000
1909.273586, 426.726284, 0.000000
1909.400885, 426.656396, 0.000000
1909.511002, 426.560579, 0.000000
1909.633051, 426.479703, 0.000000
1909.755099, 426.398826, 0.000000
1909.877147, 426.317949, 0.000000
1910.121243, 426.156196, 0.000000
1910.236552, 426.065148, 1.000000
1910.282865, 426.156091, 1.000000
1910.387463, 426.054805, 1.000000
1910.492062, 425.953519, 1.000000
1910.596660, 425.852233, 1.000000
1910.693597, 425.741592, 1.000000
1910.798196, 425.640306, 1.000000
1910.895133, 425.529665, 1.000000
1911.015053, 425.447089, 1.000000
1911.104330, 425.327093, 1.000000
1911.335145, 425.304067, 1.000000
1911.428548, 425.186231, 1.000000
1911.536771, 425.087667, 1.000000
1911.652406, 424.998740, 1.000000
1911.775451, 424.919448, 1.000000
1911.899744, 424.841974, 1.000000
1911.993016, 424.724302, 1.000000
1912.093689, 424.616253, 1.000000
1912.201762, 424.517826, 1.000000
1912.309835, 424.419400, 1.000000
1912.432708, 424.340219, 1.000000
1912.548182, 424.251415, 1.000000
1912.697316, 424.206095, 1.000000
1912.790923, 424.088000, 1.000000
1912.899383, 423.989221, 1.000000
1913.000417, 423.880783, 1.000000
1913.108878, 423.782004, 1.000000
1913.224766, 423.692881, 0.000000
1913.340653, 423.603759, 0.000000
1913.454182, 423.511327, 0.000000
1913.562905, 423.412309, 0.000000
1913.679073, 423.322971, 0.000000
1913.795240, 423.233634, 0.000000
1913.911408, 423.144296, 0.000000
1914.027575, 423.054958, 0.000000
1914.151828, 422.977486, 0.000000
1914.267014, 422.888903, 0.000000
1914.374819, 422.790721, 0.000000
1914.490005, 422.702137, 0.000000
1914.605192, 422.613554, 0.000000
1914.720379, 422.524971, 0.000000
1914.835565, 422.436387, 0.000000
1914.947643, 422.343640, 0.000000
1915.063183, 422.254785, 0.000000
1915.171318, 422.156302, 0.000000
1915.286858, 422.067447, 0.000000
1915.402397, 421.978592, 0.000000
1915.517937, 421.889737, 0.000000
1915.634077, 421.801663, 0.000000
1915.749550, 421.712859, 0.000000
1915.865023, 421.624055, 0.000000
1915.973096, 421.525629, 0.000000
1916.088569, 421.436825, 0.000000
1916.204043, 421.348021, 0.000000
1916.319516, 421.259217, 0.000000
1916.434989, 421.170414, 0.000000
1916.548917, 421.079313, 0.000000
1916.664575, 420.990366, 0.000000
1916.772821, 420.891782, 0.000000
1916.888480, 420.802836, 0.000000
1917.127209, 420.634582, 1.000000
1917.282223, 420.597201, 1.000000
1917.382810, 420.489243, 1.000000
1917.490792, 420.390900, 1.000000
1917.591379, 420.282942, 1.000000
1917.699360, 420.184598, 1.000000
1917.799948, 420.076640, 1.000000
1917.907929, 419.978297, 1.000000
1918.065226, 419.943884, 1.000000
1918.180884, 419.854938, 1.000000
1918.281718, 419.746716, 1.000000
1918.389965, 419.648131, 1.000000
1918.498211, 419.549547, 1.000000
1918.599045, 419.441324, 1.000000
1918.580774, 419.555875, 1.000000
1918.682912, 419.452665, 1.000000
1918.776448, 419.340942, 1.000000
1918.861384, 419.220709, 1.000000
1918.954920, 419.108986, 1.000000
1919.048456, 418.997264, 1.000000
1919.133392, 418.877031, 1.000000
1919.299466, 418.781439, 1.000000
1919.429899, 418.706252, 1.000000
1919.526514, 418.596042, 1.000000
1919.614674, 418.477076, 1.000000
1919.816358, 418.265412, 0.000000
1919.927273, 418.170012, 0.000000
1920.023423, 418.060331, 0.000000
1920.127988, 417.959364, 0.000000
1920.232553, 417.858397, 0.000000
1920.337118, 417.757430, 0.000000
1920.441682, 417.656463, 0.000000
1920.537833, 417.546782, 0.000000
1920.642398, 417.445815, 0.000000
1920.739972, 417.336654, 0.000000
1920.845173, 417.235074, 0.000000
1920.950373, 417.133493, 0.000000
1921.047108, 417.023145, 0.000000
1921.152308, 416.921564, 0.000000
1921.257509, 416.819984, 0.000000
1921.370798, 416.728007, 0.000000
1921.475263, 416.627136, 0.000000
1921.571321, 416.517560, 0.000000
1921.675786, 416.416690, 0.000000
1921.780251, 416.315820, 0.000000
1921.884715, 416.214949, 0.000000
1921.989180, 416.114079, 0.000000
1922.078293, 415.996705, 0.000000
1922.183362, 415.895250, 0.000000
1922.288431, 415.793796, 0.000000
1922.393501, 415.692342, 0.000000
1922.498570, 415.590888, 0.000000
1922.595184, 415.480678, 0.000000
1922.707248, 415.387072, 0.000000
1922.811713, 415.286202, 0.000000
1922.916177, 415.185332, 0.000000
1923.020642, 415.084461, 0.000000
1923.116701, 414.974885, 0.000000
1923.221166, 414.874015, 0.000000
1923.325630, 414.773144, 0.000000
1923.424379, 414.666195, 0.000000
1923.529320, 414.564864, 0.000000
1923.625818, 414.454788, 0.000000
1923.730759, 414.353457, 0.000000
1923.835701, 414.252126, 1.000000
1923.915310, 414.124559, 1.000000
1924.069363, 414.074185, 1.000000
1924.173730, 413.973409, 1.000000
1924.269699, 413.863936, 1.000000
1924.357270, 413.745766, 1.000000
1924.453238, 413.636292, 1.000000
1924.540809, 413.518122, 1.000000
1924.636778, 413.408649, 1.000000
1924.732747, 413.299175, 1.000000
1924.884780, 413.246472, 1.000000
1924.981639, 413.135983, 1.000000
1925.078498, 413.025494, 1.000000
1925.166881, 412.906227, 1.000000
1925.263741, 412.795738, 1.000000
1925.377552, 412.702805, 1.000000
1925.509831, 412.630449, 1.000000
1925.605890, 412.520874, 1.000000
1925.693543, 412.402592, 1.000000
1925.781196, 412.284311, 1.000000
1925.868849, 412.166030, 1.000000
1925.964907, 412.056454, 1.000000
1926.052560, 411.938173, 1.000000
1926.140944, 411.820043, 1.000000
1926.237558, 411.709833, 0.000000
1926.342627, 411.608379, 0.000000
1926.447697, 411.506925, 0.000000
1926.552766, 411.405471, 0.000000
1926.657835, 411.304017, 0.000000
1926.340590, 411.734334, 0.000000
1926.405921, 411.603611, 0.000000
1926.471252, 411.472888, 0.000000
1926.547476, 411.347609, 0.000000
1926.612806, 411.216887, 0.000000
1926.678137, 411.086164, 0.000000
1926.743467, 410.955441, 0.000000
1926.991499, 410.571963, 0.000000
1927.076134, 410.453314, 0.000000
1927.160769, 410.334664, 0.000000
1927.245403, 410.216015, 0.000000
1927.330038, 410.097366, 0.000000
1927.414673, 409.978716, 0.000000
1927.497501, 409.858745, 0.000000
1927.582231, 409.739963, 0.000000
1927.666961, 409.621180, 0.000000
1927.751690, 409.502398, 0.000000
1927.836420, 409.383615, 0.000000
1927.921150, 409.264832, 0.000000
1928.017547, 409.154809, 0.000000
1928.111483, 409.043905, 0.000000
1928.195593, 408.925991, 0.000000
1928.279703, 408.808077, 0.000000
1928.363814, 408.690163, 0.000000
1928.447924, 408.572250, 0.000000
1928.532034, 408.454336, 0.000000
1928.616144, 408.336422, 0.000000
1928.700254, 408.218508, 0.000000
1928.784364, 408.100595, 0.000000
1928.868474, 407.982681, 0.000000
1928.952584, 407.864767, 0.000000
1929.036694, 407.746853, 0.000000
1929.120804, 407.628940, 0.000000
1929.204914, 407.511026, 0.000000
1929.285320, 407.390112, 0.000000
1929.369633, 407.271913, 0.000000
1929.453947, 407.153714, 0.000000
1929.548110, 407.042541, 0.000000
1929.632424, 406.924342, 0.000000
1929.716737, 406.806143, 0.000000
1929.788598, 406.678100, 0.000000
1929.873594, 406.558945, 0.000000
1929.958589, 406.439790, 0.000000
1930.043584, 406.320635, 0.000000
1930.128580, 406.201480, 0.000000
1930.213575, 406.082325, 0.000000
1930.298571, 405.963170, 0.000000
1930.390490, 405.849284, 0.000000
1930.475111, 405.730654, 0.000000
1930.559733, 405.612023, 0.000000
1930.644354, 405.493393, 0.000000
1930.728975, 405.374762, 0.000000
1930.813597, 405.256132, 0.000000
1930.891325, 405.132189, 0.000000
1930.986250, 405.020117, 0.000000
1931.071245, 404.900962, 0.000000
1931.156241, 404.781807, 0.000000
1931.241236, 404.662652, 0.000000
1931.326231, 404.543497, 0.000000
1931.411227, 404.424342, 0.000000
1931.507026, 404.313202, 0.000000
1931.591440, 404.194863, 0.000000
1931.675853, 404.076524, 1.000000
1931.805233, 403.811709, 1.000000
1931.869923, 403.679301, 1.000000
1932.048637, 403.628335, 1.000000
1932.142573, 403.517430, 1.000000
1932.207030, 403.385498, 1.000000
1932.271488, 403.253566, 1.000000
1932.335946, 403.121634, 1.000000
1932.400404, 402.989702, 1.000000
1932.464861, 402.857770, 1.000000
1932.578450, 402.760884, 1.000000
1932.539113, 402.873579, 1.000000
1932.596514, 402.738877, 1.000000
1932.643164, 402.598495, 1.000000
1932.689813, 402.458113, 1.000000
1932.714959, 402.306372, 1.000000
1932.761608, 402.165990, 0.000000
1932.882481, 401.948282, 0.000000
1932.956980, 401.822736, 0.000000
1933.021017, 401.690981, 0.000000
1933.095515, 401.565435, 0.000000
1933.170014, 401.439889, 0.000000
1933.244513, 401.314343, 0.000000
1933.319012, 401.188797, 0.000000
1933.385414, 401.058465, 0.000000
1933.459815, 400.933083, 0.000000
1933.534216, 400.807702, 0.000000
1933.608617, 400.682320, 0.000000
1933.683019, 400.556939, 0.000000
1933.746971, 400.425357, 0.000000
1933.820061, 400.299198, 0.000000
1933.894515, 400.173726, 0.000000
1933.968970, 400.048254, 0.000000
1934.043425, 399.922782, 0.000000
1934.107424, 399.791105, 0.000000
1934.181878, 399.665633, 0.000000
1934.256333, 399.540162, 0.000000
1934.330788, 399.414690, 0.000000
1934.409017, 399.291636, 0.000000
1934.472881, 399.160236, 0.000000
1934.547179, 399.035029, 0.000000
1934.621477, 398.909821, 0.000000
1934.695775, 398.784613, 0.000000
1934.770073, 398.659405, 0.000000
1934.838357, 398.530489, 0.000000
1934.902432, 398.398655, 0.000000
1934.976976, 398.273033, 0.000000
1935.051520, 398.147411, 0.000000
1935.126064, 398.021789, 0.000000
1935.200607, 397.896167, 0.000000
1935.264683, 397.764333, 0.000000
1935.339227, 397.638711, 0.000000
1935.420882, 397.517925, 1.000000
1935.484703, 397.386614, 1.000000
1935.538098, 397.249115, 1.000000
1935.581065, 397.105428, 1.000000
1935.634459, 396.967929, 1.000000
1935.708708, 396.842805, 1.000000
1935.851939, 396.758397, 1.000000
1935.915901, 396.626797, 1.000000
1935.969412, 396.488996, 1.000000
1936.022924, 396.351194, 1.000000
1936.076436, 396.213393, 1.000000
1936.129948, 396.075592, 1.000000
1936.193910, 395.943991, 1.000000
1936.365245, 395.876106, 1.000000
1936.449977, 395.757090, 1.000000
1936.503407, 395.619499, 1.000000
1936.556837, 395.481908, 1.000000
1936.620701, 395.350509, 1.000000
1936.674131, 395.212918, 1.000000
1936.758863, 395.093902, 1.000000
1936.891942, 395.003307, 1.000000
1936.955941, 394.871631, 1.000000
1937.009484, 394.733749, 1.000000
1937.063026, 394.595868, 1.000000
1937.116569, 394.457987, 1.000000
1937.170112, 394.320106, 1.000000
1937.234111, 394.188430, 0.000000
1937.313988, 394.066293, 0.000000
1937.398664, 393.947356, 0.000000
1937.472912, 393.822232, 0.000000
1937.557588, 393.703295, 0.000000
1937.706085, 393.453046, 0.000000
1937.790760, 393.334109, 0.000000
1937.804485, 393.286186, 0.000000
1937.873540, 393.157464, 0.000000
1937.953322, 393.034496, 0.000000
1938.022377, 392.905774, 0.000000
1938.091432, 392.777052, 0.000000
1938.171214, 392.654085, 0.000000
1938.247044, 392.516665, 0.000000
1938.327359, 392.394184, 0.000000
1938.396984, 392.265901, 0.000000
1938.466608, 392.137618, 0.000000
1938.546923, 392.015136, 0.000000
1938.616548, 391.886853, 0.000000
1938.686173, 391.758570, 0.000000
1938.766488, 391.636089, 0.000000
1938.838527, 391.509312, 0.000000
1938.908061, 391.381195, 0.000000
1938.988273, 391.258871, 0.000000
1939.057808, 391.130754, 0.000000
1939.138019, 391.008431, 0.000000
1939.207554, 390.880313, 0.000000
1939.277874, 390.752668, 0.000000
1939.358051, 390.630396, 0.000000
1939.427557, 390.502332, 0.000000
1939.497062, 390.374268, 0.000000
1939.577240, 390.251997, 0.000000
1939.646745, 390.123933, 0.000000
1939.716251, 389.995869, 0.000000
1939.793790, 389.872087, 0.000000
1939.863394, 389.743841, 0.000000
1939.943686, 389.621395, 0.000000
1940.013290, 389.493149, 0.000000
1940.072208, 389.359103, 1.000000
1940.131125, 389.225057, 1.000000
1940.258270, 389.128103, 1.000000
1940.338381, 389.005932, 1.000000
1940.397166, 388.872187, 1.000000
1940.455951, 388.738442, 1.000000
1940.504073, 388.598909, 1.000000
1940.562858, 388.465164, 1.000000
1940.621642, 388.331419, 1.000000
1940.701754, 388.209249, 1.000000
1940.841902, 388.119383, 1.000000
1940.900820, 387.985337, 1.000000
1940.959737, 387.851291, 1.000000
1941.018654, 387.717244, 1.000000
1941.077572, 387.583198, 1.000000
1941.147176, 387.454952, 1.000000
1941.281906, 387.362108, 1.000000
1941.340789, 387.228139, 1.000000
1941.399673, 387.094170, 1.000000
1941.458556, 386.960200, 1.000000
1941.517440, 386.826231, 1.000000
1941.565642, 386.686465, 1.000000
1941.635206, 386.558292, 1.000000
1941.762573, 386.461629, 1.000000
1941.842619, 386.339557, 1.000000
1941.912011, 386.211703, 0.000000
1941.992057, 386.089632, 0.000000
1942.061449, 385.961778, 0.000000
1942.130841, 385.833924, 0.000000
1942.210887, 385.711852, 0.000000
1942.280279, 385.583998, 0.000000
1942.353406, 385.457606, 0.000000
1942.423082, 385.329229, 0.000000
1942.492758, 385.200851, 0.000000
1942.573132, 385.078280, 0.000000
1942.642808, 384.949902, 0.000000
1942.723182, 384.827330, 0.000000
1942.799714, 384.703182, 0.000000
1942.869105, 384.575328, 0.000000
1942.949152, 384.453257, 0.000000
1943.018543, 384.325402, 0.000000
1943.087935, 384.197548, 0.000000
1943.167981, 384.075477, 0.000000
1943.237373, 383.947623, 0.000000
1943.243936, 383.977160, 0.000000
1943.301785, 383.843978, 0.000000
1943.359634, 383.710796, 0.000000
1943.428582, 383.582434, 0.000000
1943.486431, 383.449252, 0.000000
1943.555378, 383.320890, 0.000000
1943.611433, 383.178053, 0.000000
1943.670018, 383.044724, 0.000000
1943.739714, 382.916278, 0.000000
1943.798299, 382.782949, 0.000000
1943.856885, 382.649620, 0.000000
1943.926581, 382.521174, 0.000000
1943.985166, 382.387845, 0.000000
1944.054862, 382.259398, 0.000000
1944.104527, 382.121657, 0.000000
1944.163424, 381.987619, 0.000000
1944.233491, 381.858489, 0.000000
1944.292387, 381.724451, 0.000000
1944.362454, 381.595321, 0.000000
1944.489789, 381.331513, 1.000000
1944.537247, 381.193350, 1.000000
1944.584705, 381.055187, 1.000000
1944.632163, 380.917024, 1.000000
1944.679621, 380.778861, 1.000000
1944.727079, 380.640698, 1.000000
1944.785644, 380.507416, 1.000000
1944.833102, 380.369253, 1.000000
1944.957585, 380.264460, 1.000000
1945.027755, 380.135139, 1.000000
1945.075553, 379.995987, 1.000000
1945.123350, 379.856836, 1.000000
1945.171148, 379.717684, 1.000000
1945.230132, 379.583447, 1.000000
1945.356744, 379.479116, 1.000000
1945.426416, 379.350714, 1.000000
1945.484981, 379.217432, 1.000000
1945.532439, 379.079269, 1.000000
1945.579897, 378.941106, 1.000000
1945.638462, 378.807824, 1.000000
1945.685920, 378.669661, 1.000000
1945.744485, 378.536378, 1.000000
1945.860791, 378.428017, 1.000000
1945.908518, 378.289071, 1.000000
1946.015142, 378.016087, 0.000000
1946.085209, 377.886957, 0.000000
1946.144106, 377.752919, 0.000000
1946.223238, 377.627773, 0.000000
1946.281802, 377.494490, 0.000000
1946.340367, 377.361208, 0.000000
1946.410039, 377.232805, 0.000000
1946.468604, 377.099523, 0.000000
1946.538276, 376.971121, 0.000000
1946.596840, 376.837838, 0.000000
1946.655405, 376.704556, 0.000000
1946.724540, 376.575899, 0.000000
1946.783126, 376.442571, 0.000000
1946.841711, 376.309242, 0.000000
1946.911407, 376.180795, 0.000000
1946.969992, 376.047467, 0.000000
1947.039688, 375.919020, 0.000000
1947.098273, 375.785691, 0.000000
1947.156858, 375.652362, 0.000000
1947.217173, 375.519042, 0.000000
1947.276127, 375.384873, 0.000000
1947.346262, 375.255618, 0.000000
1947.405216, 375.121449, 0.000000
1947.464170, 374.987280, 0.000000
1947.534305, 374.858025, 0.000000
1947.603139, 374.728638, 0.000000
1947.661704, 374.595355, 0.000000
1947.731376, 374.466953, 0.000000
1947.789941, 374.333671, 0.000000
1947.859613, 374.205269, 0.000000
1947.918177, 374.071986, 0.000000
1947.976742, 373.938704, 0.000000
1948.046414, 373.810302, 0.000000
1948.095450, 373.672039, 0.000000
1948.165585, 373.542784, 0.000000
1948.272313, 373.269533, 1.000000
1948.308905, 373.125539, 1.000000
1948.367860, 372.991371, 1.000000
1948.394042, 373.125434, 1.000000
1948.429989, 372.985045, 1.000000
1948.442536, 372.838664, 1.000000
1948.466783, 372.695280, 1.000000
1948.502729, 372.554891, 1.000000
1948.526976, 372.411506, 1.000000
1948.551223, 372.268121, 1.000000
1948.683582, 372.047035, 1.000000
1948.740616, 371.911561, 1.000000
1948.774441, 371.768516, 1.000000
1948.808266, 371.625471, 1.000000
1948.842091, 371.482427, 1.000000
1948.875915, 371.339382, 1.000000
1948.961032, 371.213153, 1.000000
1949.017880, 371.078123, 1.000000
1949.051594, 370.935546, 1.000000
1949.085308, 370.792969, 1.000000
1949.119023, 370.650392, 1.000000
1949.152737, 370.507815, 1.000000
1949.186451, 370.365238, 1.000000
1949.243299, 370.230208, 1.000000
1949.328569, 370.103950, 1.000000
1949.362429, 369.960755, 1.000000
1949.396290, 369.817559, 1.000000
1949.430150, 369.674363, 1.000000
1949.452394, 369.527377, 1.000000
1949.497871, 369.387971, 0.000000
1949.548632, 369.250693, 0.000000
1949.593950, 369.111775, 0.000000
1949.639269, 368.972856, 0.000000
1949.684588, 368.833938, 0.000000
1949.729906, 368.695019, 0.000000
1949.775225, 368.556101, 0.000000
1949.820543, 368.417182, 0.000000
1949.862134, 368.276890, 0.000000
1949.919169, 368.141417, 0.000000
1949.964598, 368.002158, 0.000000
1950.010028, 367.862899, 0.000000
1950.055458, 367.723640, 0.000000
1950.100887, 367.584381, 0.000000
1950.150026, 367.446457, 0.000000
1950.195344, 367.307538, 0.000000
1950.240663, 367.168620, 0.000000
1950.285982, 367.029701, 0.000000
1950.331300, 366.890783, 0.000000
1950.376619, 366.751864, 0.000000
1950.421937, 366.612946, 0.000000
1950.463510, 366.472805, 0.000000
1950.508940, 366.333546, 0.000000
1950.554369, 366.194287, 0.000000
1950.599799, 366.055028, 0.000000
1950.645229, 365.915769, 0.000000
1950.702263, 365.780295, 0.000000
1950.747693, 365.641036, 0.000000
1950.800321, 365.504813, 0.000000
1950.845530, 365.366232, 0.000000
1950.890738, 365.227651, 0.000000
1950.935947, 365.089070, 0.000000
1950.981155, 364.950489, 0.000000
1951.026364, 364.811908, 0.000000
1951.071572, 364.673327, 1.000000
1951.096248, 364.527743, 1.000000
1951.130109, 364.384547, 1.000000
1951.152352, 364.237562, 1.000000
1951.186212, 364.094366, 1.000000
1951.208456, 363.947380, 1.000000
1951.242316, 363.804185, 1.000000
1951.352541, 363.686123, 1.000000
1951.386255, 363.543546, 1.000000
1951.419970, 363.400969, 1.000000
1951.442117, 363.254619, 1.000000
1951.475831, 363.112042, 1.000000
1951.509545, 362.969465, 1.000000
1951.531692, 362.823114, 1.000000
1951.611674, 362.695631, 1.000000
1951.648162, 362.723613, 1.000000
1951.667771, 362.578414, 1.000000
1951.675498, 362.430592, 1.000000
1951.695107, 362.285394, 1.000000
1951.702835, 362.137571, 1.000000
1951.722444, 361.992373, 1.000000
1951.777697, 361.855047, 1.000000
1951.861895, 361.677957, 1.000000
1951.873629, 361.530689, 1.000000
1951.873581, 361.380479, 1.000000
1951.873533, 361.230269, 1.000000
1951.908832, 361.088884, 0.000000
1951.944130, 360.947499, 0.000000
1951.991211, 360.809055, 0.000000
1952.022760, 360.666623, 0.000000
1952.058137, 360.524923, 0.000000
1952.093514, 360.383223, 0.000000
1952.140700, 360.244471, 0.000000
1952.176077, 360.102771, 0.000000
1952.211454, 359.961072, 0.000000
1952.246831, 359.819372, 0.000000
1952.282207, 359.677672, 0.000000
1952.329393, 359.538920, 0.000000
1952.373490, 359.400129, 0.000000
1952.408679, 359.259181, 0.000000
1952.443868, 359.118233, 0.000000
1952.490804, 358.980217, 0.000000
1952.525993, 358.839268, 0.000000
1952.561182, 358.698320, 0.000000
1952.595850, 358.557230, 0.000000
1952.631051, 358.416237, 0.000000
1952.678000, 358.278177, 0.000000
1952.713201, 358.137184, 0.000000
1952.748401, 357.996191, 0.000000
1952.783602, 357.855198, 0.000000
1952.830552, 357.717139, 0.000000
1952.858316, 357.573944, 0.000000
1952.893678, 357.432302, 0.000000
1952.929041, 357.290660, 0.000000
1952.964403, 357.149018, 0.000000
1953.011569, 357.010323, 0.000000
1953.046932, 356.868681, 0.000000
1953.082295, 356.727039, 0.000000
1953.117657, 356.585397, 0.000000
1953.165507, 356.446889, 0.000000
1953.200854, 356.305307, 0.000000
1953.236202, 356.163726, 1.000000
1953.259751, 356.019198, 1.000000
1953.271501, 355.871725, 1.000000
1953.283252, 355.724252, 1.000000
1953.306801, 355.579725, 1.000000
1953.318551, 355.432252, 1.000000
1953.454984, 355.316011, 1.000000
1953.490184, 355.175018, 1.000000
1953.513636, 355.031092, 1.000000
1953.537087, 354.887166, 1.000000
1953.548788, 354.740306, 1.000000
1953.572239, 354.596380, 1.000000
1953.595690, 354.452453, 1.000000
1953.689142, 354.325984, 1.000000
1953.724353, 354.184948, 1.000000
1953.736059, 354.038042, 1.000000
1953.759517, 353.894072, 1.000000
1953.782975, 353.750101, 1.000000
1953.794680, 353.603196, 1.000000
1953.829892, 353.462159, 1.000000
1953.917632, 353.333899, 1.000000
1953.941181, 353.189372, 1.000000
1953.964730, 353.044845, 1.000000
1953.988279, 352.900317, 1.000000
1954.000030, 352.752844, 1.000000
1954.023579, 352.608317, 1.000000
1954.035329, 352.460844, 1.000000
1954.058878, 352.316316, 1.000000
1954.117823, 352.180626, 0.000000
1954.164969, 352.041990, 0.000000
1954.200316, 351.900408, 0.000000
1954.235663, 351.758826, 0.000000
1954.282809, 351.620190, 0.000000
1954.318157, 351.478609, 0.000000
1954.353504, 351.337027, 0.000000
1954.388852, 351.195445, 0.000000
1954.404207, 351.178125, 0.000000
1954.429294, 351.034234, 0.000000
1954.454380, 350.890343, 0.000000
1954.491457, 350.748543, 0.000000
1954.516544, 350.604652, 0.000000
1954.541630, 350.460762, 0.000000
1954.578708, 350.318961, 0.000000
1954.603119, 350.158068, 0.000000
1954.629650, 350.014089, 0.000000
1954.668180, 349.872321, 0.000000
1954.694712, 349.728343, 0.000000
1954.721243, 349.584364, 0.000000
1954.759773, 349.442596, 0.000000
1954.786305, 349.298617, 0.000000
1954.812836, 349.154638, 0.000000
1954.851366, 349.012870, 0.000000
1954.877897, 348.868891, 0.000000
1954.904429, 348.724912, 0.000000
1954.930961, 348.580933, 0.000000
1954.969490, 348.439165, 0.000000
1954.996022, 348.295186, 0.000000
1955.022553, 348.151207, 0.000000
1955.061083, 348.009439, 0.000000
1955.087615, 347.865460, 0.000000
1955.114146, 347.721482, 0.000000
1955.152676, 347.579714, 0.000000
1955.179208, 347.435735, 0.000000
1955.205739, 347.291756, 0.000000
1955.244269, 347.149988, 0.000000
1955.270801, 347.006009, 0.000000
1955.297332, 346.862030, 0.000000
1955.335862, 346.720262, 0.000000
1955.362393, 346.576283, 0.000000
1955.376927, 346.430093, 1.000000
1955.391460, 346.283903, 1.000000
1955.501979, 346.155401, 1.000000
1955.528511, 346.011422, 1.000000
1955.543044, 345.865232, 1.000000
1955.557577, 345.719043, 1.000000
1955.572111, 345.572853, 1.000000
1955.586644, 345.426663, 1.000000
1955.613176, 345.282684, 1.000000
1955.711697, 345.151971, 1.000000
