2249.776751, -687.411129, 1.000000
2249.779899, -687.264552, 1.000000
2249.783047, -687.117975, 1.000000
2249.798393, -686.971659, 1.000000
2249.789326, -686.824818, 1.000000
2249.804706, -686.678503, 1.000000
2249.795639, -686.531664, 1.000000
2249.811002, -686.385349, 1.000000
2249.814150, -686.238772, 1.000000
2249.805083, -686.091933, 1.000000
2249.820428, -685.945617, 1.000000
2249.811362, -685.798777, 1.000000
2249.838956, -685.652724, 1.000000
2249.829889, -685.505885, 1.000000
2249.845252, -685.359570, 1.000000
2249.848400, -685.212993, 1.000000
2249.851548, -685.066416, 1.000000
2249.866894, -684.920100, 1.000000
2249.845612, -684.772997, 1.000000
2249.873206, -684.626945, 1.000000
2249.851925, -684.479843, 1.000000
2249.855073, -684.333266, 1.000000
2249.858221, -684.186689, 0.000000
2249.873583, -684.040374, 0.000000
2249.876714, -683.893796, 0.000000
2249.879862, -683.747218, 0.000000
2249.895242, -683.600903, 0.000000
2249.898390, -683.454326, 0.000000
2249.913752, -683.308011, 0.000000
2249.916900, -683.161434, 0.000000
2249.932263, -683.015120, 0.000000
2249.935394, -682.868541, 0.000000
2249.950757, -682.722226, 0.000000
2249.953922, -682.575648, 0.000000
2249.969284, -682.429334, 0.000000
2249.948662, -682.313828, 0.000000
2249.949755, -682.165715, 0.000000
2249.963192, -682.017693, 0.000000
2250.030382, -682.063725, 0.000000
2250.030875, -681.919705, 0.000000
2250.019461, -681.776637, 0.000000
2250.019953, -681.632618, 0.000000
2250.008523, -681.489552, 0.000000
2250.009016, -681.345534, 0.000000
2249.997586, -681.202468, 0.000000
2249.986141, -681.059403, 0.000000
2249.986633, -680.915383, 0.000000
2249.975203, -680.772316, 0.000000
2249.975711, -680.628296, 0.000000
2249.964281, -680.485230, 0.000000
2249.964774, -680.341211, 0.000000
2249.953344, -680.198145, 0.000000
2249.953836, -680.054126, 0.000000
2249.942391, -679.911061, 0.000000
2249.942883, -679.767041, 0.000000
2249.931454, -679.623974, 0.000000
2249.920039, -679.480907, 0.000000
2249.920531, -679.336888, 0.000000
2249.909102, -679.193822, 0.000000
2249.909594, -679.049803, 0.000000
2249.910086, -678.905785, 1.000000
2249.922486, -678.760814, 1.000000
2249.899134, -678.618700, 1.000000
2249.875797, -678.476584, 1.000000
2249.864367, -678.333518, 1.000000
2249.817171, -678.193309, 1.000000
2249.769974, -678.053100, 1.000000
2249.734700, -677.911939, 1.000000
2249.723271, -677.768873, 1.000000
2249.723747, -677.624855, 1.000000
2249.700395, -677.482740, 1.000000
2249.712825, -677.337767, 1.000000
2249.689473, -677.195654, 1.000000
2249.678044, -677.052588, 1.000000
2249.666614, -676.909521, 1.000000
2249.798250, -676.755026, 1.000000
2249.798728, -676.611008, 1.000000
2249.799220, -676.466988, 1.000000
2249.775868, -676.324874, 1.000000
2249.776375, -676.180854, 1.000000
2249.753023, -676.038740, 1.000000
2249.574683, -675.909009, 0.000000
2249.754008, -675.750703, 0.000000
2249.766423, -675.605732, 0.000000
2249.778823, -675.460761, 0.000000
2249.791238, -675.315789, 0.000000
2249.803652, -675.170817, 0.000000
2249.816081, -675.025845, 0.000000
2249.828495, -674.880874, 0.000000
2249.852832, -674.734950, 0.000000
2249.865246, -674.589979, 0.000000
2249.877661, -674.445008, 0.000000
2249.866711, -674.157923, 1.000000
2249.867216, -674.013902, 1.000000
2249.867708, -673.869884, 1.000000
2249.832434, -673.728722, 1.000000
2249.832926, -673.584704, 1.000000
2249.821497, -673.441638, 1.000000
2249.786223, -673.300477, 0.000000
2249.762858, -673.158363, 0.000000
2249.739506, -673.016249, 0.000000
2249.716166, -672.874133, 0.000000
2249.692814, -672.732019, 0.000000
2249.669463, -672.589906, 0.000000
2249.634188, -672.448745, 0.000000
2249.610836, -672.306631, 0.000000
2249.587471, -672.164518, 0.000000
2249.564119, -672.022404, 0.000000
2249.540767, -671.880289, 0.000000
2249.517428, -671.738174, 0.000000
2249.482154, -671.597013, 0.000000
2249.458802, -671.454899, 0.000000
2249.436539, -671.317049, 0.000000
2249.412883, -671.175064, 0.000000
2249.456559, -671.472162, 0.000000
2249.401003, -671.338663, 0.000000
2249.334016, -671.208841, 0.000000
2249.278475, -671.075339, 0.000000
2249.222920, -670.941841, 0.000000
2249.167365, -670.808343, 0.000000
2249.111810, -670.674845, 0.000000
2249.056255, -670.541347, 0.000000
2249.000685, -670.407853, 0.000000
2248.933698, -670.278031, 0.000000
2248.889589, -670.140851, 1.000000
2248.822603, -670.011030, 1.000000
2248.778479, -669.873855, 1.000000
2248.757217, -669.729326, 1.000000
2248.690231, -669.599505, 1.000000
2248.680387, -669.451304, 1.000000
2248.613400, -669.321482, 1.000000
2248.569276, -669.184306, 1.000000
2248.548029, -669.039772, 1.000000
2248.481042, -668.909951, 1.000000
2248.459781, -668.765423, 1.000000
2248.404226, -668.631925, 1.000000
2248.360102, -668.494750, 1.000000
2248.327395, -668.353902, 1.000000
2248.260408, -668.224080, 1.000000
2248.227730, -668.083223, 1.000000
2248.183606, -667.946048, 1.000000
2248.116620, -667.816227, 1.000000
2248.083927, -667.675375, 1.000000
2248.016941, -667.545554, 1.000000
2247.984234, -667.404707, 1.000000
2247.928678, -667.271208, 1.000000
2247.884554, -667.134032, 1.000000
2247.840445, -666.996852, 1.000000
2247.784890, -666.863354, 1.000000
2247.752197, -666.722502, 1.000000
2247.696642, -666.589004, 1.000000
2247.641087, -666.455507, 1.000000
2247.596948, -666.318336, 1.000000
2247.541393, -666.184837, 1.000000
2247.508715, -666.043979, 1.000000
2247.453160, -665.910481, 1.000000
2247.386174, -665.780661, 1.000000
2247.330619, -665.647163, 0.000000
2247.275064, -665.513665, 0.000000
2247.230924, -665.376494, 0.000000
2247.175369, -665.242996, 0.000000
2247.131245, -665.105820, 0.000000
2247.075705, -664.972317, 0.000000
2247.031581, -664.835142, 0.000000
2246.987457, -664.697967, 0.000000
2246.931902, -664.564469, 0.000000
2246.887779, -664.427294, 0.000000
2246.832208, -664.293800, 0.000000
2246.788084, -664.156625, 0.000000
2246.732544, -664.023121, 0.000000
2246.688420, -663.885946, 0.000000
2246.632865, -663.752448, 0.000000
2246.588741, -663.615273, 0.000000
2247.196198, -663.268510, 1.000000
2247.174926, -663.123985, 1.000000
2247.142233, -662.983132, 1.000000
2247.086678, -662.849633, 1.000000
2247.042565, -662.712454, 1.000000
2246.987009, -662.578956, 1.000000
2246.954317, -662.438105, 1.000000
2246.910193, -662.300930, 1.000000
2246.854638, -662.167432, 1.000000
2246.833366, -662.022906, 1.000000
2246.789242, -661.885730, 1.000000
2246.761721, -661.766043, 1.000000
2246.715630, -661.629414, 1.000000
2246.680924, -661.488943, 1.000000
2246.698295, -661.493223, 1.000000
2246.626722, -661.365636, 1.000000
2246.566191, -661.233011, 1.000000
2246.494618, -661.105423, 1.000000
2246.434097, -660.972792, 1.000000
2246.373587, -660.840157, 1.000000
2246.313067, -660.707528, 1.000000
2246.274651, -660.564811, 1.000000
2246.214131, -660.432181, 1.000000
2246.153611, -660.299551, 1.000000
2246.082027, -660.171968, 1.000000
2246.021507, -660.039337, 1.000000
2245.121007, -660.289998, 0.000000
2245.889423, -659.779116, 0.000000
2245.839955, -659.641442, 0.000000
2245.779435, -659.508812, 0.000000
2245.718915, -659.376182, 0.000000
2245.669437, -659.238513, 0.000000
2245.608916, -659.105882, 0.000000
2245.548395, -658.973252, 0.000000
2245.498937, -658.835574, 0.000000
2245.438417, -658.702944, 0.000000
2245.377897, -658.570314, 0.000000
2245.328429, -658.432640, 0.000000
2245.267908, -658.300010, 0.000000
2245.207378, -658.167384, 0.000000
2245.157910, -658.029710, 0.000000
2245.097399, -657.897075, 0.000000
2245.036878, -657.764445, 0.000000
2244.987411, -657.626772, 0.000000
2244.926890, -657.494142, 0.000000
2244.866370, -657.361512, 0.000000
2244.816892, -657.223843, 0.000000
2244.756372, -657.091212, 0.000000
2244.695851, -656.958581, 0.000000
2244.635340, -656.825946, 0.000000
2244.585872, -656.688273, 0.000000
2244.635877, -656.505209, 1.000000
2244.575356, -656.372580, 1.000000
2244.503784, -656.244993, 1.000000
2244.432201, -656.117410, 1.000000
2244.360628, -655.989822, 1.000000
2244.289064, -655.862231, 1.000000
2244.228544, -655.729601, 1.000000
2244.179076, -655.591928, 1.000000
2244.129608, -655.454254, 1.000000
2244.069088, -655.321624, 1.000000
2244.008558, -655.188998, 1.000000
2243.959090, -655.051324, 1.000000
2243.898569, -654.918693, 1.000000
2243.860163, -654.775972, 1.000000
2243.799642, -654.643342, 1.000000
2243.750174, -654.505669, 1.000000
2243.689654, -654.373039, 1.000000
2243.629134, -654.240409, 1.000000
2243.568604, -654.107782, 1.000000
2243.497031, -653.980195, 1.000000
2243.436519, -653.847560, 1.000000
2243.375999, -653.714930, 1.000000
2243.315478, -653.582300, 1.000000
2243.254958, -653.449670, 1.000000
2243.194438, -653.317040, 1.000000
2243.133909, -653.184414, 1.000000
2243.073388, -653.051783, 1.000000
2243.012867, -652.919152, 1.000000
2242.963408, -652.781475, 1.000000
2242.891835, -652.653888, 1.000000
2242.842367, -652.516215, 1.000000
2242.770794, -652.388629, 1.000000
2242.721326, -652.250955, 1.000000
2242.660797, -652.118328, 1.000000
2243.771849, -651.451097, 0.000000
2239.079155, -644.310824, 0.000000
2239.000169, -644.186711, 0.000000
2238.921178, -644.062601, 0.000000
2238.842192, -643.938488, 0.000000
2238.752389, -643.820055, 0.000000
2238.673410, -643.695938, 0.000000
2238.594424, -643.571825, 0.000000
2238.515438, -643.447712, 0.000000
2238.436453, -643.323599, 0.000000
2238.346651, -643.205167, 0.000000
2238.267659, -643.081057, 0.000000
2238.188673, -642.956944, 0.000000
2238.109687, -642.832830, 0.000000
2238.019892, -642.714394, 0.000000
2237.940906, -642.590281, 0.000000
2237.861921, -642.466168, 0.000000
2237.782935, -642.342055, 0.000000
2237.693133, -642.223623, 0.000000
2237.614140, -642.099513, 0.000000
2237.535154, -641.975399, 0.000000
2237.456168, -641.851286, 0.000000
2237.383411, -641.745524, 0.000000
2237.291585, -641.628498, 0.000000
2237.234865, -641.531948, 1.000000
2237.139440, -641.417424, 1.000000
2237.054589, -641.296709, 1.000000
2236.959155, -641.182189, 1.000000
2236.874304, -641.061474, 1.000000
2236.800037, -640.934564, 1.000000
2236.725762, -640.807661, 1.000000
2236.640911, -640.686946, 1.000000
2236.556061, -640.566232, 1.000000
2236.471210, -640.445518, 1.000000
2236.396927, -640.318619, 1.000000
2236.312076, -640.197904, 1.000000
2236.227225, -640.077189, 1.000000
2236.142383, -639.956469, 1.000000
2236.046957, -639.841945, 0.000000
2235.962107, -639.721230, 0.000000
2235.887832, -639.594327, 0.000000
2235.802981, -639.473612, 0.000000
2235.718122, -639.352903, 0.000000
2235.643846, -639.225998, 0.000000
2235.558995, -639.105283, 0.000000
2235.484729, -638.978374, 0.000000
2235.399878, -638.857660, 0.000000
2235.325603, -638.730756, 0.000000
2235.240753, -638.610042, 0.000000
2235.155902, -638.489328, 0.000000
2235.081618, -638.362429, 0.000000
2234.996767, -638.241714, 0.000000
2234.922491, -638.114809, 0.000000
2234.837650, -637.994089, 0.000000
2234.763375, -637.867185, 0.000000
2234.678525, -637.746471, 0.000000
2234.593674, -637.625757, 0.000000
2234.519399, -637.498853, 0.000000
2234.434539, -637.378144, 0.000000
2234.360263, -637.251239, 0.000000
2234.275422, -637.130519, 0.000000
2234.190571, -637.009804, 0.000000
2234.116296, -636.882901, 0.000000
2234.031446, -636.762186, 0.000000
2233.957171, -636.635283, 0.000000
2233.872311, -636.514574, 0.000000
2233.798035, -636.387669, 0.000000
2233.713184, -636.266954, 0.000000
2233.628343, -636.146234, 0.000000
2233.554068, -636.019330, 0.000000
2233.469218, -635.898616, 0.000000
2233.394943, -635.771712, 0.000000
2233.310092, -635.650998, 0.000000
2233.225231, -635.530289, 0.000000
2233.150956, -635.403385, 0.000000
2233.066105, -635.282670, 0.000000
2232.991840, -635.155759, 0.000000
2232.906989, -635.035045, 0.000000
2232.843290, -634.901952, 1.000000
2232.758439, -634.781238, 1.000000
2232.673589, -634.660523, 1.000000
2232.599303, -634.533625, 1.000000
2232.525027, -634.406721, 1.000000
2232.440176, -634.286005, 1.000000
2232.365912, -634.159095, 1.000000
2232.281061, -634.038381, 1.000000
2232.206786, -633.911477, 1.000000
2232.132511, -633.784574, 1.000000
2232.047661, -633.663859, 1.000000
2231.973375, -633.536961, 1.000000
2231.888524, -633.416246, 1.000000
2231.824834, -633.283146, 1.000000
2231.739984, -633.162431, 1.000000
2231.665709, -633.035528, 1.000000
2231.591433, -632.908624, 1.000000
2231.506583, -632.787910, 1.000000
2231.432297, -632.661012, 1.000000
2231.358022, -632.534108, 1.000000
2231.273170, -632.413392, 1.000000
2231.082330, -632.184336, 0.000000
2231.008055, -632.057432, 0.000000
2230.974361, -631.914734, 0.000000
2230.901618, -631.791083, 0.000000
2230.818597, -631.678500, 0.000000
2230.744925, -631.554011, 0.000000
2230.681628, -631.423383, 0.000000
2230.607968, -631.298889, 0.000000
2230.534298, -631.174401, 0.000000
2230.460627, -631.049913, 0.000000
2230.386957, -630.925425, 0.000000
2230.313286, -630.800938, 0.000000
2230.239604, -630.676456, 0.000000
2230.165933, -630.551968, 0.000000
2230.092262, -630.427479, 0.000000
2230.018602, -630.302984, 0.000000
2229.944932, -630.178496, 0.000000
2229.871261, -630.054009, 0.000000
2229.797591, -629.929521, 0.000000
2229.734294, -629.798894, 0.000000
2229.660612, -629.674412, 0.000000
2229.586941, -629.549924, 0.000000
2229.513270, -629.425435, 0.000000
2229.439610, -629.300940, 0.000000
2229.365940, -629.176453, 0.000000
2229.292269, -629.051965, 0.000000
2229.218598, -628.927477, 0.000000
2229.144928, -628.802989, 0.000000
2229.071246, -628.678508, 0.000000
2228.997575, -628.554019, 0.000000
2228.923904, -628.429531, 0.000000
2228.850244, -628.305036, 0.000000
2228.786947, -628.174409, 0.000000
2228.713277, -628.049921, 0.000000
2228.639606, -627.925433, 0.000000
2228.565936, -627.800946, 0.000000
2228.492254, -627.676464, 0.000000
2228.418583, -627.551975, 0.000000
2228.365660, -627.415208, 1.000000
2228.292000, -627.290714, 1.000000
2228.218329, -627.166226, 1.000000
2228.144659, -627.041738, 1.000000
2228.070988, -626.917250, 1.000000
2227.997317, -626.792763, 1.000000
2227.923636, -626.668281, 1.000000
2227.849965, -626.543792, 1.000000
2227.776294, -626.419304, 1.000000
2227.713008, -626.288670, 1.000000
2227.639337, -626.164182, 1.000000
2227.565666, -626.039694, 1.000000
2227.491996, -625.915207, 1.000000
2227.418325, -625.790719, 1.000000
2227.344644, -625.666237, 1.000000
2227.270973, -625.541748, 1.000000
2227.197302, -625.417260, 1.000000
2227.123642, -625.292765, 1.000000
2227.049971, -625.168278, 1.000000
2226.976300, -625.043790, 1.000000
2226.902630, -624.919302, 1.000000
2226.808211, -624.807093, 0.000000
2226.734530, -624.682611, 0.000000
2226.660859, -624.558122, 0.000000
2226.587188, -624.433634, 0.000000
2226.513527, -624.309139, 0.000000
2226.439857, -624.184651, 0.000000
2226.366186, -624.060164, 0.000000
2226.292516, -623.935676, 0.000000
2226.218845, -623.811188, 0.000000
2226.145164, -623.686706, 0.000000
2226.071493, -623.562218, 0.000000
2225.997821, -623.437729, 0.000000
2225.924161, -623.313235, 0.000000
2225.850491, -623.188747, 0.000000
2225.776820, -623.064259, 0.000000
2225.703150, -622.939771, 0.000000
2225.629479, -622.815283, 0.000000
2225.555798, -622.690802, 0.000000
2225.482126, -622.566313, 0.000000
2225.408455, -622.441825, 0.000000
2225.334795, -622.317330, 0.000000
2225.261125, -622.192842, 0.000000
2225.187454, -622.068354, 0.000000
2225.077687, -621.948537, 0.000000
2225.003405, -621.821021, 0.000000
2224.931604, -621.659608, 0.000000
2224.860208, -621.532262, 0.000000
2224.788813, -621.404916, 0.000000
2224.717428, -621.277564, 0.000000
2224.646033, -621.150219, 0.000000
2224.574638, -621.022874, 0.000000
2224.503243, -620.895529, 0.000000
2224.431848, -620.768184, 0.000000
2224.360452, -620.640839, 0.000000
2224.289046, -620.513499, 0.000000
2224.217650, -620.386153, 0.000000
2224.146255, -620.258807, 0.000000
2224.074870, -620.131456, 0.000000
2224.003475, -620.004111, 0.000000
2223.932080, -619.876765, 0.000000
2223.871297, -619.743471, 1.000000
2223.799902, -619.616126, 1.000000
2223.717884, -619.494736, 1.000000
2223.646488, -619.367390, 1.000000
2223.575092, -619.240044, 1.000000
2223.482484, -619.124591, 1.000000
2223.411089, -618.997246, 1.000000
2223.339693, -618.869901, 1.000000
2223.257686, -618.748506, 1.000000
2223.186291, -618.621160, 1.000000
2223.114896, -618.493815, 1.000000
2223.032877, -618.372426, 1.000000
2222.950869, -618.251029, 1.000000
2222.879474, -618.123683, 1.000000
2222.808090, -617.996332, 1.000000
2222.726083, -617.874936, 1.000000
2222.654687, -617.747591, 1.000000
2222.583292, -617.620246, 1.000000
2222.501285, -617.498850, 1.000000
2222.419266, -617.377461, 1.000000
2222.337258, -617.256065, 1.000000
2222.265863, -617.128719, 1.000000
2222.183867, -617.007316, 0.000000
2222.112472, -616.879971, 0.000000
2222.030464, -616.758575, 0.000000
2221.959069, -616.631230, 0.000000
2221.887674, -616.503885, 0.000000
2221.816279, -616.376540, 0.000000
2221.734260, -616.255151, 0.000000
2221.662864, -616.127805, 0.000000
2221.591468, -616.000459, 0.000000
2221.520085, -615.873107, 0.000000
2221.438078, -615.751711, 0.000000
2221.366683, -615.624366, 0.000000
2221.295287, -615.497021, 0.000000
2221.223892, -615.369676, 0.000000
2221.141873, -615.248287, 0.000000
2221.070477, -615.120941, 0.000000
2220.999082, -614.993595, 0.000000
2220.927698, -614.866242, 0.000000
2220.845691, -614.744847, 0.000000
2220.774296, -614.617502, 0.000000
2220.702901, -614.490157, 0.000000
2220.631506, -614.362812, 0.000000
2220.549498, -614.241416, 0.000000
2220.478091, -614.114077, 0.000000
2220.406695, -613.986731, 0.000000
2220.335299, -613.859385, 0.000000
2220.253304, -613.737983, 0.000000
2220.181909, -613.610637, 0.000000
2220.110514, -613.483292, 0.000000
2220.039119, -613.355947, 0.000000
2219.957112, -613.234552, 0.000000
2219.885704, -613.107213, 0.000000
2219.814308, -612.979867, 0.000000
2219.742913, -612.852521, 0.000000
2219.660918, -612.731118, 0.000000
2219.589522, -612.603773, 0.000000
2219.518127, -612.476428, 0.000000
2219.446732, -612.349083, 0.000000
2219.364725, -612.227687, 0.000000
2219.293330, -612.100342, 0.000000
2219.232534, -611.967054, 1.000000
2219.150526, -611.845658, 1.000000
2219.068518, -611.724261, 1.000000
2218.986524, -611.602858, 1.000000
2218.915128, -611.475513, 1.000000
2218.806547, -611.246371, 1.000000
2218.742646, -611.116289, 1.000000
2218.678745, -610.986206, 1.000000
2218.602872, -610.858273, 1.000000
2218.539203, -610.728104, 1.000000
2218.475533, -610.597936, 1.000000
2218.411877, -610.467761, 1.000000
2218.348207, -610.337594, 1.000000
2218.284538, -610.207426, 1.000000
2218.220869, -610.077259, 1.000000
2218.157200, -609.947092, 1.000000
2218.082684, -609.822230, 1.000000
2218.008154, -609.697374, 1.000000
2217.944484, -609.567206, 1.000000
2217.880815, -609.437037, 1.000000
2217.806311, -609.312169, 0.000000
2217.742642, -609.182002, 0.000000
2217.678973, -609.051834, 0.000000
2217.615304, -608.921667, 0.000000
2217.540788, -608.796805, 0.000000
2217.477105, -608.666644, 0.000000
2217.413436, -608.536475, 0.000000
2217.349766, -608.406307, 0.000000
2217.286110, -608.276132, 0.000000
2217.222441, -608.145965, 0.000000
2217.158772, -608.015798, 0.000000
2217.084255, -607.890936, 0.000000
2217.020586, -607.760768, 0.000000
2216.956917, -607.630601, 0.000000
2216.893234, -607.500440, 0.000000
2216.829565, -607.370271, 0.000000
2216.765895, -607.240103, 0.000000
2216.702239, -607.109929, 0.000000
2216.638570, -606.979761, 0.000000
2216.564054, -606.854899, 0.000000
2216.500385, -606.724732, 0.000000
2216.436716, -606.594565, 0.000000
2216.373033, -606.464404, 0.000000
2216.309363, -606.334235, 0.000000
2216.245694, -606.204067, 0.000000
2216.182038, -606.073892, 0.000000
2216.107522, -605.949030, 0.000000
2216.043852, -605.818863, 0.000000
2215.980183, -605.688696, 0.000000
2215.916514, -605.558528, 0.000000
2215.852845, -605.428361, 0.000000
2215.789162, -605.298199, 0.000000
2215.725493, -605.168031, 0.000000
2215.661823, -605.037862, 0.000000
2215.587320, -604.912994, 0.000000
2215.523651, -604.782826, 0.000000
2215.459982, -604.652659, 0.000000
2215.396313, -604.522492, 0.000000
2215.332644, -604.392324, 0.000000
2215.268961, -604.262163, 0.000000
2215.205291, -604.131995, 0.000000
2215.130774, -604.007132, 0.000000
2215.067119, -603.876957, 0.000000
2215.003449, -603.746790, 0.000000
2214.939780, -603.616623, 0.000000
2214.897806, -603.475844, 1.000000
2214.834137, -603.345676, 1.000000
2214.770468, -603.215509, 1.000000
2214.695937, -603.090653, 1.000000
2214.632268, -602.960485, 1.000000
2214.579445, -602.825010, 1.000000
2214.526637, -602.689530, 1.000000
2214.473815, -602.554057, 1.000000
2214.410146, -602.423890, 1.000000
2214.357324, -602.288417, 1.000000
2214.304503, -602.152943, 1.000000
2214.251668, -602.017477, 1.000000
2214.198845, -601.882002, 1.000000
2214.135176, -601.751834, 1.000000
2214.071519, -601.621659, 1.000000
2214.018698, -601.486186, 1.000000
2213.955028, -601.356019, 1.000000
2213.880512, -601.231157, 0.000000
2213.816843, -601.100990, 0.000000
2213.764021, -600.965516, 0.000000
2213.700339, -600.835355, 0.000000
2213.636669, -600.705186, 0.000000
2213.573000, -600.575018, 0.000000
2213.486534, -600.333493, 0.000000
2213.430491, -600.200380, 0.000000
2213.311865, -599.905242, 0.000000
2213.267750, -599.767522, 0.000000
2213.235112, -599.626125, 0.000000
2213.190984, -599.488409, 0.000000
2213.146869, -599.350687, 0.000000
2213.102754, -599.212966, 0.000000
2213.058653, -599.075240, 0.000000
2213.026015, -598.933844, 0.000000
2212.981900, -598.796123, 0.000000
2212.937785, -598.658403, 0.000000
2212.893671, -598.520682, 0.000000
2212.861033, -598.379286, 0.000000
2212.816904, -598.241569, 0.000000
2212.772790, -598.103847, 0.000000
2212.728675, -597.966126, 0.000000
2212.696050, -597.824725, 0.000000
2212.651935, -597.687004, 0.000000
2212.607821, -597.549284, 0.000000
2212.563706, -597.411563, 0.000000
2212.531068, -597.270166, 0.000000
2212.486940, -597.132450, 0.000000
2212.442825, -596.994729, 0.000000
2212.398710, -596.857007, 0.000000
2212.354609, -596.719282, 0.000000
2212.321971, -596.577885, 0.000000
2212.277856, -596.440164, 0.000000
2212.233741, -596.302444, 0.000000
2212.189627, -596.164723, 0.000000
2212.156989, -596.023327, 0.000000
2212.112861, -595.885610, 0.000000
2212.080223, -595.744212, 1.000000
2212.013154, -595.613843, 1.000000
2211.957576, -595.479794, 1.000000
2211.924938, -595.338398, 1.000000
2211.869347, -595.204353, 1.000000
2211.813755, -595.070309, 1.000000
2211.781117, -594.928912, 1.000000
2211.725512, -594.794872, 1.000000
2211.681397, -594.657151, 1.000000
2211.637283, -594.519429, 1.000000
2211.593181, -594.381704, 1.000000
2211.549066, -594.243983, 1.000000
2211.504952, -594.106263, 1.000000
2211.449360, -593.972219, 1.000000
2211.393769, -593.838174, 1.000000
2211.349654, -593.700454, 1.000000
2211.305526, -593.562737, 1.000000
2211.261411, -593.425016, 1.000000
2211.217296, -593.287294, 1.000000
2211.173195, -593.149569, 1.000000
2211.117603, -593.015525, 0.000000
2211.073489, -592.877804, 0.000000
2211.029374, -592.740084, 0.000000
2210.985260, -592.602363, 0.000000
2210.941131, -592.464647, 0.000000
2210.897016, -592.326926, 0.000000
2210.852901, -592.189204, 0.000000
2210.808800, -592.051479, 0.000000
2210.764685, -591.913758, 0.000000
2210.720571, -591.776038, 0.000000
2210.676456, -591.638317, 0.000000
2210.632341, -591.500597, 0.000000
2210.588227, -591.362876, 0.000000
2210.544098, -591.225159, 0.000000
2210.499983, -591.087438, 0.000000
2210.455868, -590.949716, 0.000000
2210.411767, -590.811991, 0.000000
2210.367653, -590.674271, 0.000000
2210.323538, -590.536550, 0.000000
2210.279423, -590.398830, 0.000000
2210.223832, -590.264786, 0.000000
2210.179704, -590.127069, 0.000000
2210.135589, -589.989348, 0.000000
2210.091474, -589.851626, 0.000000
2210.047372, -589.713901, 0.000000
2210.003258, -589.576180, 0.000000
2209.959143, -589.438460, 0.000000
2209.915029, -589.300739, 0.000000
2209.870914, -589.163019, 0.000000
2209.826799, -589.025298, 0.000000
2209.782671, -588.887582, 0.000000
2209.738556, -588.749860, 0.000000
2209.694441, -588.612139, 0.000000
2209.613899, -588.435730, 0.000000
2209.572458, -588.295163, 0.000000
2209.484478, -587.919873, 0.000000
2209.460317, -587.775880, 0.000000
2209.436156, -587.631886, 0.000000
2209.411995, -587.487893, 0.000000
2209.387819, -587.343901, 0.000000
2209.375657, -587.197893, 1.000000
2209.339496, -587.055912, 1.000000
2209.327349, -586.909903, 1.000000
2209.303187, -586.765909, 1.000000
2209.279026, -586.621916, 1.000000
2209.242866, -586.479936, 1.000000
2209.230704, -586.333929, 1.000000
2209.194543, -586.191950, 1.000000
2209.170367, -586.047958, 1.000000
2209.146206, -585.903964, 1.000000
2209.134044, -585.757956, 1.000000
2209.109897, -585.613960, 1.000000
2209.097735, -585.467953, 1.000000
2209.073574, -585.323959, 1.000000
2209.037413, -585.181980, 1.000000
2209.013252, -585.037986, 1.000000
2208.989091, -584.893993, 1.000000
2208.964915, -584.750001, 1.000000
2208.952754, -584.603994, 1.000000
2208.928592, -584.459999, 1.000000
2208.892446, -584.318016, 1.000000
2208.856285, -584.176036, 0.000000
2208.844123, -584.030030, 0.000000
2208.819962, -583.886036, 0.000000
2208.807800, -583.740029, 0.000000
2208.783639, -583.596036, 0.000000
2208.771463, -583.450032, 0.000000
2208.747302, -583.306037, 0.000000
2208.735140, -583.160029, 0.000000
2208.710992, -583.016033, 0.000000
2208.686831, -582.872039, 0.000000
2208.674669, -582.726033, 0.000000
2208.650508, -582.582039, 0.000000
2208.638346, -582.436032, 0.000000
2208.614185, -582.292039, 0.000000
2208.602023, -582.146032, 0.000000
2208.577848, -582.002040, 0.000000
2208.565686, -581.856032, 0.000000
2208.541525, -581.712038, 0.000000
2208.517377, -581.568042, 0.000000
2208.505215, -581.422035, 0.000000
2208.481054, -581.278042, 0.000000
2208.468892, -581.132035, 0.000000
2208.444731, -580.988042, 0.000000
2208.432569, -580.842035, 0.000000
2208.408395, -580.698043, 0.000000
2208.396233, -580.552036, 0.000000
2208.372072, -580.408041, 0.000000
2208.347923, -580.264045, 0.000000
2208.335762, -580.118038, 0.000000
2208.311600, -579.974045, 0.000000
2208.299439, -579.828038, 0.000000
2208.275277, -579.684045, 0.000000
2208.263116, -579.538038, 0.000000
2208.238941, -579.394047, 0.000000
2208.226780, -579.248039, 0.000000
2208.202618, -579.104044, 0.000000
2208.178470, -578.960048, 0.000000
2208.166308, -578.814041, 0.000000
2208.142147, -578.670048, 0.000000
2208.129985, -578.524041, 0.000000
2208.105824, -578.380048, 0.000000
2208.093662, -578.234041, 0.000000
2208.069488, -578.090050, 1.000000
2208.045327, -577.946055, 1.000000
2208.033165, -577.800048, 1.000000
2208.009016, -577.656051, 1.000000
2207.984855, -577.512058, 1.000000
2207.972693, -577.366051, 1.000000
2207.936532, -577.224071, 1.000000
2207.912371, -577.080078, 1.000000
2207.888210, -576.936084, 1.000000
2207.864049, -576.792091, 1.000000
2207.839875, -576.648099, 1.000000
2207.827713, -576.502091, 1.000000
2207.803551, -576.358097, 1.000000
2207.779403, -576.214101, 1.000000
2207.755241, -576.070108, 1.000000
2207.743080, -575.924101, 1.000000
2207.718918, -575.780108, 1.000000
2207.694757, -575.636114, 1.000000
2207.682595, -575.490107, 1.000000
2207.658422, -575.346116, 1.000000
2207.634260, -575.202121, 1.000000
2207.586100, -575.062154, 0.000000
2207.561951, -574.918158, 0.000000
2207.537790, -574.774164, 0.000000
2207.525628, -574.628158, 0.000000
2207.516076, -574.498238, 0.000000
2207.490772, -574.355537, 0.000000
2207.465468, -574.212835, 0.000000
2207.426922, -574.108693, 0.000000
2207.410276, -573.962597, 0.000000
2207.381655, -573.818886, 0.000000
2207.353046, -573.675174, 0.000000
2207.324424, -573.531464, 0.000000
2207.295803, -573.387754, 0.000000
2207.279158, -573.241660, 0.000000
2207.250537, -573.097950, 0.000000
2207.221915, -572.954240, 0.000000
2207.193282, -572.810533, 0.000000
2207.164660, -572.666822, 0.000000
2207.148015, -572.520726, 0.000000
2207.119406, -572.377013, 0.000000
2207.090784, -572.233304, 0.000000
2207.062163, -572.089594, 0.000000
2207.016897, -571.799789, 0.000000
2206.988275, -571.656080, 0.000000
2206.959642, -571.512372, 0.000000
2253.575539, -687.492712, 1.000000
2253.578687, -687.346135, 1.000000
2253.594050, -687.199821, 1.000000
2253.609423, -687.053505, 1.000000
2253.612571, -686.906927, 1.000000
2253.640138, -686.760874, 1.000000
2253.631071, -686.614035, 1.000000
2253.658648, -686.467982, 1.000000
2253.661796, -686.321405, 1.000000
2253.677159, -686.175091, 1.000000
2253.680318, -686.028513, 1.000000
2253.671251, -685.881672, 1.000000
2253.698817, -685.735619, 1.000000
2253.689751, -685.588780, 1.000000
2253.705113, -685.442465, 1.000000
2253.696047, -685.295626, 1.000000
2253.699194, -685.149049, 1.000000
2253.714569, -685.002734, 1.000000
2253.705502, -684.855893, 1.000000
2253.733068, -684.709840, 1.000000
2253.724001, -684.563001, 1.000000
2253.739364, -684.416686, 1.000000
2253.742512, -684.270109, 1.000000
2253.745659, -684.123532, 1.000000
2253.748819, -683.976954, 1.000000
2253.739752, -683.830114, 1.000000
2253.779533, -683.684323, 1.000000
2253.770466, -683.537484, 1.000000
2253.798043, -683.391431, 1.000000
2253.801191, -683.244854, 1.000000
2253.804339, -683.098277, 1.000000
2253.831929, -682.952224, 1.000000
2253.822862, -682.805384, 1.000000
2253.850427, -682.659331, 1.000000
2253.853575, -682.512754, 1.000000
2253.886006, -682.342901, 1.000000
2253.874757, -682.194697, 1.000000
2253.875851, -682.046584, 1.000000
2253.821662, -681.760833, 1.000000
2253.798310, -681.618719, 1.000000
2253.798790, -681.474700, 1.000000
2253.775438, -681.332587, 1.000000
2253.764008, -681.189521, 1.000000
2253.764501, -681.045502, 1.000000
2253.741149, -680.903388, 1.000000
2253.741653, -680.759369, 1.000000
2253.730223, -680.616302, 1.000000
2253.706871, -680.474187, 1.000000
2253.707352, -680.330169, 1.000000
2253.684000, -680.188055, 1.000000
2253.684492, -680.044037, 1.000000
2253.684984, -679.900018, 1.000000
2253.661632, -679.757904, 1.000000
2253.674059, -679.612932, 1.000000
2253.662629, -679.469865, 1.000000
2253.651199, -679.326798, 1.000000
2253.663602, -679.181827, 1.000000
2253.640250, -679.039714, 1.000000
2253.616898, -678.897600, 1.000000
2253.605468, -678.754534, 1.000000
2253.594038, -678.611468, 1.000000
2253.606465, -678.466495, 1.000000
2253.595035, -678.323428, 1.000000
2253.583593, -678.180362, 1.000000
2253.584086, -678.036343, 1.000000
2253.560734, -677.894230, 1.000000
2253.549304, -677.751164, 1.000000
2253.537874, -677.608098, 1.000000
2253.538366, -677.464079, 1.000000
2253.538871, -677.320059, 1.000000
2253.527441, -677.176991, 1.000000
2253.539843, -677.032021, 1.000000
2253.528414, -676.888955, 1.000000
2253.505062, -676.746841, 1.000000
2253.505554, -676.602822, 1.000000
2253.482202, -676.460709, 1.000000
2253.494629, -676.315737, 1.000000
2253.495122, -676.171717, 1.000000
2253.471770, -676.029602, 1.000000
2253.472249, -675.885584, 1.000000
2253.460819, -675.742518, 1.000000
2253.449390, -675.599452, 1.000000
2253.437960, -675.456386, 1.000000
2253.414608, -675.314272, 1.000000
2253.403191, -675.171205, 1.000000
2253.379839, -675.029090, 1.000000
2253.356487, -674.886976, 1.000000
2253.333122, -674.744863, 1.000000
2253.309770, -674.602749, 1.000000
2253.298340, -674.459683, 1.000000
2253.286911, -674.316617, 1.000000
2253.263559, -674.174503, 1.000000
2253.228789, -673.889321, 1.000000
2253.217347, -673.746255, 1.000000
2253.193995, -673.604141, 1.000000
2253.170643, -673.462028, 1.000000
2253.159213, -673.318961, 1.000000
2253.135861, -673.176848, 1.000000
2253.136354, -673.032829, 1.000000
2253.160702, -672.886904, 1.000000
2253.137350, -672.744789, 1.000000
2253.102064, -672.603628, 1.000000
2253.078712, -672.461515, 1.000000
2253.067282, -672.318449, 1.000000
2253.079697, -672.173477, 1.000000
2253.056345, -672.031364, 1.000000
2253.068772, -671.886392, 1.000000
2253.057342, -671.743325, 1.000000
2253.033990, -671.601210, 1.000000
2253.010626, -671.459097, 1.000000
2252.975351, -671.317936, 1.000000
2252.963922, -671.174870, 1.000000
2252.951045, -671.028381, 1.000000
2252.915475, -670.887375, 1.000000
2252.794505, -670.398475, 1.000000
2252.738950, -670.264976, 1.000000
2252.660532, -670.138831, 1.000000
2252.593535, -670.009013, 1.000000
2252.526548, -669.879192, 1.000000
2252.459562, -669.749371, 1.000000
2252.404007, -669.615874, 1.000000
2252.325589, -669.489730, 1.000000
2252.224318, -669.370936, 1.000000
2252.157332, -669.241114, 1.000000
2252.090336, -669.111295, 1.000000
2252.023350, -668.981474, 1.000000
2251.967795, -668.847977, 1.000000
2251.923671, -668.710802, 1.000000
2251.856685, -668.580981, 1.000000
2251.812569, -668.443803, 1.000000
2251.757014, -668.310304, 1.000000
2251.712890, -668.173128, 1.000000
2251.680189, -668.032279, 1.000000
2251.624634, -667.898781, 1.000000
2251.626235, -667.746898, 1.000000
2251.570680, -667.613400, 1.000000
2251.537987, -667.472548, 1.000000
2251.505303, -667.331693, 1.000000
2251.449748, -667.198194, 1.000000
2251.439909, -667.049990, 1.000000
2251.395785, -666.912815, 1.000000
2251.363092, -666.771963, 1.000000
2251.353262, -666.623758, 1.000000
2251.309138, -666.486583, 1.000000
2251.287886, -666.342050, 1.000000
2251.243762, -666.204875, 1.000000
2251.222501, -666.060345, 1.000000
2251.212661, -665.912142, 1.000000
2251.168537, -665.774967, 1.000000
2251.170138, -665.623084, 1.000000
2251.126014, -665.485909, 1.000000
2251.093322, -665.345057, 1.000000
2251.072071, -665.200524, 1.000000
2251.039378, -665.059671, 1.000000
2251.109556, -664.885729, 1.000000
2251.065432, -664.748554, 1.000000
2250.998446, -664.618734, 1.000000
2250.942891, -664.485236, 1.000000
2250.887336, -664.351738, 1.000000
2250.843223, -664.214559, 1.000000
2250.799099, -664.077383, 1.000000
2250.754974, -663.940207, 1.000000
2250.733702, -663.795682, 1.000000
2250.678147, -663.662184, 1.000000
2250.634023, -663.525009, 1.000000
2250.578468, -663.391511, 1.000000
2250.534344, -663.254336, 1.000000
2250.501663, -663.113480, 1.000000
2250.446107, -662.979981, 1.000000
2250.401972, -662.842809, 1.000000
2250.346417, -662.709311, 1.000000
2250.279431, -662.579490, 1.000000
2250.223876, -662.445992, 1.000000
2250.168321, -662.312494, 1.000000
2250.089913, -662.186347, 1.000000
2250.034358, -662.052848, 1.000000
2249.967371, -661.923026, 1.000000
2249.888943, -661.796885, 1.000000
2249.833388, -661.663387, 1.000000
2249.777833, -661.529889, 1.000000
2249.745141, -661.389038, 1.000000
2249.678154, -661.259217, 0.000000
2249.611177, -661.129392, 0.000000
2249.544191, -660.999570, 0.000000
2249.460154, -660.855738, 0.000000
2249.391291, -660.726790, 0.000000
2249.322428, -660.597843, 0.000000
2249.207211, -660.348380, 0.000000
2249.124586, -660.225837, 0.000000
2249.041968, -660.103289, 0.000000
2248.948290, -659.985789, 0.000000
2248.865664, -659.863245, 0.000000
2248.783031, -659.740705, 0.000000
2248.700405, -659.618161, 0.000000
2248.617780, -659.495618, 0.000000
2248.535155, -659.373075, 0.000000
2248.441477, -659.255575, 0.000000
2248.358858, -659.133028, 0.000000
2248.276232, -659.010484, 0.000000
2248.193600, -658.887943, 0.000000
2248.110975, -658.765400, 0.000000
2248.017297, -658.647900, 0.000000
2247.934671, -658.525357, 0.000000
2247.874151, -658.392727, 1.000000
2247.791531, -658.270181, 1.000000
2247.708905, -658.147637, 1.000000
2247.615227, -658.030136, 1.000000
2247.521544, -657.912638, 1.000000
2247.438918, -657.790095, 1.000000
2247.345241, -657.672595, 1.000000
2247.273668, -657.545009, 1.000000
2247.191042, -657.422466, 1.000000
2247.119473, -657.294876, 1.000000
2247.036847, -657.172332, 1.000000
2246.954218, -657.049790, 1.000000
2246.871592, -656.927247, 1.000000
2246.800020, -656.799660, 1.000000
2246.728447, -656.672074, 1.000000
2246.656874, -656.544487, 1.000000
2246.607409, -656.406812, 1.000000
2246.535836, -656.279225, 1.000000
2246.464263, -656.151637, 1.000000
2246.403739, -656.019008, 1.000000
2246.332166, -655.891422, 1.000000
2246.260593, -655.763835, 0.000000
2246.189021, -655.636249, 0.000000
2246.117448, -655.508662, 0.000000
2246.045877, -655.381073, 0.000000
2245.974304, -655.253486, 0.000000
2245.891676, -655.130943, 0.000000
2245.820103, -655.003357, 0.000000
2245.748530, -654.875770, 0.000000
2245.676957, -654.748184, 0.000000
2245.605384, -654.620597, 0.000000
2245.533814, -654.493009, 0.000000
2245.462240, -654.365422, 0.000000
2245.379614, -654.242878, 0.000000
2245.308039, -654.115292, 0.000000
2245.236467, -653.987705, 0.000000
2245.164894, -653.860119, 0.000000
2245.093321, -653.732532, 0.000000
2245.021748, -653.604946, 0.000000
2244.950176, -653.477357, 0.000000
2244.867550, -653.354813, 0.000000
2244.795976, -653.227227, 0.000000
2244.724403, -653.099640, 0.000000
2244.652830, -652.972054, 0.000000
2244.581257, -652.844467, 0.000000
2244.509685, -652.716880, 0.000000
2244.427060, -652.594337, 0.000000
2244.355487, -652.466749, 0.000000
2244.283913, -652.339162, 0.000000
2244.212340, -652.211575, 0.000000
2244.140767, -652.083989, 0.000000
2244.069194, -651.956402, 0.000000
2243.997621, -651.828815, 0.000000
2243.914996, -651.706272, 0.000000
2243.843423, -651.578685, 0.000000
2243.771849, -651.451097, 0.000000
2242.680930, -642.419124, 1.000000
2242.612760, -642.289330, 1.000000
2242.468898, -642.199291, 1.000000
2242.346647, -642.097901, 1.000000
2242.267661, -641.973787, 1.000000
2242.167023, -641.861045, 1.000000
2242.088038, -641.736932, 1.000000
2242.030684, -641.601458, 1.000000
2242.005780, -641.448941, 1.000000
2241.926794, -641.324828, 1.000000
2241.966807, -641.138215, 1.000000
2241.931085, -640.991378, 1.000000
2241.884548, -640.850222, 1.000000
2241.913703, -640.669312, 1.000000
2241.856349, -640.533838, 1.000000
2241.820628, -640.387001, 1.000000
2241.784907, -640.240165, 1.000000
2241.727554, -640.104691, 1.000000
2241.659407, -639.974885, 1.000000
2241.591237, -639.845090, 1.000000
2241.533883, -639.709615, 1.000000
2241.439141, -639.528949, 1.000000
2241.368774, -639.400196, 1.000000
2241.242910, -639.186093, 1.000000
2241.147485, -639.071569, 1.000000
2241.062634, -638.950855, 1.000000
2240.946079, -638.848696, 1.000000
2240.861228, -638.727981, 1.000000
2240.734054, -638.632037, 1.000000
2240.638629, -638.517512, 1.000000
2240.532628, -638.409177, 1.000000
2240.320873, -638.362738, 1.000000
2240.236023, -638.242024, 1.000000
2240.087739, -638.158436, 1.000000
2239.960587, -638.062480, 1.000000
2239.865160, -637.947954, 1.000000
2239.727415, -637.858198, 1.000000
2239.642564, -637.737484, 1.000000
2239.525988, -637.635338, 1.000000
2239.409412, -637.533193, 1.000000
2239.324561, -637.412479, 1.000000
2239.208002, -637.310323, 1.000000
2239.123151, -637.189608, 1.000000
2239.038300, -637.068893, 1.000000
2238.964008, -636.941999, 1.000000
2238.879157, -636.821284, 1.000000
2238.794307, -636.700570, 1.000000
2238.698881, -636.586046, 1.000000
2238.603455, -636.471521, 1.000000
2238.550347, -636.332228, 1.000000
2238.486647, -636.199134, 1.000000
2238.422947, -636.066039, 1.000000
2238.359230, -635.932956, 1.000000
2238.274380, -635.812241, 1.000000
2238.189530, -635.691527, 1.000000
2238.115254, -635.564623, 1.000000
2238.051555, -635.431530, 1.000000
2237.987871, -635.298426, 1.000000
2237.913595, -635.171521, 1.000000
2237.797002, -635.069385, 1.000000
2237.722727, -634.942481, 1.000000
2237.659027, -634.809388, 1.000000
2237.584752, -634.682484, 1.000000
2237.510477, -634.555580, 1.000000
2237.436218, -634.428667, 1.000000
2237.351367, -634.307952, 1.000000
2237.277092, -634.181047, 1.000000
2237.181649, -634.066531, 1.000000
2237.086224, -633.952007, 1.000000
2237.011949, -633.825103, 1.000000
2236.937673, -633.698199, 1.000000
2236.863398, -633.571295, 1.000000
2236.767988, -633.456761, 1.000000
2236.683137, -633.336046, 1.000000
2236.608862, -633.209142, 1.000000
2236.534571, -633.082247, 1.000000
2236.460296, -632.955343, 1.000000
2236.375445, -632.834629, 1.000000
2236.301170, -632.707725, 1.000000
2236.237470, -632.574631, 1.000000
2236.152635, -632.453908, 1.000000
2236.067784, -632.333193, 1.000000
2235.982933, -632.212477, 1.000000
2235.908643, -632.085583, 1.000000
2235.834368, -631.958679, 1.000000
2235.728366, -631.850344, 1.000000
2235.654091, -631.723440, 1.000000
2235.579816, -631.596536, 1.000000
2235.494981, -631.475812, 1.000000
2235.399554, -631.361287, 1.000000
2235.346414, -631.222012, 1.000000
2235.282715, -631.088919, 1.000000
2235.208439, -630.962015, 1.000000
2235.113014, -630.847490, 1.000000
2235.038739, -630.720586, 1.000000
2234.975054, -630.587484, 1.000000
2234.911354, -630.454390, 1.000000
2234.826503, -630.333675, 1.000000
2234.677937, -630.079875, 1.000000
2234.614237, -629.946782, 1.000000
2234.477804, -629.853665, 1.000000
2234.415365, -629.723952, 1.000000
2234.345776, -629.591152, 1.000000
2234.272105, -629.466663, 1.000000
2234.198434, -629.342174, 1.000000
2234.114374, -629.223834, 1.000000
2234.040703, -629.099346, 1.000000
2233.967033, -628.974858, 1.000000
2233.882988, -628.856510, 1.000000
2233.819692, -628.725883, 1.000000
2233.714913, -628.619804, 1.000000
2233.641242, -628.495315, 1.000000
2233.577945, -628.364687, 1.000000
2233.504260, -628.240208, 1.000000
2233.440963, -628.109581, 1.000000
2233.356919, -627.991232, 1.000000
2233.283248, -627.866744, 1.000000
2233.209577, -627.742257, 1.000000
2233.125547, -627.623899, 1.000000
2233.051876, -627.499411, 1.000000
2232.978205, -627.374922, 1.000000
2232.904520, -627.250442, 1.000000
2232.820475, -627.132094, 1.000000
2232.746804, -627.007606, 1.000000
2232.673134, -626.883118, 1.000000
2232.599463, -626.758631, 1.000000
2232.515433, -626.640273, 1.000000
2232.421014, -626.528063, 1.000000
2232.336969, -626.409714, 1.000000
2232.273658, -626.279095, 1.000000
2232.210361, -626.148468, 1.000000
2232.136690, -626.023980, 1.000000
2232.052646, -625.905631, 1.000000
2231.978975, -625.781144, 1.000000
2231.894945, -625.662787, 1.000000
2231.821274, -625.538298, 1.000000
2231.757977, -625.407670, 1.000000
2231.673917, -625.289329, 1.000000
2231.610621, -625.158702, 1.000000
2231.516202, -625.046493, 1.000000
2231.432158, -624.928144, 1.000000
2231.358487, -624.803657, 1.000000
2231.284830, -624.679161, 1.000000
2231.200785, -624.560811, 1.000000
2231.137488, -624.430183, 1.000000
2231.063803, -624.305703, 1.000000
2230.990133, -624.181215, 1.000000
2230.916462, -624.056728, 1.000000
2230.853166, -623.926101, 1.000000
2230.177804, -624.157687, 1.000000
2230.104143, -624.033194, 1.000000
2230.040846, -623.902566, 1.000000
2229.977549, -623.771938, 1.000000
2229.893494, -623.653595, 1.000000
2229.819824, -623.529107, 1.000000
2229.746153, -623.404619, 1.000000
2229.672483, -623.280131, 1.000000
2229.598812, -623.155644, 0.000000
2229.525151, -623.031150, 0.000000
2229.451480, -622.906661, 0.000000
2229.377809, -622.782173, 0.000000
2229.314502, -622.651551, 0.000000
2229.240832, -622.527063, 0.000000
2229.167161, -622.402575, 0.000000
2229.093490, -622.278088, 0.000000
2229.019820, -622.153600, 0.000000
2228.946159, -622.029106, 0.000000
2228.872488, -621.904617, 0.000000
2228.798817, -621.780129, 0.000000
2228.725136, -621.655646, 0.000000
2228.661839, -621.525019, 0.000000
2228.588169, -621.400532, 0.000000
2228.514498, -621.276044, 0.000000
2228.440828, -621.151556, 0.000000
2228.367167, -621.027062, 0.000000
2228.293496, -620.902574, 0.000000
2228.219825, -620.778085, 0.000000
2228.146144, -620.653603, 0.000000
2228.072473, -620.529115, 0.000000
2228.009177, -620.398488, 0.000000
2227.968058, -620.264792, 0.000000
2227.893775, -620.137276, 0.000000
2227.818114, -620.041307, 0.000000
2227.746718, -619.913961, 0.000000
2227.675323, -619.786615, 0.000000
2227.603917, -619.659275, 0.000000
2227.532522, -619.531929, 0.000000
2227.461127, -619.404584, 0.000000
2227.400344, -619.271290, 0.000000
2227.328949, -619.143945, 0.000000
2227.257554, -619.016599, 0.000000
2227.186168, -618.889248, 0.000000
2227.114773, -618.761902, 0.000000
2227.043377, -618.634556, 0.000000
2226.971972, -618.507216, 0.000000
2226.900576, -618.379871, 0.000000
2226.829181, -618.252526, 0.000000
2226.757786, -618.125181, 0.000000
2226.697003, -617.991886, 0.000000
2226.625618, -617.864535, 0.000000
2226.554223, -617.737189, 0.000000
2226.482827, -617.609843, 0.000000
2226.411421, -617.482503, 0.000000
2226.340026, -617.355158, 0.000000
2226.268631, -617.227813, 0.000000
2226.197236, -617.100468, 0.000000
2226.125841, -616.973123, 0.000000
2226.065058, -616.839828, 0.000000
2225.993673, -616.712477, 0.000000
2225.922277, -616.585131, 0.000000
2225.850881, -616.457785, 0.000000
2225.779476, -616.330445, 0.000000
2225.708080, -616.203100, 0.000000
2225.636685, -616.075755, 0.000000
2225.565290, -615.948410, 0.000000
2225.493895, -615.821065, 0.000000
2225.433122, -615.687764, 0.000000
2225.361727, -615.560418, 0.000000
2225.290331, -615.433072, 0.000000
2225.218925, -615.305732, 0.000000
2225.147530, -615.178387, 0.000000
2225.076135, -615.051042, 0.000000
2225.004740, -614.923697, 0.000000
2224.933345, -614.796352, 0.000000
2224.861949, -614.669007, 0.000000
2224.801177, -614.535705, 0.000000
2224.729781, -614.408359, 0.000000
2224.658385, -614.281013, 0.000000
2224.586980, -614.153674, 0.000000
2224.515584, -614.026329, 0.000000
2224.444189, -613.898984, 0.000000
2224.372794, -613.771639, 0.000000
2224.301399, -613.644293, 0.000000
2224.230014, -613.516942, 0.000000
2224.169231, -613.383647, 0.000000
2224.097835, -613.256301, 0.000000
2224.026429, -613.128961, 0.000000
2223.955034, -613.001616, 0.000000
2223.883639, -612.874271, 0.000000
2223.812244, -612.746925, 0.000000
2223.740849, -612.619580, 0.000000
2223.669453, -612.492235, 0.000000
2223.598069, -612.364884, 0.000000
2223.537285, -612.231588, 0.000000
2223.465889, -612.104242, 0.000000
2223.394483, -611.976903, 0.000000
2223.323088, -611.849557, 0.000000
2223.251693, -611.722212, 0.000000
2223.180298, -611.594867, 0.000000
2223.108903, -611.467522, 0.000000
2223.037518, -611.340171, 0.000000
2222.966123, -611.212825, 0.000000
2222.905339, -611.079529, 0.000000
2222.833933, -610.952190, 0.000000
2222.762538, -610.824844, 0.000000
2222.691143, -610.697499, 0.000000
2222.619748, -610.570154, 1.000000
2222.537740, -610.448759, 1.000000
2222.476957, -610.315464, 1.000000
2222.384348, -610.200012, 1.000000
2222.323565, -610.066716, 1.000000
2222.262781, -609.933420, 1.000000
2222.170151, -609.817980, 1.000000
2222.098756, -609.690635, 1.000000
2222.047776, -609.654174, 1.000000
2221.973035, -609.529417, 1.000000
2221.919974, -609.394009, 1.000000
2221.846235, -609.271839, 1.000000
2221.782565, -609.141671, 1.000000
2221.729743, -609.006196, 1.000000
2221.676910, -608.870728, 1.000000
2221.613241, -608.740560, 0.000000
2221.549572, -608.610393, 0.000000
2221.485903, -608.480226, 0.000000
2221.422234, -608.350058, 0.000000
2221.358564, -608.219891, 0.000000
2221.305753, -608.084412, 0.000000
2221.242084, -607.954243, 0.000000
2221.178414, -607.824075, 0.000000
2221.114734, -607.693912, 0.000000
2221.051065, -607.563745, 0.000000
2220.987396, -607.433578, 0.000000
2220.923727, -607.303410, 0.000000
2220.860058, -607.173243, 0.000000
2220.796399, -607.043070, 0.000000
2220.743577, -606.907596, 0.000000
2220.679907, -606.777427, 0.000000
2220.616227, -606.647264, 0.000000
2220.552558, -606.517097, 0.000000
2220.488889, -606.386930, 0.000000
2220.425220, -606.256762, 0.000000
2220.361551, -606.126595, 0.000000
2220.297881, -605.996427, 0.000000
2220.234223, -605.866254, 0.000000
2220.181401, -605.730780, 0.000000
2220.117731, -605.600611, 0.000000
2220.054051, -605.470449, 0.000000
2219.990382, -605.340282, 0.000000
2219.926713, -605.210114, 0.000000
2219.863044, -605.079947, 0.000000
2219.799375, -604.949779, 0.000000
2219.735717, -604.819606, 0.000000
2219.672047, -604.689438, 0.000000
2219.619225, -604.553964, 0.000000
2219.555544, -604.423801, 0.000000
2219.491875, -604.293634, 0.000000
2219.428206, -604.163466, 0.000000
2219.353690, -604.038604, 1.000000
2219.290020, -603.908437, 1.000000
2219.237199, -603.772964, 1.000000
2219.184388, -603.637484, 1.000000
2219.131566, -603.502010, 1.000000
2219.057049, -603.377148, 1.000000
2218.993368, -603.246986, 1.000000
2218.940546, -603.111512, 1.000000
2218.876877, -602.981345, 1.000000
2218.802361, -602.856483, 1.000000
2218.749539, -602.721010, 1.000000
2218.675034, -602.596143, 1.000000
2218.611364, -602.465974, 1.000000
2218.558542, -602.330500, 1.000000
2218.484014, -602.205643, 1.000000
2218.431192, -602.070170, 1.000000
2218.378370, -601.934697, 1.000000
2218.314701, -601.804530, 0.000000
2218.251032, -601.674362, 0.000000
2218.198210, -601.538889, 0.000000
2218.134552, -601.408715, 0.000000
2218.070883, -601.278547, 0.000000
2218.007213, -601.148378, 0.000000
2217.943533, -601.018216, 0.000000
2217.879863, -600.888049, 0.000000
2217.827042, -600.752576, 0.000000
2217.763372, -600.622408, 0.000000
2217.699703, -600.492241, 0.000000
2217.636046, -600.362068, 0.000000
2217.572376, -600.231899, 0.000000
2217.508707, -600.101731, 0.000000
2217.455873, -599.966263, 0.000000
2217.392204, -599.836095, 0.000000
2217.328535, -599.705928, 0.000000
2217.264866, -599.575760, 0.000000
2217.201196, -599.445593, 0.000000
2217.148375, -599.310120, 0.000000
2217.084717, -599.179946, 0.000000
2217.021047, -599.049777, 0.000000
2216.957378, -598.919609, 0.000000
2216.936382, -598.881050, 0.000000
2216.880340, -598.747936, 0.000000
2216.892597, -598.758262, 0.000000
2216.848483, -598.620541, 0.000000
2216.804368, -598.482821, 0.000000
2216.760266, -598.345096, 0.000000
2216.716151, -598.207374, 0.000000
2216.672036, -598.069653, 0.000000
2216.639385, -597.928260, 0.000000
2216.595271, -597.790539, 0.000000
2216.551156, -597.652819, 0.000000
2216.507041, -597.515098, 0.000000
2216.462927, -597.377378, 0.000000
2216.430289, -597.235981, 0.000000
2216.386187, -597.098256, 0.000000
2216.342072, -596.960534, 0.000000
2216.297957, -596.822813, 0.000000
2216.253829, -596.685096, 1.000000
2216.209715, -596.547376, 0.000000
2216.177077, -596.405979, 0.000000
2216.132962, -596.268258, 0.000000
2216.088847, -596.130538, 0.000000
2216.044745, -595.992813, 0.000000
2216.023584, -595.847739, 0.000000
2215.956515, -595.717370, 0.000000
2215.923864, -595.575977, 1.000000
2215.902703, -595.430904, 0.000000
2215.835635, -595.300536, 0.000000
2215.791521, -595.162816, 0.000000
2215.747406, -595.025095, 0.000000
2215.703291, -594.887375, 0.000000
2215.670666, -594.745973, 1.000000
2215.626551, -594.608252, 0.000000
2215.582436, -594.470530, 0.000000
2215.538308, -594.332814, 0.000000
2215.494194, -594.195093, 0.000000
2215.461556, -594.053696, 0.000000
2215.417441, -593.915976, 0.000000
2215.373327, -593.778255, 0.000000
2215.329225, -593.640531, 0.000000
2215.285110, -593.502809, 0.000000
2215.240995, -593.365088, 0.000000
2215.208344, -593.223694, 0.000000
2215.164229, -593.085974, 0.000000
2215.120114, -592.948253, 0.000000
2215.076000, -592.810533, 0.000000
2215.031885, -592.672812, 0.000000
2214.987771, -592.535092, 0.000000
2214.955146, -592.393690, 0.000000
2214.911031, -592.255969, 0.000000
2214.866916, -592.118247, 0.000000
2214.822788, -591.980531, 0.000000
2214.778673, -591.842810, 0.000000
2214.746035, -591.701414, 0.000000
2214.701920, -591.563693, 0.000000
2214.657806, -591.425973, 0.000000
2214.613704, -591.288248, 0.000000
2214.569589, -591.150526, 0.000000
2214.525474, -591.012805, 0.000000
2214.492823, -590.871412, 0.000000
2214.448708, -590.733691, 0.000000
2214.404594, -590.595971, 0.000000
2214.360479, -590.458250, 0.000000
2214.316364, -590.320530, 0.000000
2214.272250, -590.182809, 0.000000
2214.239625, -590.041408, 0.000000
2214.195510, -589.903686, 0.000000
2214.151395, -589.765965, 0.000000
2214.107267, -589.628248, 0.000000
2214.063152, -589.490528, 0.000000
2214.030514, -589.349131, 0.000000
2213.986400, -589.211411, 0.000000
2213.942285, -589.073690, 0.000000
2213.898184, -588.935965, 0.000000
2213.854069, -588.798244, 0.000000
2213.809954, -588.660522, 0.000000
2213.777302, -588.519129, 0.000000
2213.733188, -588.381409, 0.000000
2213.689073, -588.243688, 0.000000
2213.644958, -588.105968, 1.000000
2213.612320, -587.964571, 1.000000
2213.579682, -587.823174, 1.000000
2213.535581, -587.685449, 1.000000
2213.491466, -587.547727, 1.000000
2213.458828, -587.406329, 1.000000
2213.444356, -587.306451, 0.000000
2213.391201, -587.169338, 0.000000
2213.396297, -587.263493, 0.000000
2213.372136, -587.119500, 0.000000
2213.335975, -586.977520, 0.000000
2213.311814, -586.833526, 0.000000
2213.275668, -586.691543, 0.000000
2213.251506, -586.547549, 0.000000
2213.227345, -586.403554, 0.000000
2213.191170, -586.261577, 0.000000
2213.167009, -586.117583, 0.000000
2213.130848, -585.975603, 0.000000
2213.106687, -585.831610, 0.000000
2213.082526, -585.687617, 0.000000
2213.046365, -585.545637, 0.000000
2213.022217, -585.401640, 0.000000
2212.986057, -585.259659, 0.000000
2212.961895, -585.115665, 0.000000
2212.937720, -584.971674, 0.000000
2212.901559, -584.829694, 0.000000
2212.877398, -584.685700, 0.000000
2212.841237, -584.543720, 0.000000
2212.817076, -584.399727, 0.000000
2212.792915, -584.255734, 0.000000
2212.756768, -584.113751, 0.000000
2212.732606, -583.969757, 0.000000
2212.696445, -583.827776, 0.000000
2212.672271, -583.683784, 0.000000
2212.648109, -583.539791, 0.000000
2212.611949, -583.397811, 0.000000
2212.575788, -583.255831, 1.000000
2212.563626, -583.109824, 1.000000
2212.539465, -582.965831, 1.000000
2212.515317, -582.821835, 1.000000
2212.491156, -582.677841, 1.000000
2212.466994, -582.533846, 1.000000
2212.430820, -582.391868, 1.000000
2212.406659, -582.247874, 1.000000
2212.382498, -582.103881, 1.000000
2212.358337, -581.959888, 1.000000
2212.346175, -581.813881, 1.000000
2212.322014, -581.669888, 1.000000
2212.297852, -581.525894, 1.000000
2212.261705, -581.383911, 1.000000
2212.249543, -581.237903, 1.000000
2212.225381, -581.093909, 1.000000
2212.189207, -580.951931, 1.000000
2212.189045, -580.803911, 1.000000
2212.176883, -580.657904, 1.000000
2212.164722, -580.511897, 1.000000
2212.164559, -580.363877, 1.000000
2212.164397, -580.215857, 1.000000
2212.152249, -580.069847, 0.000000
2212.128088, -579.925853, 0.000000
2212.103926, -579.781858, 0.000000
2212.091750, -579.635853, 0.000000
2212.067589, -579.491860, 0.000000
2212.043428, -579.347867, 0.000000
2212.019267, -579.203873, 0.000000
2211.995105, -579.059880, 0.000000
2211.970944, -578.915887, 0.000000
2211.946797, -578.771891, 0.000000
2211.934635, -578.625883, 0.000000
2211.910474, -578.481888, 0.000000
2211.886298, -578.337897, 0.000000
2211.862137, -578.193903, 0.000000
2211.837976, -578.049910, 0.000000
2211.813814, -577.905917, 0.000000
2211.789653, -577.761923, 0.000000
2211.777491, -577.615916, 0.000000
2211.753345, -577.471921, 0.000000
2211.729183, -577.327926, 0.000000
2211.693022, -577.185945, 1.000000
2211.668847, -577.041953, 1.000000
2211.644685, -576.897960, 1.000000
2211.632524, -576.751953, 1.000000
2211.608362, -576.607960, 1.000000
2211.596201, -576.461953, 1.000000
2211.584039, -576.315946, 1.000000
2211.559878, -576.171953, 1.000000
2211.535731, -576.027956, 1.000000
2211.523569, -575.881948, 1.000000
2211.499407, -575.737954, 1.000000
2211.475232, -575.593963, 1.000000
2211.463070, -575.447956, 1.000000
2211.438909, -575.303963, 1.000000
2211.414747, -575.159969, 1.000000
2211.402586, -575.013963, 1.000000
2211.378424, -574.869969, 1.000000
2211.342278, -574.727986, 1.000000
2211.318117, -574.583992, 1.000000
2211.305955, -574.437984, 1.000000
2211.269779, -574.296006, 1.000000
2211.245618, -574.152013, 1.000000
2211.233456, -574.006006, 1.000000
2211.190636, -573.846660, 0.000000
2211.165332, -573.703958, 0.000000
2211.128136, -573.563366, 0.000000
2211.115497, -573.374076, 0.000000
2211.086876, -573.230366, 0.000000
2211.046278, -573.089040, 0.000000
2211.017642, -572.945333, 0.000000
2210.989021, -572.801623, 0.000000
2210.948424, -572.660298, 0.000000
2210.919803, -572.516589, 0.000000
2210.891182, -572.372879, 0.000000
2210.850585, -572.231554, 0.000000
2210.821978, -572.087841, 0.000000
2210.793356, -571.944131, 0.000000
2210.752759, -571.802805, 0.000000
2210.724123, -571.659098, 0.000000
2210.695502, -571.515388, 0.000000
2210.654905, -571.374063, 0.000000
2210.597663, -571.086644, 1.000000
2210.569041, -570.942934, 1.000000
2210.540434, -570.799221, 1.000000
