1995.021358, 0.032635, 1.000000
1995.040380, -0.113654, 1.000000
1995.026527, -0.272378, 1.000000
1995.044541, -0.416957, 1.000000
1995.062555, -0.561536, 1.000000
1995.091784, -0.709437, 1.000000
1995.109535, -0.854976, 1.000000
1995.127287, -1.000514, 1.000000
1995.145039, -1.146053, 1.000000
1995.150649, -1.293072, 1.000000
1995.180529, -1.437130, 1.000000
1995.198281, -1.582668, 1.000000
1995.233784, -1.873744, 1.000000
1995.287920, -2.014844, 0.000000
1995.305684, -2.160380, 0.000000
1995.323436, -2.305919, 0.000000
1995.341187, -2.451458, 0.000000
1995.358939, -2.596997, 0.000000
1995.376678, -2.742536, 0.000000
1995.394429, -2.888074, 0.000000
1995.400053, -3.035091, 0.000000
1995.417804, -3.180629, 0.000000
1995.435556, -3.326166, 0.000000
1995.453307, -3.471704, 0.000000
1995.471071, -3.617241, 0.000000
1995.488823, -3.762779, 0.000000
1995.506575, -3.908318, 0.000000
1995.524326, -4.053857, 0.000000
1995.542065, -4.199397, 0.000000
1995.559817, -4.344934, 0.000000
1995.577568, -4.490472, 0.000000
1995.595320, -4.636010, 0.000000
1995.613071, -4.781548, 0.000000
1995.618695, -4.928565, 0.000000
1995.636459, -5.074101, 0.000000
1995.654210, -5.219640, 0.000000
1995.671962, -5.365179, 0.000000
1995.689714, -5.510718, 0.000000
1995.707453, -5.656257, 0.000000
1995.725204, -5.801795, 0.000000
1995.742956, -5.947333, 0.000000
1995.760707, -6.092870, 0.000000
1995.778459, -6.238408, 0.000000
1995.796210, -6.383946, 0.000000
1995.813974, -6.529482, 0.000000
1995.831726, -6.675021, 0.000000
1995.837350, -6.822039, 0.000000
1995.855101, -6.967578, 0.000000
1995.872840, -7.113118, 0.000000
1995.890592, -7.258655, 0.000000
1995.908343, -7.404193, 0.000000
1995.926095, -7.549731, 0.000000
1996.299759, -10.310518, 1.000000
1996.317511, -10.456055, 1.000000
1996.335262, -10.601593, 1.000000
1996.365142, -10.745652, 1.000000
1996.412786, -11.035248, 0.000000
1996.430538, -11.180787, 0.000000
1996.448289, -11.326325, 0.000000
1996.466028, -11.471865, 0.000000
1996.483779, -11.617403, 0.000000
1996.501531, -11.762940, 0.000000
1996.519283, -11.908478, 0.000000
1996.537034, -12.054016, 0.000000
1996.554786, -12.199554, 0.000000
1996.572550, -12.345090, 0.000000
1996.590302, -12.490629, 0.000000
1996.608053, -12.636168, 0.000000
1996.625805, -12.781707, 0.000000
1996.643544, -12.927246, 0.000000
1996.661295, -13.072784, 0.000000
1996.679047, -13.218322, 0.000000
1996.696798, -13.363859, 0.000000
1996.714550, -13.509397, 0.000000
1996.732301, -13.654935, 0.000000
1996.762194, -13.798992, 0.000000
1996.779946, -13.944531, 0.000000
1996.797697, -14.090070, 0.000000
1996.815449, -14.235609, 0.000000
1996.833187, -14.381148, 0.000000
1996.850939, -14.526686, 0.000000
1996.868690, -14.672224, 0.000000
1996.885675, -14.817366, 0.000000
1996.903455, -14.962840, 0.000000
1996.921236, -15.108313, 0.000000
1996.923227, -15.255223, 0.000000
1996.940873, -15.399410, 0.000000
1996.958519, -15.543597, 0.000000
1996.976165, -15.687783, 0.000000
1996.993798, -15.831971, 0.000000
1997.011444, -15.976156, 0.000000
1997.029090, -16.120342, 0.000000
1997.046736, -16.264527, 0.000000
1997.064382, -16.408713, 0.000000
1997.070012, -16.554369, 1.000000
1997.087658, -16.698555, 1.000000
1997.105317, -16.842739, 1.000000
1997.134978, -16.985455, 1.000000
1997.152624, -17.129642, 1.000000
1997.170257, -17.273830, 1.000000
1997.187903, -17.418016, 1.000000
1997.205549, -17.562201, 1.000000
1997.235210, -17.704916, 1.000000
1997.240841, -17.850572, 1.000000
1997.258486, -17.994758, 1.000000
1997.288148, -18.137473, 1.000000
1997.305807, -18.281657, 1.000000
1997.323453, -18.425844, 1.000000
1997.341099, -18.570030, 1.000000
1997.370760, -18.712746, 1.000000
1997.376377, -18.858404, 1.000000
1997.406039, -19.001119, 1.000000
1997.423685, -19.145305, 1.000000
1997.441331, -19.289490, 1.000000
1997.458976, -19.433676, 1.000000
1997.476622, -19.577862, 1.000000
1997.506284, -19.720577, 1.000000
1997.523943, -19.864761, 1.000000
1997.553604, -20.007477, 0.000000
1997.571250, -20.151664, 0.000000
1997.588883, -20.295852, 0.000000
1997.606529, -20.440038, 0.000000
1997.624175, -20.584223, 0.000000
1997.629805, -20.729879, 0.000000
1997.647451, -20.874065, 0.000000
1997.665097, -21.018250, 0.000000
1997.682743, -21.162436, 0.000000
1997.700402, -21.306620, 0.000000
1997.718048, -21.450807, 0.000000
1997.735694, -21.594993, 0.000000
1997.753340, -21.739180, 0.000000
1997.770972, -21.883367, 0.000000
1997.788618, -22.027553, 0.000000
1997.794249, -22.173209, 0.000000
1997.811894, -22.317394, 0.000000
1997.829540, -22.461580, 0.000000
1997.847186, -22.605766, 0.000000
1997.864832, -22.749951, 0.000000
1997.882491, -22.894136, 0.000000
1997.917783, -23.182509, 0.000000
1997.935416, -23.326697, 0.000000
1997.953062, -23.470883, 0.000000
1997.958692, -23.616539, 0.000000
1997.976338, -23.760724, 0.000000
1997.993984, -23.904910, 0.000000
1998.011630, -24.049095, 0.000000
1998.029276, -24.193281, 0.000000
1998.046935, -24.337465, 0.000000
1998.064581, -24.481652, 0.000000
1998.082227, -24.625838, 0.000000
1998.099873, -24.770025, 0.000000
1998.117505, -24.914212, 0.000000
1998.123136, -25.059868, 0.000000
1998.140782, -25.204054, 0.000000
1998.158428, -25.348239, 0.000000
1998.176073, -25.492425, 0.000000
1998.193719, -25.636610, 0.000000
1998.211365, -25.780796, 1.000000
1998.241040, -25.923510, 1.000000
1998.258686, -26.067697, 1.000000
1998.276331, -26.211883, 1.000000
1998.293964, -26.356071, 1.000000
1998.311610, -26.500257, 1.000000
1998.329256, -26.644443, 1.000000
1998.358917, -26.787158, 1.000000
1998.364548, -26.932814, 1.000000
1998.394209, -27.075529, 1.000000
1998.411855, -27.219714, 1.000000
1998.417498, -27.365369, 1.000000
1998.435144, -27.509556, 1.000000
1998.464806, -27.652272, 1.000000
1998.482452, -27.796458, 1.000000
1998.488069, -27.942116, 1.000000
1998.505715, -28.086302, 1.000000
1998.535377, -28.229017, 1.000000
1998.541007, -28.374673, 1.000000
1998.763534, -30.247464, 0.000000
1998.776794, -30.390945, 0.000000
1998.794458, -30.534214, 0.000000
1998.812122, -30.677484, 0.000000
1998.817846, -30.822226, 0.000000
1998.835497, -30.965496, 0.000000
1998.853160, -31.108765, 0.000000
1998.870824, -31.252033, 0.000000
1998.888487, -31.395302, 0.000000
1998.894212, -31.540043, 0.000000
1998.911875, -31.683311, 0.000000
1998.929539, -31.826580, 0.000000
1998.947215, -31.969848, 0.000000
1998.964879, -32.113117, 0.000000
1998.970604, -32.257859, 0.000000
1998.988254, -32.401130, 0.000000
1999.005918, -32.544399, 0.000000
1999.023582, -32.687667, 0.000000
1999.041245, -32.830936, 0.000000
1999.046969, -32.975677, 0.000000
1999.064633, -33.118945, 0.000000
1999.082297, -33.262214, 0.000000
1999.099973, -33.405481, 0.000000
1999.117636, -33.548751, 0.000000
1999.123361, -33.693492, 0.000000
1999.141024, -33.836762, 0.000000
1999.158676, -33.980033, 0.000000
1999.176339, -34.123301, 0.000000
1999.194003, -34.266570, 0.000000
1999.199727, -34.411311, 0.000000
1999.217391, -34.554579, 0.000000
1999.246993, -34.696376, 1.000000
1999.276596, -34.838173, 1.000000
1999.306211, -34.979968, 1.000000
1999.276118, -35.129126, 1.000000
1999.305721, -35.270924, 1.000000
1999.311433, -35.415667, 1.000000
1999.329097, -35.558935, 1.000000
1999.346760, -35.702204, 1.000000
1999.364424, -35.845473, 1.000000
1999.394026, -35.987269, 1.000000
1999.411690, -36.130538, 1.000000
1999.417414, -36.275278, 1.000000
1999.435090, -36.418546, 1.000000
1999.452754, -36.561815, 1.000000
1999.470417, -36.705085, 1.000000
1999.488081, -36.848355, 1.000000
1999.517671, -36.990153, 1.000000
1999.535335, -37.133422, 1.000000
1999.552998, -37.276691, 1.000000
1999.570662, -37.419959, 1.000000
1999.588325, -37.563228, 1.000000
1999.617928, -37.705025, 1.000000
1999.683348, -37.842405, 1.000000
1999.712963, -37.984201, 1.000000
1999.754505, -38.124527, 0.000000
1999.772169, -38.267797, 0.000000
1999.789819, -38.411068, 0.000000
1999.807483, -38.554336, 0.000000
1999.825147, -38.697605, 0.000000
1999.842810, -38.840874, 0.000000
1999.860474, -38.984142, 0.000000
1999.878137, -39.127411, 0.000000
1999.895801, -39.270679, 0.000000
1999.913477, -39.413947, 0.000000
1999.919202, -39.558688, 0.000000
1999.936865, -39.701958, 0.000000
1999.954529, -39.845228, 0.000000
1999.972180, -39.988498, 0.000000
1999.989843, -40.131767, 0.000000
2000.007507, -40.275036, 0.000000
2000.025170, -40.418304, 0.000000
2000.042834, -40.561573, 0.000000
2000.060497, -40.704841, 0.000000
2000.078161, -40.848110, 0.000000
2000.095837, -40.991378, 0.000000
2000.113501, -41.134647, 0.000000
2000.131165, -41.277917, 0.000000
2000.148815, -41.421188, 0.000000
2000.166479, -41.564457, 0.000000
2000.184142, -41.707726, 0.000000
2000.201806, -41.850994, 0.000000
2000.219469, -41.994263, 0.000000
2000.237133, -42.137531, 0.000000
2000.254796, -42.280800, 0.000000
2000.272473, -42.424067, 0.000000
2000.290137, -42.567337, 0.000000
2000.295861, -42.712079, 0.000000
2000.313525, -42.855348, 0.000000
2000.331175, -42.998619, 0.000000
2000.348839, -43.141887, 0.000000
2000.366503, -43.285156, 0.000000
2000.384166, -43.428425, 0.000000
2000.401830, -43.571693, 0.000000
2000.419493, -43.714962, 0.000000
2000.437157, -43.858231, 0.000000
2000.454833, -44.001498, 0.000000
2000.472497, -44.144768, 1.000000
2000.502100, -44.286566, 1.000000
2000.519750, -44.429837, 1.000000
2000.537414, -44.573106, 1.000000
2000.567016, -44.714902, 1.000000
2000.572741, -44.859643, 1.000000
2000.581478, -45.007340, 1.000000
2000.611128, -45.150365, 1.000000
2000.628737, -45.294857, 1.000000
2000.630537, -45.442396, 1.000000
2000.647873, -45.585612, 1.000000
2000.665209, -45.728828, 1.000000
2000.682545, -45.872044, 1.000000
2000.687934, -46.016705, 1.000000
2000.717204, -46.158475, 1.000000
2000.734540, -46.301690, 1.000000
2000.751876, -46.444905, 1.000000
2000.769212, -46.588120, 1.000000
2000.786547, -46.731335, 1.000000
2000.803896, -46.874548, 1.000000
2000.821232, -47.017764, 1.000000
2000.850503, -47.159535, 1.000000
2000.879774, -47.301307, 0.000000
2000.897096, -47.444524, 0.000000
2000.914432, -47.587739, 0.000000
2000.931768, -47.730953, 0.000000
2000.949104, -47.874168, 0.000000
2000.966440, -48.017383, 0.000000
2000.983776, -48.160598, 0.000000
2001.013046, -48.302368, 0.000000
2001.030395, -48.445582, 0.000000
2001.047731, -48.588798, 0.000000
2001.065067, -48.732014, 0.000000
2001.082390, -48.875231, 0.000000
2001.099726, -49.018446, 0.000000
2001.117062, -49.161661, 0.000000
2001.134398, -49.304876, 0.000000
2001.151733, -49.448091, 0.000000
2001.169069, -49.591306, 0.000000
2001.186405, -49.734521, 0.000000
2001.203754, -49.877734, 0.000000
2001.221090, -50.020950, 0.000000
2001.250361, -50.162722, 0.000000
2001.267684, -50.305939, 0.000000
2001.285019, -50.449154, 0.000000
2001.302355, -50.592369, 0.000000
2001.319691, -50.735584, 0.000000
2001.337027, -50.878798, 0.000000
2001.354363, -51.022013, 0.000000
2001.371699, -51.165228, 0.000000
2001.389048, -51.308442, 0.000000
2001.406384, -51.451658, 0.000000
2001.423720, -51.594874, 0.000000
2001.441056, -51.738090, 0.000000
2001.458378, -51.881306, 0.000000
2001.475714, -52.024521, 0.000000
2001.504985, -52.166291, 0.000000
2001.522321, -52.309506, 0.000000
2001.539657, -52.452721, 0.000000
2001.556992, -52.595936, 0.000000
2001.574342, -52.739149, 0.000000
2001.591678, -52.882365, 0.000000
2001.609014, -53.025581, 0.000000
2001.614415, -53.170242, 1.000000
2001.631738, -53.313458, 1.000000
2001.661008, -53.455229, 1.000000
2001.678344, -53.598444, 1.000000
2001.683745, -53.743103, 1.000000
2001.701081, -53.886318, 1.000000
2001.730351, -54.028088, 1.000000
2001.747687, -54.171303, 1.000000
2001.753102, -54.315962, 1.000000
2001.770438, -54.459178, 1.000000
2001.799709, -54.600949, 1.000000
2001.805097, -54.745611, 1.000000
2001.822432, -54.888826, 1.000000
2001.851703, -55.030596, 1.000000
2001.857104, -55.175255, 1.000000
2001.862505, -55.319915, 1.000000
2001.891776, -55.461685, 1.000000
2001.909112, -55.604900, 1.000000
2001.914526, -55.749559, 1.000000
2001.943797, -55.891330, 1.000000
2001.973068, -56.033101, 1.000000
2002.002325, -56.174874, 1.000000
2002.043530, -56.315199, 0.000000
2002.060866, -56.458414, 0.000000
2002.078201, -56.601629, 0.000000
2002.095537, -56.744844, 0.000000
2002.112873, -56.888059, 0.000000
2002.130209, -57.031274, 0.000000
2002.135624, -57.175932, 0.000000
2002.152960, -57.319148, 0.000000
2002.170296, -57.462364, 0.000000
2002.187632, -57.605580, 0.000000
2002.204954, -57.748796, 0.000000
2002.222290, -57.892011, 0.000000
2002.239626, -58.035226, 0.000000
2002.256962, -58.178441, 0.000000
2002.274298, -58.321656, 0.000000
2002.291634, -58.464871, 0.000000
2002.308983, -58.608084, 0.000000
2002.326319, -58.751300, 0.000000
2002.343655, -58.894516, 0.000000
2002.360991, -59.037732, 0.000000
2002.366379, -59.182393, 0.000000
2002.383715, -59.325608, 0.000000
2002.401050, -59.468823, 0.000000
2002.425677, -59.617918, 0.000000
2002.442562, -59.761707, 0.000000
2002.459447, -59.905496, 0.000000
2002.476333, -60.049285, 0.000000
2002.497725, -60.197046, 0.000000
2002.514322, -60.341203, 0.000000
2002.530919, -60.485360, 0.000000
2002.547502, -60.629518, 0.000000
2002.564099, -60.773674, 0.000000
2002.580696, -60.917830, 0.000000
2002.585280, -61.063369, 0.000000
2002.601877, -61.207524, 0.000000
2002.618474, -61.351680, 0.000000
2002.635071, -61.495836, 0.000000
2002.651682, -61.639991, 0.000000
2002.668279, -61.784148, 0.000000
2002.672863, -61.929688, 1.000000
2002.701459, -62.072463, 1.000000
2002.730069, -62.215236, 1.000000
2002.710627, -62.363541, 1.000000
2002.727224, -62.507697, 1.000000
2002.743821, -62.651852, 1.000000
2002.760418, -62.796008, 1.000000
2002.777015, -62.940164, 1.000000
2002.781612, -63.085702, 1.000000
2002.798209, -63.229859, 1.000000
2002.826819, -63.372632, 1.000000
2002.843417, -63.516789, 1.000000
2002.847987, -63.662330, 1.000000
2002.876597, -63.805103, 1.000000
2002.893194, -63.949258, 1.000000
2002.909791, -64.093414, 1.000000
2002.962427, -64.233421, 1.000000
2002.979024, -64.377577, 1.000000
2002.995634, -64.521731, 1.000000
2003.012232, -64.665888, 1.000000
2003.052855, -64.807278, 1.000000
2003.122074, -65.091444, 0.000000
2003.126658, -65.236983, 0.000000
2003.143255, -65.381139, 0.000000
2003.159852, -65.525295, 0.000000
2003.164436, -65.670833, 0.000000
2003.181033, -65.814989, 0.000000
2003.185617, -65.960528, 0.000000
2003.202228, -66.104683, 0.000000
2003.218825, -66.248840, 0.000000
2003.223409, -66.394380, 0.000000
2003.239992, -66.538538, 0.000000
2003.256589, -66.682694, 0.000000
2003.261173, -66.828233, 0.000000
2003.277770, -66.972389, 0.000000
2003.282354, -67.117928, 0.000000
2003.298951, -67.262083, 0.000000
2003.315548, -67.406239, 0.000000
2003.320145, -67.551777, 0.000000
2003.336742, -67.695934, 0.000000
2003.353339, -67.840091, 0.000000
2003.357910, -67.985632, 0.000000
2003.374507, -68.129788, 0.000000
2003.391104, -68.273944, 0.000000
2003.395688, -68.419483, 0.000000
2003.412285, -68.563639, 0.000000
2003.416869, -68.709178, 0.000000
2003.433466, -68.853333, 0.000000
2003.438063, -68.998871, 1.000000
2003.466673, -69.141645, 1.000000
2003.447231, -69.289951, 1.000000
2003.463828, -69.434108, 1.000000
2003.480412, -69.578265, 1.000000
2003.497009, -69.722421, 1.000000
2003.513606, -69.866577, 1.000000
2003.518190, -70.012116, 1.000000
2003.534787, -70.156272, 1.000000
2003.551384, -70.300428, 1.000000
2003.580007, -70.443199, 1.000000
2003.608617, -70.585973, 1.000000
2003.625214, -70.730129, 1.000000
2003.641811, -70.874286, 1.000000
2003.658395, -71.018444, 1.000000
2003.674992, -71.162600, 1.000000
2003.691589, -71.306756, 1.000000
2003.708186, -71.450912, 1.000000
2003.736796, -71.593684, 1.000000
2003.753393, -71.737840, 1.000000
2003.769990, -71.881996, 1.000000
2003.798613, -72.024768, 1.000000
2003.875275, -72.162009, 1.000000
2003.903885, -72.304783, 1.000000
2003.932482, -72.447558, 0.000000
2003.949079, -72.591714, 0.000000
2003.965676, -72.735870, 0.000000
2003.982273, -72.880026, 0.000000
2003.998870, -73.024182, 0.000000
2004.015466, -73.168337, 0.000000
2004.032063, -73.312493, 0.000000
2004.048674, -73.456648, 0.000000
2004.065271, -73.600805, 0.000000
2004.081868, -73.744962, 0.000000
2004.098452, -73.889120, 0.000000
2004.115049, -74.033276, 0.000000
2004.131646, -74.177432, 0.000000
2004.148243, -74.321588, 0.000000
2004.153433, -74.464682, 0.000000
2004.170067, -74.607958, 0.000000
2004.186701, -74.751235, 0.000000
2004.240438, -74.889416, 0.000000
2004.257519, -75.035538, 0.000000
2004.274599, -75.181661, 0.000000
2004.303856, -75.326359, 0.000000
2004.320922, -75.472482, 0.000000
2004.338002, -75.618603, 0.000000
2004.355082, -75.764724, 0.000000
2004.372162, -75.910845, 0.000000
2004.389242, -76.056967, 0.000000
2004.406322, -76.203088, 0.000000
2004.423416, -76.349207, 0.000000
2004.440497, -76.495329, 0.000000
2004.457577, -76.641452, 0.000000
2004.474657, -76.787574, 0.000000
2004.491723, -76.933697, 0.000000
2004.508803, -77.079818, 0.000000
2004.525883, -77.225939, 0.000000
2004.542963, -77.372060, 0.000000
2004.560043, -77.518181, 0.000000
2004.577123, -77.664302, 0.000000
2004.594217, -77.810422, 0.000000
2004.611298, -77.956544, 0.000000
2004.628378, -78.102666, 0.000000
2004.633281, -78.250212, 1.000000
2004.650347, -78.396334, 1.000000
2004.679604, -78.541032, 1.000000
2004.696684, -78.687153, 1.000000
2004.701587, -78.834698, 1.000000
2004.718667, -78.980819, 1.000000
2004.747924, -79.125516, 1.000000
2004.740665, -79.274483, 1.000000
2004.757745, -79.420605, 1.000000
2004.774825, -79.566727, 1.000000
2004.791905, -79.712849, 1.000000
2004.796795, -79.860395, 1.000000
2004.826052, -80.005093, 1.000000
2004.843132, -80.151214, 1.000000
2004.835858, -80.300182, 1.000000
2004.852938, -80.446303, 1.000000
2004.882195, -80.591001, 1.000000
2004.887112, -80.738544, 1.000000
2004.904192, -80.884666, 1.000000
2004.945626, -81.027942, 1.000000
2004.974883, -81.172640, 1.000000
2005.004126, -81.317340, 0.000000
2005.021206, -81.463461, 0.000000
2005.038286, -81.609582, 0.000000
2005.055366, -81.755703, 0.000000
2005.072446, -81.901824, 0.000000
2005.077350, -82.049369, 0.000000
2005.094444, -82.195488, 0.000000
2005.111524, -82.341611, 0.000000
2005.128604, -82.487733, 0.000000
2005.145684, -82.633855, 0.000000
2005.162750, -82.779978, 0.000000
2005.179830, -82.926099, 0.000000
2005.196910, -83.072220, 0.000000
2005.213990, -83.218341, 0.000000
2005.231071, -83.364462, 0.000000
2005.235974, -83.512006, 0.000000
2005.253068, -83.658126, 0.000000
2005.270148, -83.804248, 0.000000
2005.287228, -83.950370, 0.000000
2005.304308, -84.096493, 0.000000
2005.321375, -84.242615, 0.000000
2005.338455, -84.388737, 0.000000
2005.355535, -84.534858, 0.000000
2005.372615, -84.680979, 0.000000
2005.377518, -84.828523, 0.000000
2005.394598, -84.974644, 0.000000
2005.411692, -85.120764, 0.000000
2005.428772, -85.266886, 0.000000
2005.445852, -85.413008, 0.000000
2005.462932, -85.559130, 0.000000
2005.479999, -85.705253, 0.000000
2005.497079, -85.851374, 0.000000
2005.514159, -85.997495, 0.000000
2005.531239, -86.143616, 0.000000
2005.536142, -86.291161, 0.000000
2005.553222, -86.437282, 0.000000
2005.570316, -86.583402, 0.000000
2005.587396, -86.729524, 0.000000
2005.604476, -86.875646, 0.000000
2005.597203, -87.024615, 1.000000
2005.614270, -87.170738, 1.000000
2005.643526, -87.315435, 1.000000
2005.672783, -87.460133, 1.000000
2005.665510, -87.609101, 1.000000
2005.682590, -87.755222, 1.000000
2005.699670, -87.901343, 1.000000
2005.716763, -88.047463, 1.000000
2005.733844, -88.193585, 1.000000
2005.763101, -88.338284, 1.000000
2005.780181, -88.484406, 1.000000
2005.785071, -88.631952, 1.000000
2005.814327, -88.776650, 1.000000
2005.831407, -88.922771, 1.000000
2005.805358, -89.044061, 1.000000
2005.836124, -89.185121, 1.000000
2005.855003, -89.327754, 1.000000
2005.891782, -89.449509, 1.000000
2005.912326, -89.593513, 1.000000
2005.944871, -89.735806, 1.000000
2005.953401, -89.881524, 1.000000
2005.973945, -90.025527, 1.000000
2006.006489, -90.167819, 0.000000
2006.027033, -90.311822, 0.000000
2006.047577, -90.455825, 0.000000
2006.068121, -90.599829, 0.000000
2006.076665, -90.745544, 0.000000
2006.097223, -90.889546, 0.000000
2006.117767, -91.033550, 0.000000
2006.138311, -91.177555, 0.000000
2006.158842, -91.321561, 0.000000
2006.179386, -91.465564, 0.000000
2006.199930, -91.609568, 0.000000
2006.220474, -91.753571, 0.000000
2006.229018, -91.899286, 0.000000
2006.249562, -92.043290, 0.000000
2006.270106, -92.187293, 0.000000
2006.290663, -92.331295, 0.000000
2006.311207, -92.475300, 0.000000
2006.331752, -92.619304, 0.000000
2006.352282, -92.763310, 0.000000
2006.372826, -92.907313, 0.000000
2006.393370, -93.051316, 0.000000
2006.401914, -93.197032, 0.000000
2006.422458, -93.341035, 0.000000
2006.443002, -93.485038, 0.000000
2006.463560, -93.629040, 0.000000
2006.484104, -93.773044, 0.000000
2006.504648, -93.917049, 0.000000
2006.525192, -94.061053, 0.000000
2006.545723, -94.205059, 0.000000
2006.554267, -94.350774, 0.000000
2006.574811, -94.494777, 0.000000
2006.595355, -94.638781, 0.000000
2006.615899, -94.782784, 0.000000
2006.636443, -94.926787, 0.000000
2006.657000, -95.070789, 0.000000
2006.677544, -95.214793, 0.000000
2006.698088, -95.358798, 0.000000
2006.706619, -95.504516, 0.000000
2006.727163, -95.648520, 0.000000
2006.747707, -95.792523, 0.000000
2006.768251, -95.936526, 0.000000
2006.776795, -96.082242, 1.000000
2006.785339, -96.227957, 1.000000
2006.745881, -96.380520, 1.000000
2006.742437, -96.527946, 1.000000
2006.750981, -96.673663, 1.000000
2006.771525, -96.817667, 1.000000
2006.780057, -96.963385, 1.000000
2006.800601, -97.107388, 1.000000
2006.821145, -97.251392, 1.000000
2006.829689, -97.397107, 1.000000
2006.838233, -97.542822, 1.000000
2006.870777, -97.685114, 1.000000
2006.879321, -97.830829, 1.000000
2006.899877, -97.974832, 1.000000
2006.920421, -98.118836, 1.000000
2006.940965, -98.262840, 1.000000
2006.961497, -98.406846, 1.000000
2006.982041, -98.550849, 1.000000
2007.014586, -98.693141, 1.000000
2007.083131, -98.830296, 1.000000
2007.103675, -98.974299, 0.000000
2007.124219, -99.118303, 0.000000
2007.132775, -99.264016, 0.000000
2007.153319, -99.408021, 0.000000
2007.173863, -99.552025, 0.000000
2007.182407, -99.697741, 0.000000
2007.202939, -99.841747, 0.000000
2007.223483, -99.985750, 0.000000
2007.244027, -100.129754, 0.000000
2007.252571, -100.275469, 0.000000
2007.273115, -100.419472, 0.000000
2007.293659, -100.563476, 0.000000
2007.314215, -100.707477, 0.000000
2007.322759, -100.853194, 0.000000
2007.343303, -100.997198, 0.000000
2007.363835, -101.141204, 0.000000
2007.372379, -101.286920, 0.000000
2007.392923, -101.430923, 0.000000
2007.413467, -101.574926, 0.000000
2007.434011, -101.718930, 0.000000
2007.442555, -101.864645, 0.000000
2007.463099, -102.008648, 0.000000
2007.483655, -102.152651, 0.000000
2007.504199, -102.296655, 0.000000
2007.512743, -102.442371, 0.000000
2007.533275, -102.586377, 0.000000
2007.553819, -102.730381, 0.000000
2007.562363, -102.876096, 0.000000
2007.583815, -103.070984, 0.000000
2007.587761, -103.216399, 1.000000
2007.627728, -103.357826, 1.000000
2007.631674, -103.503240, 1.000000
2007.640642, -103.679102, 1.000000
2007.654062, -103.824940, 1.000000
2007.655328, -103.971897, 1.000000
2007.668736, -104.117736, 1.000000
2007.682155, -104.263574, 1.000000
2007.683422, -104.410530, 1.000000
2007.684688, -104.557486, 1.000000
2007.698107, -104.703323, 1.000000
2007.711527, -104.849161, 1.000000
2007.737111, -104.993880, 1.000000
2007.762684, -105.138600, 1.000000
2007.776103, -105.284439, 1.000000
2007.813817, -105.428041, 1.000000
2007.827237, -105.573879, 1.000000
2007.852809, -105.718598, 1.000000
2007.914841, -105.859963, 1.000000
2007.928261, -106.005800, 1.000000
2007.953833, -106.150520, 1.000000
2008.040184, -106.289647, 1.000000
2008.065757, -106.434367, 1.000000
2008.091330, -106.579087, 1.000000
2008.165502, -106.719335, 1.000000
2008.203227, -106.862937, 1.000000
2008.216647, -107.008774, 1.000000
2008.266526, -107.151257, 1.000000
2008.304251, -107.294858, 1.000000
2008.329824, -107.439577, 1.000000
2008.355411, -107.584295, 1.000000
2008.380983, -107.729016, 1.000000
2008.418709, -107.872618, 0.000000
2008.419961, -108.019576, 0.000000
2008.421227, -108.166532, 0.000000
2008.422494, -108.313488, 0.000000
2008.423760, -108.460444, 0.000000
2008.425026, -108.607399, 0.000000
2008.426292, -108.754355, 0.000000
2008.427559, -108.901311, 0.000000
2008.428839, -109.048267, 0.000000
2008.430105, -109.195224, 0.000000
2008.431371, -109.342181, 0.000000
2008.432624, -109.489138, 0.000000
2008.433890, -109.636094, 0.000000
2008.435157, -109.783050, 0.000000
2008.436423, -109.930006, 0.000000
2008.437689, -110.076961, 0.000000
2008.438956, -110.223917, 0.000000
2008.440235, -110.370873, 0.000000
2008.441501, -110.517830, 0.000000
2008.442767, -110.664787, 0.000000
2008.444021, -110.811744, 0.000000
2008.445287, -110.958700, 0.000000
2008.446553, -111.105656, 0.000000
2008.447820, -111.252612, 0.000000
2008.449086, -111.399568, 0.000000
2008.450352, -111.546523, 0.000000
2008.463784, -111.692360, 0.000000
2008.465050, -111.839317, 0.000000
2008.466317, -111.986274, 0.000000
2008.443265, -112.135469, 1.000000
2008.456684, -112.281306, 1.000000
2008.482256, -112.426025, 1.000000
2008.495676, -112.571863, 1.000000
2008.521248, -112.716582, 1.000000
2008.546821, -112.861302, 1.000000
2008.560252, -113.007138, 1.000000
2008.573672, -113.152977, 1.000000
2008.587091, -113.298816, 1.000000
2008.600499, -113.444655, 1.000000
2008.626071, -113.589375, 1.000000
2008.639491, -113.735212, 1.000000
2008.652910, -113.881050, 1.000000
2008.666330, -114.026887, 1.000000
2008.679749, -114.172725, 1.000000
2008.693168, -114.318563, 1.000000
2008.657987, -114.468873, 1.000000
2008.671407, -114.614712, 1.000000
2008.696979, -114.759432, 1.000000
2008.710387, -114.905271, 1.000000
2008.723806, -115.051109, 1.000000
2008.737226, -115.196946, 1.000000
2008.799258, -115.338311, 1.000000
2008.824830, -115.483030, 1.000000
2008.850403, -115.627749, 0.000000
2008.863835, -115.773586, 0.000000
2008.877254, -115.919425, 0.000000
2008.890674, -116.065264, 0.000000
2008.891928, -116.212221, 0.000000
2008.905347, -116.358059, 0.000000
2008.918766, -116.503896, 0.000000
2008.922692, -116.639965, 0.000000
2008.936924, -116.784954, 0.000000
2008.951156, -116.929942, 0.000000
2008.970289, -117.029198, 0.000000
2008.988478, -117.174496, 0.000000
2008.994559, -117.321310, 0.000000
2009.012736, -117.466609, 0.000000
2009.030925, -117.611906, 0.000000
2009.049115, -117.757202, 0.000000
2009.067304, -117.902499, 0.000000
2009.085493, -118.047796, 0.000000
2009.103682, -118.193093, 0.000000
2009.121884, -118.338389, 0.000000
2009.127965, -118.485202, 0.000000
2009.146154, -118.630500, 0.000000
2009.164331, -118.775799, 0.000000
2009.182520, -118.921096, 0.000000
2009.200710, -119.066393, 0.000000
2009.218899, -119.211690, 0.000000
2009.237088, -119.356987, 0.000000
2009.243169, -119.503799, 0.000000
2009.261370, -119.649095, 0.000000
2009.279560, -119.794393, 0.000000
2009.297749, -119.939691, 0.000000
2009.315926, -120.084990, 0.000000
2009.334115, -120.230287, 0.000000
2009.352304, -120.375583, 0.000000
2009.370494, -120.520880, 0.000000
2009.376575, -120.667693, 0.000000
2009.394764, -120.812990, 0.000000
2009.412965, -120.958285, 0.000000
2009.431154, -121.103583, 0.000000
2009.437235, -121.250397, 1.000000
2009.467521, -121.394180, 1.000000
2009.437278, -121.545540, 1.000000
2009.455467, -121.690837, 1.000000
2009.473656, -121.836134, 1.000000
2009.491845, -121.981431, 1.000000
2009.510035, -122.126727, 1.000000
2009.516127, -122.273539, 1.000000
2009.534317, -122.418837, 1.000000
2009.552506, -122.564135, 1.000000
2009.570684, -122.709434, 1.000000
2009.588873, -122.854731, 1.000000
2009.607062, -123.000027, 1.000000
2009.613143, -123.146840, 1.000000
2009.631332, -123.292137, 1.000000
2009.649521, -123.437434, 1.000000
2009.667722, -123.582729, 1.000000
2009.673803, -123.729543, 1.000000
2009.704101, -123.873325, 1.000000
2009.758603, -124.014077, 1.000000
2009.825224, -124.153311, 0.000000
2009.843413, -124.298608, 0.000000
2009.861602, -124.443904, 0.000000
2009.867684, -124.590717, 0.000000
2009.885873, -124.736014, 0.000000
2009.904074, -124.881309, 0.000000
2009.922263, -125.026607, 0.000000
2009.940452, -125.171905, 0.000000
2009.958630, -125.317204, 0.000000
2009.964711, -125.464017, 0.000000
2009.982900, -125.609314, 0.000000
2010.001089, -125.754611, 0.000000
2010.019278, -125.899907, 0.000000
2010.037468, -126.045204, 0.000000
2010.055669, -126.190500, 0.000000
2010.073858, -126.335798, 0.000000
2010.079939, -126.482612, 0.000000
2010.098117, -126.627911, 0.000000
2010.116306, -126.773207, 0.000000
2010.134495, -126.918504, 0.000000
2010.152684, -127.063801, 0.000000
2010.170873, -127.209098, 0.000000
2010.176954, -127.355910, 0.000000
2010.195155, -127.501206, 0.000000
2010.213345, -127.646504, 0.000000
2010.231534, -127.791802, 0.000000
2010.249711, -127.937101, 0.000000
2010.267901, -128.082398, 0.000000
2010.273982, -128.229210, 0.000000
2010.292171, -128.374507, 0.000000
2010.310360, -128.519804, 0.000000
2010.328549, -128.665101, 0.000000
2010.346750, -128.810397, 0.000000
2010.364939, -128.955695, 0.000000
2010.383129, -129.100992, 0.000000
2010.389198, -129.247807, 0.000000
2010.407387, -129.393104, 0.000000
2010.425577, -129.538401, 0.000000
2010.440572, -129.683476, 0.000000
2010.458773, -129.828478, 0.000000
2010.476974, -129.973480, 0.000000
2010.476049, -130.119507, 0.000000
2010.494275, -130.263853, 0.000000
2010.512501, -130.408199, 0.000000
2010.506658, -130.555583, 1.000000
2010.536912, -130.698409, 1.000000
2010.555138, -130.842754, 1.000000
2010.549306, -130.990136, 1.000000
2010.567532, -131.134481, 1.000000
2010.585758, -131.278826, 1.000000
2010.603995, -131.423170, 1.000000
2010.622221, -131.567516, 1.000000
2010.640447, -131.711862, 1.000000
2010.622575, -131.860765, 1.000000
2010.640801, -132.005110, 1.000000
2010.646998, -132.150974, 1.000000
2010.665224, -132.295318, 1.000000
2010.671421, -132.441182, 1.000000
2010.701675, -132.584008, 1.000000
2010.707883, -132.729871, 1.000000
2010.762195, -132.869660, 1.000000
2010.792450, -133.012487, 1.000000
2010.810665, -133.156834, 1.000000
2010.828891, -133.301179, 0.000000
2010.847116, -133.445524, 0.000000
2010.853313, -133.591387, 0.000000
2010.871539, -133.735732, 0.000000
2010.889765, -133.880077, 0.000000
2010.908002, -134.024421, 0.000000
2010.914199, -134.170286, 0.000000
2010.932425, -134.314631, 0.000000
2010.950640, -134.458978, 0.000000
2010.968866, -134.603323, 0.000000
2010.987091, -134.747668, 0.000000
2010.993288, -134.893532, 0.000000
2011.011514, -135.037876, 0.000000
2011.029740, -135.182221, 0.000000
2011.047976, -135.326565, 0.000000
2011.054174, -135.472430, 0.000000
2011.072399, -135.616776, 0.000000
2011.090615, -135.761123, 0.000000
2011.108840, -135.905467, 0.000000
2011.127066, -136.049812, 0.000000
2011.133263, -136.195676, 0.000000
2011.151489, -136.340021, 0.000000
2011.169715, -136.484366, 0.000000
2011.187951, -136.628709, 0.000000
2011.194148, -136.774574, 0.000000
2011.212374, -136.918920, 0.000000
2011.230589, -137.063267, 0.000000
2011.248815, -137.207612, 0.000000
2011.255012, -137.353475, 0.000000
2011.273238, -137.497820, 0.000000
2011.291464, -137.642165, 0.000000
2011.309690, -137.786510, 0.000000
2011.327926, -137.930854, 0.000000
2011.334123, -138.076718, 0.000000
2011.352349, -138.221064, 0.000000
2011.370564, -138.365411, 0.000000
2011.388790, -138.509756, 0.000000
2011.394987, -138.655620, 0.000000
2011.413213, -138.799964, 0.000000
2011.431439, -138.944309, 1.000000
2011.485751, -139.084098, 1.000000
2011.491958, -139.229960, 1.000000
2011.510184, -139.374306, 1.000000
2011.528410, -139.518652, 1.000000
2011.546625, -139.662999, 1.000000
2011.564851, -139.807344, 1.000000
2011.583077, -139.951689, 1.000000
2011.601303, -140.096033, 1.000000
2011.619528, -140.240378, 1.000000
2011.637754, -140.384723, 1.000000
2011.643962, -140.530586, 1.000000
2011.662188, -140.674932, 1.000000
2011.680413, -140.819278, 1.000000
2011.698629, -140.963624, 1.000000
2011.716855, -141.107969, 1.000000
2011.735081, -141.252314, 1.000000
2011.753306, -141.396659, 1.000000
2011.771532, -141.541004, 1.000000
2011.789758, -141.685349, 1.000000
2011.820023, -141.828174, 1.000000
2011.838249, -141.972520, 1.000000
2011.904590, -142.110790, 1.000000
2011.934834, -142.253618, 1.000000
2011.965088, -142.396444, 1.000000
2011.995343, -142.539270, 0.000000
2012.017405, -142.692458, 0.000000
2012.034795, -142.837198, 0.000000
2012.052184, -142.981938, 0.000000
2012.073578, -143.135881, 0.000000
2012.090097, -143.281033, 0.000000
2012.106616, -143.426186, 0.000000
2012.123124, -143.571339, 0.000000
2012.139643, -143.716490, 0.000000
2012.156162, -143.861641, 0.000000
2012.172681, -144.006792, 0.000000
2012.189200, -144.151943, 0.000000
2012.205719, -144.297094, 0.000000
2012.222249, -144.442244, 0.000000
2012.238769, -144.587396, 0.000000
2012.255288, -144.732549, 0.000000
2012.271796, -144.877702, 0.000000
2012.288315, -145.022853, 0.000000
2012.304834, -145.168004, 0.000000
2012.333449, -145.311778, 0.000000
2012.349968, -145.456929, 0.000000
2012.366487, -145.602081, 0.000000
2012.383017, -145.747231, 0.000000
2012.399536, -145.892383, 0.000000
2012.416055, -146.037535, 0.000000
2012.432563, -146.182688, 0.000000
2012.449082, -146.327839, 0.000000
2012.465601, -146.472990, 0.000000
2012.482120, -146.618141, 0.000000
2012.498639, -146.763293, 0.000000
2012.515158, -146.908444, 0.000000
2012.531689, -147.053594, 0.000000
2012.548208, -147.198746, 0.000000
2012.564727, -147.343898, 0.000000
2012.581235, -147.489051, 0.000000
2012.597754, -147.634202, 0.000000
2012.614273, -147.779353, 0.000000
2012.630792, -147.924505, 0.000000
2012.647311, -148.069656, 0.000000
2012.651734, -148.216183, 1.000000
2012.668264, -148.361334, 1.000000
2012.648495, -148.510615, 1.000000
2012.665014, -148.655768, 1.000000
2012.681523, -148.800921, 1.000000
2012.698042, -148.946072, 1.000000
2012.714561, -149.091223, 1.000000
2012.731080, -149.236374, 1.000000
2012.747599, -149.381525, 1.000000
2012.764118, -149.526676, 1.000000
2012.768552, -149.673203, 1.000000
2012.785071, -149.818355, 1.000000
2012.801590, -149.963507, 1.000000
2012.806002, -150.110037, 1.000000
2012.822521, -150.255188, 1.000000
2012.839041, -150.400339, 1.000000
2012.855560, -150.545490, 1.000000
2012.920462, -150.685135, 0.000000
2012.936981, -150.830286, 0.000000
2012.941415, -150.976813, 0.000000
2012.957934, -151.121965, 0.000000
2012.974454, -151.267117, 0.000000
2012.990962, -151.412270, 0.000000
2012.995385, -151.558798, 0.000000
2013.011904, -151.703949, 0.000000
2013.028423, -151.849100, 0.000000
2013.044942, -151.994251, 0.000000
2013.049365, -152.140779, 0.000000
2013.065895, -152.285929, 0.000000
2013.082414, -152.431081, 0.000000
2013.098933, -152.576234, 0.000000
2013.103346, -152.722763, 0.000000
2013.119865, -152.867914, 0.000000
2013.136384, -153.013065, 0.000000
2013.152903, -153.158216, 0.000000
2013.157326, -153.304744, 0.000000
2013.173845, -153.449895, 0.000000
2013.190374, -153.595045, 0.000000
2013.206894, -153.740198, 0.000000
2013.211317, -153.886726, 0.000000
2013.227825, -154.031879, 0.000000
2013.244344, -154.177030, 0.000000
2013.260863, -154.322182, 0.000000
2013.265287, -154.468709, 0.000000
2013.281806, -154.613860, 0.000000
2013.298325, -154.759011, 0.000000
2013.314854, -154.904162, 0.000000
2013.331373, -155.049314, 0.000000
2013.335796, -155.195843, 0.000000
2013.352305, -155.340996, 0.000000
2013.368824, -155.486147, 0.000000
2013.385343, -155.631298, 0.000000
2013.378378, -155.777152, 0.000000
2013.394926, -155.921114, 0.000000
2013.411474, -156.065075, 0.000000
2013.419785, -156.208549, 0.000000
2013.424429, -156.353031, 0.000000
2013.440998, -156.496132, 0.000000
2013.457557, -156.639235, 0.000000
2013.474126, -156.782335, 0.000000
2013.478770, -156.926816, 0.000000
2013.495339, -157.069917, 0.000000
2013.511907, -157.213017, 0.000000
2013.528476, -157.356118, 0.000000
2013.533130, -157.500598, 0.000000
2013.549699, -157.643700, 0.000000
2013.590118, -157.784040, 1.000000
2013.618602, -157.925761, 1.000000
2013.635171, -158.068862, 1.000000
2013.651740, -158.211962, 1.000000
2013.668309, -158.355063, 1.000000
2013.684878, -158.498163, 1.000000
2013.701447, -158.641264, 1.000000
2013.706101, -158.785744, 1.000000
2013.722670, -158.928846, 1.000000
2013.739239, -159.071947, 1.000000
2013.755798, -159.215050, 1.000000
2013.760441, -159.359531, 1.000000
2013.788935, -159.501251, 1.000000
2013.793579, -159.645732, 1.000000
2013.810148, -159.788832, 1.000000
2013.826717, -159.931933, 1.000000
2013.843296, -160.075032, 1.000000
2013.859865, -160.218134, 1.000000
2013.888359, -160.359855, 1.000000
2013.916843, -160.501576, 1.000000
2013.933412, -160.644677, 1.000000
2013.961906, -160.786397, 1.000000
2013.990400, -160.928116, 1.000000
2014.018894, -161.069836, 0.000000
2014.035462, -161.212937, 0.000000
2014.052042, -161.356036, 0.000000
2014.068611, -161.499138, 0.000000
2014.085180, -161.642239, 0.000000
2014.101738, -161.785342, 0.000000
2014.118307, -161.928442, 0.000000
2014.134876, -162.071543, 0.000000
2014.151445, -162.214643, 0.000000
2014.168014, -162.357743, 0.000000
2014.196508, -162.499463, 0.000000
2014.213087, -162.642563, 0.000000
2014.229656, -162.785664, 0.000000
2014.246225, -162.928766, 0.000000
2014.262784, -163.071868, 0.000000
2014.279353, -163.214969, 0.000000
2014.295921, -163.358069, 0.000000
2014.312490, -163.501170, 0.000000
2014.329059, -163.644270, 0.000000
2014.345628, -163.787371, 0.000000
2014.362207, -163.930470, 0.000000
2014.378776, -164.073572, 0.000000
2014.395345, -164.216673, 0.000000
2014.411904, -164.359776, 0.000000
2014.428473, -164.502876, 0.000000
2014.445042, -164.645977, 0.000000
2014.461611, -164.789077, 0.000000
2014.478179, -164.932178, 0.000000
2014.494748, -165.075278, 0.000000
2014.511328, -165.218378, 0.000000
2014.539822, -165.360099, 0.000000
2014.556391, -165.503200, 0.000000
2014.572949, -165.646302, 0.000000
2014.589518, -165.789403, 0.000000
2014.606087, -165.932503, 0.000000
2014.622656, -166.075604, 0.000000
2014.639225, -166.218704, 0.000000
2014.655794, -166.361805, 0.000000
2014.672373, -166.504904, 0.000000
2014.688942, -166.648006, 0.000000
2014.705511, -166.791107, 1.000000
2014.745920, -166.931448, 1.000000
2014.762489, -167.074549, 1.000000
2014.790982, -167.216269, 1.000000
2014.807551, -167.359369, 1.000000
2014.824120, -167.502470, 1.000000
2014.852614, -167.644189, 1.000000
2014.857269, -167.788670, 1.000000
2014.885763, -167.930390, 1.000000
2014.902332, -168.073492, 1.000000
2014.918890, -168.216594, 1.000000
2014.935459, -168.359695, 1.000000
2014.952028, -168.502795, 1.000000
2014.993870, -168.651471, 1.000000
2015.009979, -168.797032, 1.000000
2015.038217, -168.941250, 1.000000
2015.022624, -169.092101, 1.000000
2015.038305, -169.235779, 1.000000
2015.065960, -169.378149, 1.000000
2015.081630, -169.521828, 1.000000
2015.097311, -169.665504, 1.000000
2015.112992, -169.809181, 1.000000
2015.140646, -169.951550, 1.000000
2015.168300, -170.093920, 1.000000
2015.195954, -170.236289, 0.000000
2015.211635, -170.379966, 0.000000
2015.227328, -170.523642, 0.000000
2015.243009, -170.667319, 0.000000
2015.258690, -170.810996, 0.000000
2015.274360, -170.954674, 0.000000
2015.290041, -171.098351, 0.000000
2015.305722, -171.242027, 0.000000
2015.321403, -171.385703, 0.000000
2015.337084, -171.529380, 0.000000
2015.340792, -171.674363, 0.000000
2015.356484, -171.818038, 0.000000
2015.372166, -171.961716, 0.000000
2015.387847, -172.105393, 0.000000
2015.403517, -172.249072, 0.000000
2015.419198, -172.392748, 0.000000
2015.434879, -172.536424, 0.000000
2015.450560, -172.680101, 0.000000
2015.466241, -172.823777, 0.000000
2015.481922, -172.967453, 0.000000
2015.497603, -173.111130, 0.000000
2015.513295, -173.254806, 0.000000
2015.528977, -173.398483, 0.000000
2015.544658, -173.542160, 0.000000
2015.560328, -173.685838, 0.000000
2015.576009, -173.829515, 0.000000
2015.591690, -173.973191, 0.000000
2015.607371, -174.116868, 0.000000
2015.623052, -174.260544, 0.000000
2015.626760, -174.405527, 0.000000
2015.642452, -174.549202, 0.000000
2015.658133, -174.692880, 0.000000
2015.673815, -174.836557, 0.000000
2015.689485, -174.980236, 0.000000
2015.705166, -175.123912, 0.000000
2015.720847, -175.267588, 0.000000
2015.736528, -175.411265, 0.000000
2015.752209, -175.554941, 0.000000
2015.767890, -175.698617, 0.000000
2015.771598, -175.843601, 1.000000
2015.799263, -175.985970, 1.000000
2015.814944, -176.129647, 1.000000
2015.830626, -176.273325, 1.000000
2015.834323, -176.418309, 1.000000
2015.850004, -176.561986, 1.000000
2015.877658, -176.704355, 1.000000
2015.881366, -176.849338, 1.000000
2015.897047, -176.993015, 1.000000
2015.924701, -177.135384, 1.000000
2015.928420, -177.280366, 1.000000
2015.956074, -177.422737, 1.000000
2015.971755, -177.566414, 1.000000
2015.987426, -177.710093, 1.000000
2016.003107, -177.853769, 1.000000
2016.018788, -177.997446, 1.000000
2016.034469, -178.141122, 1.000000
2016.050150, -178.284798, 1.000000
2016.065831, -178.428475, 1.000000
2016.081512, -178.572151, 1.000000
2016.097204, -178.715827, 1.000000
2016.124858, -178.858198, 1.000000
2016.152513, -179.000568, 1.000000
2016.180156, -179.142940, 0.000000
2016.195837, -179.286616, 0.000000
2016.211518, -179.430292, 0.000000
2016.215226, -179.575275, 0.000000
2016.230907, -179.718952, 0.000000
2016.246588, -179.862628, 0.000000
2016.262280, -180.006303, 0.000000
2016.277961, -180.149981, 0.000000
2016.281669, -180.294965, 0.000000
2016.297339, -180.438644, 0.000000
2016.313021, -180.582320, 0.000000
2016.328702, -180.725996, 0.000000
2016.344383, -180.869673, 0.000000
2016.360064, -181.013349, 0.000000
2016.363772, -181.158332, 0.000000
2016.379453, -181.302008, 0.000000
2016.395145, -181.445684, 0.000000
2016.410826, -181.589362, 0.000000
2016.426507, -181.733039, 0.000000
2016.430204, -181.878024, 0.000000
2016.445885, -182.021700, 0.000000
2016.461566, -182.165377, 0.000000
2016.493753, -182.276536, 0.000000
2016.512614, -182.421670, 0.000000
2016.531475, -182.566803, 0.000000
2016.535864, -182.710611, 0.000000
2016.554998, -182.855506, 0.000000
2016.574132, -183.000401, 0.000000
2016.593254, -183.145297, 0.000000
2016.612388, -183.290191, 0.000000
2016.619447, -183.436679, 0.000000
2016.638581, -183.581573, 0.000000
2016.657714, -183.726466, 0.000000
2016.676848, -183.871360, 0.000000
2016.695992, -184.016253, 0.000000
2016.715126, -184.161147, 0.000000
2016.722185, -184.307637, 0.000000
2016.741308, -184.452533, 0.000000
2016.760441, -184.597427, 0.000000
2016.803724, -184.739132, 1.000000
2016.859081, -184.879242, 1.000000
2016.890289, -185.022541, 1.000000
2016.909422, -185.167435, 1.000000
2016.940630, -185.310734, 1.000000
2016.959776, -185.455627, 1.000000
2016.990984, -185.598928, 1.000000
2017.010117, -185.743823, 1.000000
2017.041314, -185.887124, 1.000000
2017.060448, -186.032018, 1.000000
2017.079581, -186.176911, 1.000000
2017.110789, -186.320211, 1.000000
2017.129923, -186.465104, 1.000000
2017.112833, -186.614782, 1.000000
2017.168202, -186.754891, 1.000000
2017.199410, -186.898191, 1.000000
2017.218543, -187.043086, 1.000000
2017.225591, -187.189577, 1.000000
2017.244724, -187.334470, 1.000000
2017.263858, -187.479364, 1.000000
2017.270917, -187.625852, 1.000000
2017.290051, -187.770746, 1.000000
2017.321259, -187.914045, 1.000000
2017.364553, -188.055749, 0.000000
2017.383687, -188.200644, 0.000000
2017.402820, -188.345539, 0.000000
2017.421942, -188.490435, 0.000000
2017.441076, -188.635329, 0.000000
2017.448135, -188.781817, 0.000000
2017.467268, -188.926711, 0.000000
2017.486402, -189.071604, 0.000000
2017.505535, -189.216498, 0.000000
2017.524681, -189.361390, 0.000000
2017.543815, -189.506285, 0.000000
2017.562948, -189.651180, 0.000000
2017.582070, -189.796076, 0.000000
2017.601204, -189.940970, 0.000000
2017.620337, -190.085864, 0.000000
2017.627396, -190.232352, 0.000000
2017.646530, -190.377246, 0.000000
2017.665663, -190.522140, 0.000000
2017.684797, -190.667034, 0.000000
2017.703942, -190.811927, 0.000000
2017.723076, -190.956821, 0.000000
2017.742210, -191.101716, 0.000000
2017.780465, -191.391506, 0.000000
2017.787524, -191.537994, 0.000000
2017.806658, -191.682888, 0.000000
2017.825791, -191.827781, 0.000000
2017.844925, -191.972675, 0.000000
2017.864070, -192.117568, 0.000000
2017.883204, -192.262463, 0.000000
2017.902337, -192.407358, 0.000000
2017.921459, -192.552254, 0.000000
2017.940593, -192.697147, 0.000000
2017.959727, -192.842041, 0.000000
2017.966786, -192.988529, 0.000000
2017.985919, -193.133423, 0.000000
2018.005053, -193.278317, 0.000000
2018.024198, -193.423209, 0.000000
2018.062465, -193.712999, 1.000000
2018.093662, -193.856301, 1.000000
2018.112795, -194.001195, 1.000000
2018.144003, -194.144494, 1.000000
2018.163137, -194.289388, 1.000000
2018.182271, -194.434281, 1.000000
2018.201404, -194.579175, 1.000000
2018.184326, -194.728851, 1.000000
2018.191385, -194.875340, 1.000000
2018.210518, -195.020235, 1.000000
2018.229641, -195.165131, 1.000000
2018.236700, -195.311620, 1.000000
2018.243759, -195.458108, 1.000000
2018.274967, -195.601407, 1.000000
2018.319080, -195.777750, 1.000000
2018.335241, -195.924109, 1.000000
2018.339206, -196.071815, 1.000000
2018.371730, -196.227223, 1.000000
2018.423659, -196.370240, 1.000000
2018.438882, -196.517063, 1.000000
2018.454093, -196.663886, 1.000000
2018.493787, -196.808170, 0.000000
2018.509010, -196.954992, 0.000000
2018.524233, -197.101814, 0.000000
2018.539456, -197.248635, 0.000000
2018.554679, -197.395457, 0.000000
2018.582150, -197.541010, 0.000000
2018.597373, -197.687832, 0.000000
2018.612596, -197.834655, 0.000000
2018.627807, -197.981479, 0.000000
2018.643030, -198.128300, 0.000000
2018.658253, -198.275122, 0.000000
2018.673477, -198.421944, 0.000000
2018.688700, -198.568765, 0.000000
2018.703923, -198.715587, 0.000000
2018.719158, -198.862408, 0.000000
2018.746616, -199.007962, 0.000000
2018.761840, -199.154785, 0.000000
2018.777051, -199.301609, 0.000000
2018.792274, -199.448430, 0.000000
2018.807497, -199.595252, 0.000000
2018.822720, -199.742074, 0.000000
2018.837943, -199.888895, 0.000000
2018.853167, -200.035717, 0.000000
2018.868402, -200.182538, 0.000000
2018.883625, -200.329360, 0.000000
2018.911083, -200.474915, 0.000000
2018.941518, -200.768560, 0.000000
2018.956741, -200.915382, 0.000000
2018.971964, -201.062204, 0.000000
2018.987187, -201.209025, 0.000000
2019.002410, -201.355847, 0.000000
2019.017633, -201.502669, 0.000000
2019.032869, -201.649490, 0.000000
2019.048092, -201.796313, 0.000000
2019.075550, -201.941867, 0.000000
2019.090761, -202.088690, 0.000000
2019.105984, -202.235512, 0.000000
2019.121208, -202.382334, 0.000000
2019.136431, -202.529155, 0.000000
2019.139419, -202.677246, 1.000000
2019.154642, -202.824067, 1.000000
2019.169877, -202.970888, 1.000000
2019.185100, -203.117711, 1.000000
2019.200324, -203.264534, 1.000000
2019.203300, -203.412626, 1.000000
2019.218523, -203.559448, 1.000000
2019.233746, -203.706269, 1.000000
2019.236734, -203.854360, 1.000000
2019.251957, -204.001181, 1.000000
2019.279415, -204.146735, 1.000000
2019.282415, -204.294824, 1.000000
2019.297638, -204.441647, 1.000000
2019.325097, -204.587201, 1.000000
2019.328073, -204.735293, 1.000000
2019.343296, -204.882115, 1.000000
2019.358519, -205.028937, 1.000000
2019.373742, -205.175758, 1.000000
2019.401201, -205.321311, 1.000000
2019.416424, -205.468133, 1.000000
2019.456129, -205.612416, 0.000000
2019.471353, -205.759239, 0.000000
2019.486576, -205.906062, 0.000000
2019.501787, -206.052886, 0.000000
1991.498228, -0.425484, 1.000000
1991.517250, -0.571773, 1.000000
1991.580732, -0.701711, 1.000000
1991.598746, -0.846289, 1.000000
1991.616760, -0.990868, 1.000000
1991.623108, -1.132518, 1.000000
1991.640860, -1.278057, 1.000000
1991.658611, -1.423595, 1.000000
1991.688491, -1.567655, 1.000000
1991.706256, -1.713191, 1.000000
1991.711879, -1.860208, 1.000000
1991.729630, -2.005746, 1.000000
1991.753005, -2.298301, 0.000000
1991.782885, -2.442359, 0.000000
1991.800624, -2.587899, 0.000000
1991.830504, -2.731959, 0.000000
1991.848255, -2.877497, 0.000000
1991.878135, -3.021557, 0.000000
1991.895899, -3.167093, 0.000000
1991.913651, -3.312631, 0.000000
1991.943531, -3.456689, 0.000000
1991.961282, -3.602227, 0.000000
1991.991162, -3.746286, 0.000000
1992.008913, -3.891824, 0.000000
1992.038781, -4.035884, 0.000000
1992.056532, -4.181423, 0.000000
1992.074284, -4.326961, 0.000000
1992.104164, -4.471021, 0.000000
1992.121928, -4.616557, 1.000000
1992.127551, -4.763574, 1.000000
1992.145303, -4.909112, 1.000000
1992.150926, -5.056129, 1.000000
1992.168677, -5.201667, 1.000000
1992.186429, -5.347205, 1.000000
1992.204168, -5.492744, 1.000000
1992.221920, -5.638283, 1.000000
1992.239671, -5.783822, 1.000000
1992.257423, -5.929361, 1.000000
1992.275187, -6.074897, 1.000000
1992.292939, -6.220435, 1.000000
1992.310690, -6.365973, 1.000000
1992.328442, -6.511510, 1.000000
1992.346193, -6.657048, 1.000000
1992.363945, -6.802586, 1.000000
1992.393812, -6.946646, 1.000000
1992.411564, -7.092185, 1.000000
1992.429315, -7.237724, 1.000000
1992.434939, -7.384742, 1.000000
1992.452703, -7.530278, 1.000000
1992.458326, -7.677295, 1.000000
1992.476078, -7.822833, 1.000000
1992.481701, -7.969850, 1.000000
1992.879621, -10.727679, 1.000000
1992.885245, -10.874696, 1.000000
1992.902996, -11.020233, 1.000000
1992.920748, -11.165771, 1.000000
1992.968367, -11.455370, 1.000000
1992.986119, -11.600909, 1.000000
1993.003870, -11.746448, 1.000000
1993.033762, -11.890505, 1.000000
1993.051514, -12.036043, 1.000000
1993.069265, -12.181580, 1.000000
1993.099145, -12.325639, 1.000000
1993.104768, -12.472656, 1.000000
1993.122520, -12.618194, 1.000000
1993.152387, -12.762254, 1.000000
1993.170139, -12.907793, 1.000000
1993.187891, -13.053332, 1.000000
1993.205642, -13.198870, 1.000000
1993.223406, -13.344407, 1.000000
1993.241158, -13.489945, 1.000000
1993.246781, -13.636962, 1.000000
1993.252404, -13.783979, 0.000000
1993.270156, -13.929517, 0.000000
1993.300036, -14.073575, 0.000000
1993.317775, -14.219115, 0.000000
1993.335527, -14.364653, 0.000000
1993.353278, -14.510192, 0.000000
1993.383158, -14.654252, 0.000000
1993.400922, -14.799788, 0.000000
1993.418673, -14.945326, 0.000000
1993.448553, -15.089384, 0.000000
1993.467042, -15.235214, 0.000000
1993.484823, -15.380687, 0.000000
1993.502603, -15.526161, 0.000000
1993.546857, -15.668434, 0.000000
1993.564503, -15.812620, 0.000000
1993.582149, -15.956807, 0.000000
1993.611811, -16.099523, 0.000000
1993.629469, -16.243707, 0.000000
1993.635099, -16.389363, 1.000000
1993.652745, -16.533549, 1.000000
1993.658375, -16.679205, 1.000000
1993.676021, -16.823391, 1.000000
1993.693667, -16.967576, 1.000000
1993.711313, -17.111762, 1.000000
1993.728947, -17.255949, 1.000000
1993.746593, -17.400136, 1.000000
1993.764239, -17.544323, 1.000000
1993.781897, -17.688508, 1.000000
1993.799542, -17.832693, 1.000000
1993.805173, -17.978349, 1.000000
1993.822819, -18.122535, 1.000000
1993.840465, -18.266720, 1.000000
1993.858110, -18.410906, 1.000000
1993.863741, -18.556562, 1.000000
1993.893390, -18.699279, 1.000000
1993.911036, -18.843465, 1.000000
1993.928682, -18.987652, 1.000000
1993.946328, -19.131838, 1.000000
1993.963986, -19.276023, 1.000000
1993.981632, -19.420208, 1.000000
1993.999278, -19.564394, 1.000000
1994.016924, -19.708580, 1.000000
1994.022554, -19.854236, 1.000000
1994.028184, -19.999892, 0.000000
1994.045830, -20.144077, 0.000000
1994.063464, -20.288265, 0.000000
1994.081110, -20.432452, 0.000000
1994.098756, -20.576638, 0.000000
1994.116414, -20.720823, 0.000000
1994.134060, -20.865009, 0.000000
1994.151706, -21.009194, 0.000000
1994.169352, -21.153380, 0.000000
1994.186998, -21.297565, 0.000000
1994.204643, -21.441751, 0.000000
1994.222289, -21.585936, 0.000000
1994.239923, -21.730124, 0.000000
1994.257569, -21.874310, 0.000000
1994.275215, -22.018497, 0.000000
1994.292861, -22.162683, 0.000000
1994.310519, -22.306868, 0.000000
1994.328165, -22.451053, 0.000000
1994.345811, -22.595239, 0.000000
1994.363457, -22.739425, 0.000000
1994.381103, -22.883610, 0.000000
1994.398748, -23.027796, 0.000000
1994.416394, -23.171981, 0.000000
1994.434028, -23.316169, 0.000000
1994.493351, -23.601601, 1.000000
1994.523025, -23.744316, 1.000000
1994.540670, -23.888501, 1.000000
1994.558316, -24.032687, 1.000000
1994.575962, -24.176872, 1.000000
1994.605623, -24.319587, 1.000000
1994.611254, -24.465243, 1.000000
1994.628900, -24.609429, 1.000000
1994.646534, -24.753616, 1.000000
1994.664180, -24.897803, 1.000000
1994.681826, -25.041989, 1.000000
1994.699472, -25.186176, 1.000000
1994.717129, -25.330360, 1.000000
1994.734775, -25.474546, 1.000000
1994.740406, -25.620202, 1.000000
1994.758052, -25.764388, 1.000000
1994.775697, -25.908573, 1.000000
1994.793343, -26.052759, 1.000000
1994.810989, -26.196944, 1.000000
1994.828623, -26.341132, 1.000000
1994.846269, -26.485319, 1.000000
1994.863915, -26.629505, 1.000000
1994.881573, -26.773690, 1.000000
1994.899219, -26.917876, 1.000000
1994.916865, -27.062061, 1.000000
1994.934511, -27.206247, 1.000000
1994.940141, -27.351903, 1.000000
1994.957787, -27.496088, 1.000000
1994.975433, -27.640274, 1.000000
1995.005082, -27.782991, 1.000000
1995.022728, -27.927177, 1.000000
1995.040374, -28.071364, 1.000000
1995.058020, -28.215550, 1.000000
1995.075678, -28.359735, 1.000000
1995.081308, -28.505391, 1.000000
1995.086939, -28.651047, 1.000000
1995.068538, -28.799644, 1.000000
1994.861688, -30.727136, 1.000000
1994.896574, -30.869335, 1.000000
1994.938116, -31.009661, 1.000000
1994.955779, -31.152931, 1.000000
1994.997321, -31.293256, 1.000000
1995.062756, -31.430636, 1.000000
1995.104298, -31.570960, 1.000000
1995.133900, -31.712757, 1.000000
1995.175442, -31.853082, 1.000000
1995.205045, -31.994878, 1.000000
1995.234647, -32.136675, 1.000000
1995.264250, -32.278472, 1.000000
1995.317717, -32.417327, 1.000000
1995.335380, -32.560597, 1.000000
1995.364983, -32.702394, 1.000000
1995.406539, -32.842718, 1.000000
1995.436141, -32.984515, 1.000000
1995.453805, -33.127784, 1.000000
1995.495346, -33.268108, 1.000000
1995.536888, -33.408433, 1.000000
1995.566491, -33.550230, 1.000000
1995.584154, -33.693498, 1.000000
1995.613744, -33.835297, 1.000000
1995.631407, -33.978566, 1.000000
1995.649071, -34.121836, 1.000000
1995.678674, -34.263634, 1.000000
1995.708289, -34.405429, 1.000000
1995.737892, -34.547226, 1.000000
1995.755555, -34.690495, 1.000000
1995.797097, -34.830819, 1.000000
1995.826700, -34.972616, 1.000000
1995.832424, -35.117356, 1.000000
1995.850088, -35.260625, 1.000000
1995.867739, -35.403896, 1.000000
1995.885402, -35.547166, 1.000000
1995.903066, -35.690435, 1.000000
1995.932681, -35.832231, 1.000000
1995.950345, -35.975500, 1.000000
1995.956069, -36.120241, 1.000000
1995.973733, -36.263509, 1.000000
1995.991396, -36.406778, 1.000000
1996.009060, -36.550047, 1.000000
1996.014784, -36.694787, 1.000000
1996.044374, -36.836585, 1.000000
1996.062038, -36.979855, 1.000000
1996.079702, -37.123125, 1.000000
1996.097365, -37.266395, 1.000000
1996.103102, -37.411134, 1.000000
1996.108827, -37.555875, 1.000000
1996.126490, -37.699143, 1.000000
1996.156093, -37.840940, 1.000000
1996.185695, -37.982737, 1.000000
1996.191420, -38.127477, 1.000000
1996.209083, -38.270746, 1.000000
1996.226734, -38.414017, 1.000000
1996.244398, -38.557286, 1.000000
1996.262062, -38.700556, 1.000000
1996.267799, -38.845296, 1.000000
1996.285462, -38.988565, 1.000000
1996.303126, -39.131833, 1.000000
1996.320789, -39.275102, 1.000000
1996.350392, -39.416898, 1.000000
1996.356117, -39.561639, 1.000000
1996.373780, -39.704908, 1.000000
1996.403370, -39.846706, 1.000000
1996.421034, -39.989976, 1.000000
1996.438697, -40.133245, 1.000000
1996.456361, -40.276515, 1.000000
1996.462098, -40.421255, 1.000000
1996.479762, -40.564523, 1.000000
1996.485486, -40.709264, 1.000000
1996.515089, -40.851060, 1.000000
1996.532752, -40.994329, 1.000000
1996.550416, -41.137598, 1.000000
1996.568079, -41.280866, 1.000000
1996.585730, -41.424137, 1.000000
1996.603394, -41.567407, 1.000000
1996.609118, -41.712149, 1.000000
1996.638734, -41.853945, 1.000000
1996.656397, -41.997213, 1.000000
1996.662122, -42.141954, 1.000000
1996.679785, -42.285222, 1.000000
1996.685510, -42.429963, 1.000000
1996.691234, -42.574704, 1.000000
1996.708898, -42.717972, 1.000000
1996.750427, -42.858299, 1.000000
1996.768090, -43.001568, 1.000000
1996.785754, -43.144838, 1.000000
1996.803418, -43.288108, 1.000000
1996.821094, -43.431375, 1.000000
1996.838757, -43.574644, 1.000000
1996.844482, -43.719384, 1.000000
1996.874085, -43.861181, 1.000000
1996.879809, -44.005922, 1.000000
1996.885533, -44.150662, 1.000000
1996.915136, -44.292459, 1.000000
1996.944726, -44.434258, 1.000000
1996.962390, -44.577528, 1.000000
1996.968114, -44.722269, 1.000000
1996.973852, -44.867009, 1.000000
1996.979576, -45.011750, 1.000000
1996.985300, -45.156490, 1.000000
1997.002964, -45.299759, 1.000000
1997.017338, -45.441693, 1.000000
1997.034946, -45.586185, 1.000000
1997.040514, -45.732145, 1.000000
1997.097878, -45.870017, 1.000000
1997.127148, -46.011789, 1.000000
1997.132550, -46.156449, 1.000000
1997.149886, -46.299665, 1.000000
1997.191104, -46.439989, 1.000000
1997.196505, -46.584649, 1.000000
1997.213841, -46.727864, 1.000000
1997.243111, -46.869634, 1.000000
1997.248513, -47.014293, 1.000000
1997.265848, -47.157508, 1.000000
1997.283172, -47.300725, 1.000000
1997.312442, -47.442496, 1.000000
1997.317843, -47.587156, 1.000000
1997.347114, -47.728928, 1.000000
1997.376397, -47.870697, 1.000000
1997.393733, -48.013912, 1.000000
1997.423004, -48.155682, 1.000000
1997.440340, -48.298897, 1.000000
1997.445741, -48.443556, 1.000000
1997.463077, -48.586771, 1.000000
1997.480413, -48.729986, 1.000000
1997.509670, -48.871759, 1.000000
1997.527006, -49.014975, 1.000000
1997.544342, -49.158190, 1.000000
1997.585560, -49.298515, 1.000000
1997.602896, -49.441730, 1.000000
1997.608297, -49.586390, 1.000000
1997.613699, -49.731049, 1.000000
1997.631034, -49.874264, 1.000000
1997.648370, -50.017479, 1.000000
1997.653772, -50.162138, 1.000000
1997.683029, -50.303911, 1.000000
1997.712300, -50.445682, 1.000000
1997.729636, -50.588898, 1.000000
1997.723115, -50.735002, 1.000000
1997.716582, -50.881106, 1.000000
1997.721983, -51.025765, 1.000000
1997.739319, -51.168980, 1.000000
1997.768590, -51.310750, 1.000000
1997.785926, -51.453965, 1.000000
1997.791327, -51.598625, 1.000000
1997.832519, -51.738952, 1.000000
1997.837921, -51.883613, 1.000000
1997.831387, -52.029718, 1.000000
1997.848723, -52.172934, 1.000000
1997.854137, -52.317592, 1.000000
1997.859539, -52.462252, 1.000000
1997.876875, -52.605466, 1.000000
1997.906145, -52.747237, 1.000000
1997.935416, -52.889007, 1.000000
1997.952751, -53.032222, 1.000000
1997.970074, -53.175438, 1.000000
1997.987410, -53.318654, 1.000000
1998.004746, -53.461870, 1.000000
1998.010148, -53.606531, 1.000000
1998.027497, -53.749744, 1.000000
1998.032898, -53.894404, 1.000000
1998.074103, -54.034729, 1.000000
1998.115308, -54.175055, 1.000000
1998.144578, -54.316825, 1.000000
1998.102241, -54.467263, 1.000000
1998.119577, -54.610478, 1.000000
1998.136900, -54.753695, 1.000000
1998.154236, -54.896911, 1.000000
1998.171572, -55.040127, 1.000000
1998.212790, -55.180452, 1.000000
1998.230126, -55.323667, 1.000000
1998.247462, -55.466882, 1.000000
1998.300601, -55.605763, 1.000000
1998.329872, -55.747533, 1.000000
1998.335273, -55.892192, 1.000000
1998.352609, -56.035407, 1.000000
1998.381867, -56.177180, 1.000000
1998.387268, -56.321840, 1.000000
1998.404604, -56.465056, 1.000000
1998.433887, -56.606826, 1.000000
1998.451223, -56.750041, 1.000000
1998.456625, -56.894700, 1.000000
1998.473960, -57.037915, 1.000000
1998.515165, -57.178241, 1.000000
1998.532501, -57.321455, 1.000000
1998.549837, -57.464670, 1.000000
1998.579095, -57.606442, 1.000000
1998.596431, -57.749658, 1.000000
1998.613767, -57.892874, 1.000000
1998.643038, -58.034645, 1.000000
1998.672321, -58.176414, 1.000000
1998.689657, -58.319629, 1.000000
1998.695058, -58.464289, 1.000000
1998.724328, -58.606059, 1.000000
1998.729730, -58.750718, 1.000000
1998.759000, -58.892489, 1.000000
1998.788258, -59.034260, 1.000000
1998.793659, -59.178921, 1.000000
1998.799061, -59.323582, 1.000000
1998.816397, -59.466797, 1.000000
1998.845680, -59.608567, 1.000000
1998.863016, -59.751781, 1.000000
1998.868417, -59.896441, 1.000000
1998.902850, -60.031604, 1.000000
1998.919735, -60.175393, 1.000000
1998.924638, -60.320588, 1.000000
1998.941523, -60.464377, 1.000000
1998.941855, -60.606441, 1.000000
1998.994491, -60.746448, 1.000000
1999.011088, -60.890605, 1.000000
1998.991659, -61.038910, 1.000000
1999.008256, -61.183065, 1.000000
1999.024853, -61.327221, 1.000000
1999.041450, -61.471377, 1.000000
1999.058046, -61.615533, 1.000000
1999.062630, -61.761072, 1.000000
1999.067214, -61.906611, 1.000000
1999.095812, -62.049385, 1.000000
1999.100396, -62.194925, 1.000000
1999.116993, -62.339082, 1.000000
1999.133603, -62.483238, 1.000000
1999.186239, -62.623244, 1.000000
1999.202836, -62.767400, 1.000000
1999.207419, -62.912939, 1.000000
1999.224016, -63.057095, 1.000000
1999.240613, -63.201250, 1.000000
1999.245197, -63.346789, 1.000000
1999.261782, -63.490947, 1.000000
1999.278379, -63.635104, 1.000000
1999.294976, -63.779261, 1.000000
1999.299560, -63.924801, 1.000000
1999.328183, -64.067572, 1.000000
1999.344779, -64.211728, 1.000000
1999.361376, -64.355884, 1.000000
1999.401999, -64.497273, 1.000000
1999.418596, -64.641429, 1.000000
1999.423180, -64.786968, 1.000000
1999.439765, -64.931125, 1.000000
1999.456362, -65.075282, 1.000000
1999.472959, -65.219439, 1.000000
1999.518178, -65.506368, 1.000000
1999.522762, -65.651907, 1.000000
1999.539359, -65.796063, 1.000000
1999.567969, -65.938835, 1.000000
1999.596579, -66.081608, 1.000000
1999.613176, -66.225764, 1.000000
1999.617760, -66.371303, 1.000000
1999.634345, -66.515461, 1.000000
1999.638929, -66.661001, 1.000000
1999.655526, -66.805158, 1.000000
1999.708174, -66.945163, 1.000000
1999.724771, -67.089319, 1.000000
1999.741368, -67.233475, 1.000000
1999.757965, -67.377631, 1.000000
1999.774562, -67.521787, 1.000000
1999.791159, -67.665943, 1.000000
1999.807756, -67.810098, 1.000000
1999.848367, -67.951490, 1.000000
1999.852951, -68.097030, 1.000000
1999.869548, -68.241187, 1.000000
1999.910183, -68.382576, 1.000000
1999.938793, -68.525349, 1.000000
1999.955390, -68.669505, 1.000000
1999.971987, -68.813660, 1.000000
1999.976571, -68.959199, 1.000000
1999.993168, -69.103355, 1.000000
1999.997752, -69.248894, 1.000000
2000.038363, -69.390285, 1.000000
2000.066973, -69.533059, 1.000000
2000.071557, -69.678599, 1.000000
2000.088154, -69.822756, 1.000000
2000.104763, -69.966911, 1.000000
2000.121360, -70.111066, 1.000000
2000.125944, -70.256605, 1.000000
2000.166567, -70.397995, 1.000000
2000.171151, -70.543534, 1.000000
2000.199761, -70.686307, 1.000000
2000.216346, -70.830464, 1.000000
2000.232943, -70.974621, 1.000000
2000.237527, -71.120161, 1.000000
2000.254124, -71.264318, 1.000000
2000.270733, -71.408473, 1.000000
2000.275317, -71.554011, 1.000000
2000.279901, -71.699550, 1.000000
2000.284485, -71.845089, 1.000000
2000.301082, -71.989245, 1.000000
2000.305666, -72.134784, 1.000000
2000.310250, -72.280323, 1.000000
2000.326835, -72.424481, 1.000000
2000.367458, -72.565872, 1.000000
2000.372042, -72.711412, 1.000000
2000.400664, -72.854184, 1.000000
2000.405248, -72.999722, 1.000000
2000.421845, -73.143878, 1.000000
2000.426429, -73.289417, 1.000000
2000.431013, -73.434956, 1.000000
2000.435597, -73.580495, 1.000000
2000.464207, -73.723268, 1.000000
2000.516831, -73.863276, 1.000000
2000.521415, -74.008816, 1.000000
2000.489959, -74.158505, 1.000000
2000.518582, -74.301278, 1.000000
2000.535179, -74.445434, 1.000000
2000.539763, -74.590972, 1.000000
2000.556360, -74.735128, 1.000000
2000.619278, -74.874976, 1.000000
2000.635912, -75.018252, 1.000000
2000.628666, -75.164301, 1.000000
2000.611738, -75.313574, 1.000000
2000.616642, -75.461120, 1.000000
2000.633722, -75.607242, 1.000000
2000.650802, -75.753364, 1.000000
2000.680072, -75.898060, 1.000000
2000.684975, -76.045605, 1.000000
2000.702055, -76.191726, 1.000000
2000.731312, -76.336424, 1.000000
2000.748392, -76.482545, 1.000000
2000.777649, -76.627242, 1.000000
2000.770362, -76.776212, 1.000000
2000.775266, -76.923757, 1.000000
2000.780169, -77.071303, 1.000000
2000.809426, -77.216002, 1.000000
2000.838696, -77.360698, 1.000000
2000.843599, -77.508243, 1.000000
2000.860679, -77.654364, 1.000000
2000.877759, -77.800485, 1.000000
2000.894839, -77.946606, 1.000000
2000.899743, -78.094150, 1.000000
2000.916810, -78.240273, 1.000000
2000.946067, -78.384972, 1.000000
2000.926616, -78.535364, 1.000000
2000.955873, -78.680063, 1.000000
2000.985143, -78.824759, 1.000000
2001.002223, -78.970880, 1.000000
2001.031480, -79.115578, 1.000000
2001.097267, -79.256006, 1.000000
2001.114347, -79.402127, 1.000000
2001.119251, -79.549671, 1.000000
2001.148495, -79.694371, 1.000000
2001.165575, -79.840493, 1.000000
2001.182655, -79.986615, 1.000000
2001.199736, -80.132737, 1.000000
2001.229005, -80.277434, 1.000000
2001.246085, -80.423555, 1.000000
2001.263165, -80.569676, 1.000000
2001.292422, -80.714374, 1.000000
2001.309502, -80.860495, 1.000000
2001.314405, -81.008039, 1.000000
2001.343650, -81.152739, 1.000000
2001.360730, -81.298861, 1.000000
2001.377810, -81.444983, 1.000000
2001.394890, -81.591105, 1.000000
2001.411983, -81.737225, 1.000000
2001.429063, -81.883346, 1.000000
2001.446143, -82.029467, 1.000000
2001.475400, -82.174165, 1.000000
2001.492480, -82.320286, 1.000000
2001.509560, -82.466407, 1.000000
2001.526628, -82.612530, 1.000000
2001.543708, -82.758652, 1.000000
2001.548611, -82.906197, 1.000000
2001.553514, -83.053743, 1.000000
2001.534077, -83.204132, 1.000000
2001.551157, -83.350254, 1.000000
2001.556060, -83.497798, 1.000000
2001.560963, -83.645342, 1.000000
2001.578043, -83.791464, 1.000000
2001.595123, -83.937585, 1.000000
2001.612191, -84.083707, 1.000000
2001.617094, -84.231253, 1.000000
2001.621997, -84.378798, 1.000000
2001.639078, -84.524921, 1.000000
2001.656171, -84.671040, 1.000000
2001.661074, -84.818585, 1.000000
2001.678154, -84.964706, 1.000000
2001.707411, -85.109404, 1.000000
2001.724491, -85.255525, 1.000000
2001.741571, -85.401646, 1.000000
2001.819522, -85.540652, 1.000000
2001.836602, -85.686774, 1.000000
2001.841506, -85.834320, 1.000000
2001.858586, -85.980442, 1.000000
2001.875679, -86.126561, 1.000000
2001.892759, -86.272682, 1.000000
2001.909839, -86.418804, 1.000000
2001.939096, -86.563501, 1.000000
2001.956176, -86.709622, 1.000000
2001.973256, -86.855743, 1.000000
2002.002500, -87.000443, 1.000000
2002.019580, -87.146565, 1.000000
2002.024484, -87.294111, 1.000000
2002.053741, -87.438809, 1.000000
2002.070833, -87.584929, 1.000000
2002.087913, -87.731050, 1.000000
2002.117170, -87.875748, 1.000000
2002.134250, -88.021869, 1.000000
2002.114800, -88.172260, 1.000000
2002.119703, -88.319805, 1.000000
2002.136771, -88.465927, 1.000000
2002.141674, -88.613473, 1.000000
2002.158754, -88.759595, 1.000000
2002.175834, -88.905717, 1.000000
2002.205104, -89.050414, 1.000000
2002.210007, -89.197958, 1.000000
2002.227087, -89.344079, 1.000000
2002.287072, -89.509762, 1.000000
2002.305951, -89.652395, 1.000000
2002.324831, -89.795029, 1.000000
2002.327673, -89.957978, 1.000000
2002.348217, -90.101982, 1.000000
2002.356761, -90.247698, 1.000000
2002.377318, -90.391701, 1.000000
2002.409862, -90.533992, 1.000000
2002.406406, -90.681420, 1.000000
2002.438950, -90.823711, 1.000000
2002.459494, -90.967714, 1.000000
2002.468038, -91.113430, 1.000000
2002.488582, -91.257433, 1.000000
2002.509113, -91.401439, 1.000000
2002.517657, -91.547155, 1.000000
2002.538201, -91.691160, 1.000000
2002.558758, -91.835162, 1.000000
2002.567302, -91.980877, 1.000000
2002.587846, -92.124880, 1.000000
2002.608390, -92.268884, 1.000000
2002.652935, -92.409463, 1.000000
2002.673479, -92.553467, 1.000000
2002.706023, -92.695758, 1.000000
2002.726554, -92.839764, 1.000000
2002.699097, -92.990616, 1.000000
2002.755642, -93.129485, 1.000000
2002.788200, -93.271775, 1.000000
2002.808744, -93.415778, 1.000000
2002.817287, -93.561493, 1.000000
2002.837831, -93.705497, 1.000000
2002.846375, -93.851212, 1.000000
2002.854919, -93.996927, 1.000000
2002.875450, -94.140933, 1.000000
2002.859993, -94.290073, 1.000000
2002.880537, -94.434077, 1.000000
2002.889081, -94.579794, 1.000000
2002.909638, -94.723796, 1.000000
2002.918182, -94.869511, 1.000000
2002.938726, -95.013514, 1.000000
2002.959270, -95.157518, 1.000000
2002.979814, -95.301521, 1.000000
2003.000358, -95.445524, 1.000000
2003.008889, -95.591242, 1.000000
2003.017432, -95.736958, 1.000000
2003.037977, -95.880963, 1.000000
2003.046534, -96.026677, 1.000000
2003.055078, -96.172392, 1.000000
2003.063622, -96.318108, 1.000000
2003.084166, -96.462111, 1.000000
2003.104710, -96.606114, 1.000000
2003.113254, -96.751830, 1.000000
2003.133798, -96.895833, 1.000000
2003.142327, -97.041551, 1.000000
2003.150871, -97.187267, 1.000000
2003.147415, -97.334696, 1.000000
2003.203974, -97.473562, 1.000000
2003.236518, -97.615853, 1.000000
2003.245062, -97.761569, 1.000000
2003.277606, -97.903860, 1.000000
2003.298150, -98.047863, 1.000000
2003.306694, -98.193579, 1.000000
2003.315238, -98.339294, 1.000000
2003.407770, -98.473028, 1.000000
2003.464315, -98.611896, 1.000000
2003.484860, -98.755901, 1.000000
2003.493417, -98.901615, 1.000000
2003.465960, -99.052466, 1.000000
2003.486504, -99.196470, 1.000000
2003.555049, -99.333625, 1.000000
2003.623594, -99.470780, 1.000000
2003.656138, -99.613072, 1.000000
2003.676669, -99.757077, 1.000000
2003.673213, -99.904505, 1.000000
2003.717758, -100.045086, 1.000000
2003.714301, -100.192514, 1.000000
2003.722858, -100.338228, 1.000000
2003.731402, -100.483943, 1.000000
2003.751946, -100.627946, 1.000000
2003.796491, -100.768526, 1.000000
2003.793034, -100.915953, 1.000000
2003.849579, -101.054820, 1.000000
2003.834109, -101.203962, 1.000000
2003.842653, -101.349678, 1.000000
2003.863197, -101.493683, 1.000000
2003.883754, -101.637685, 1.000000
2003.916299, -101.779977, 1.000000
2003.936843, -101.923980, 1.000000
2003.921386, -102.073119, 1.000000
2003.941930, -102.217123, 1.000000
2003.962474, -102.361126, 1.000000
2003.983018, -102.505129, 1.000000
2004.039550, -102.643999, 1.000000
2004.036093, -102.791428, 1.000000
2004.056637, -102.935432, 1.000000
2004.113196, -103.074298, 1.000000
2004.133740, -103.218301, 1.000000
2004.154284, -103.362305, 1.000000
2004.197811, -103.445877, 1.000000
2004.237778, -103.587304, 1.000000
2004.241724, -103.732719, 1.000000
2004.281691, -103.874145, 1.000000
2004.334966, -103.983277, 1.000000
2004.336232, -104.130234, 1.000000
2004.361805, -104.274954, 1.000000
2004.387390, -104.419673, 1.000000
2004.388657, -104.566629, 1.000000
2004.414229, -104.711348, 1.000000
2004.524874, -104.848239, 1.000000
2004.538293, -104.994077, 1.000000
2004.539559, -105.141033, 1.000000
2004.516507, -105.290227, 1.000000
2004.517773, -105.437184, 1.000000
2004.519040, -105.584141, 1.000000
2004.471706, -105.735569, 1.000000
2004.472972, -105.882525, 1.000000
2004.474238, -106.029481, 1.000000
2004.390433, -106.184265, 1.000000
2004.391699, -106.331221, 1.000000
2004.392965, -106.478177, 1.000000
2004.296992, -106.634081, 1.000000
2004.298258, -106.781037, 1.000000
2004.299525, -106.927994, 1.000000
2004.227887, -107.081659, 1.000000
2004.217000, -107.229734, 1.000000
2004.218266, -107.376689, 1.000000
2004.195226, -107.525882, 1.000000
2004.172186, -107.675074, 1.000000
2004.173453, -107.822030, 1.000000
2004.199009, -107.966751, 1.000000
2004.188122, -108.114826, 1.000000
2004.201541, -108.260665, 1.000000
2004.227130, -108.405384, 1.000000
2004.240550, -108.551221, 1.000000
2004.241816, -108.698177, 1.000000
2004.255236, -108.844015, 1.000000
2004.280808, -108.988734, 1.000000
2004.282074, -109.135690, 1.000000
2004.307647, -109.280409, 1.000000
2004.466889, -109.412830, 1.000000
2004.456002, -109.560905, 1.000000
2004.481575, -109.705625, 1.000000
2004.543622, -109.846989, 1.000000
2004.544888, -109.993945, 1.000000
2004.570461, -110.138664, 1.000000
2004.656799, -110.277792, 1.000000
2004.658065, -110.424748, 1.000000
2004.671484, -110.570585, 1.000000
2004.733502, -110.711952, 1.000000
2004.734769, -110.858909, 1.000000
2004.748188, -111.004747, 1.000000
2004.822387, -111.144993, 1.000000
2004.835807, -111.290830, 1.000000
2004.849226, -111.436668, 1.000000
2004.862646, -111.582505, 1.000000
2004.876065, -111.728343, 1.000000
2004.889484, -111.874181, 1.000000
2004.927197, -112.017783, 1.000000
2004.928463, -112.164740, 1.000000
2004.941882, -112.310579, 1.000000
2004.955316, -112.456416, 1.000000
2004.968735, -112.602254, 1.000000
2004.970001, -112.749209, 1.000000
2004.971267, -112.896165, 1.000000
2004.972534, -113.043121, 1.000000
2004.973800, -113.190077, 1.000000
2004.999359, -113.334798, 1.000000
2005.012778, -113.480636, 1.000000
2005.026198, -113.626475, 1.000000
2005.027478, -113.773431, 1.000000
2005.028744, -113.920387, 1.000000
2005.030010, -114.067342, 1.000000
2005.043430, -114.213180, 1.000000
2005.069002, -114.357899, 1.000000
2005.070269, -114.504855, 1.000000
2005.083688, -114.650693, 1.000000
2005.097093, -114.796533, 1.000000
2005.098360, -114.943490, 1.000000
2005.099626, -115.090446, 1.000000
2005.113060, -115.236283, 1.000000
2005.126479, -115.382121, 1.000000
2005.139899, -115.527958, 1.000000
2005.177624, -115.671559, 1.000000
2005.191044, -115.817397, 1.000000
2005.192310, -115.964353, 1.000000
2005.193562, -116.111310, 1.000000
2005.194828, -116.258267, 1.000000
2005.208248, -116.404106, 1.000000
2005.221682, -116.549943, 1.000000
2005.235101, -116.695780, 1.000000
2005.260674, -116.840500, 1.000000
2005.310056, -116.994585, 1.000000
2005.312206, -117.140760, 1.000000
2005.326438, -117.285749, 1.000000
2005.325733, -117.485447, 1.000000
2005.331814, -117.632260, 1.000000
2005.350004, -117.777558, 1.000000
2005.356099, -117.924370, 1.000000
2005.374288, -118.069666, 1.000000
2005.380370, -118.216479, 1.000000
2005.410667, -118.360260, 1.000000
2005.428856, -118.505557, 1.000000
2005.434937, -118.652370, 1.000000
2005.453112, -118.797669, 1.000000
2005.471301, -118.942967, 1.000000
2005.477382, -119.089780, 1.000000
2005.531910, -119.230529, 1.000000
2005.574316, -119.372794, 1.000000
2005.580397, -119.519607, 1.000000
2005.586478, -119.666419, 1.000000
2005.592559, -119.813232, 1.000000
2005.598640, -119.960044, 1.000000
2005.628923, -120.103828, 1.000000
2005.647112, -120.249125, 1.000000
2005.665301, -120.394423, 1.000000
2005.707721, -120.536688, 1.000000
2005.713802, -120.683500, 1.000000
2005.731992, -120.828797, 1.000000
2005.786505, -120.969547, 1.000000
2005.816802, -121.113328, 1.000000
2005.774451, -121.266203, 1.000000
2005.804734, -121.409986, 1.000000
2005.835031, -121.553769, 1.000000
2005.853221, -121.699066, 1.000000
2005.895640, -121.841331, 1.000000
2005.913830, -121.986628, 1.000000
2005.919911, -122.133440, 1.000000
2005.938100, -122.278737, 1.000000
2005.956289, -122.424034, 1.000000
2005.962370, -122.570846, 1.000000
2006.004761, -122.713114, 1.000000
2006.022951, -122.858412, 1.000000
2006.041140, -123.003710, 1.000000
2006.047235, -123.150521, 1.000000
2006.065424, -123.295818, 1.000000
2006.119938, -123.436568, 1.000000
2006.126019, -123.583380, 1.000000
2006.132100, -123.730193, 1.000000
2006.138181, -123.877005, 1.000000
2006.180572, -124.019273, 1.000000
2006.186654, -124.166086, 1.000000
2006.204843, -124.311384, 1.000000
2006.283587, -124.449101, 1.000000
2006.289668, -124.595914, 1.000000
2006.307857, -124.741211, 1.000000
2006.362370, -124.881960, 1.000000
2006.392668, -125.025741, 1.000000
2006.410857, -125.171038, 1.000000
2006.429032, -125.316337, 1.000000
2006.435114, -125.463151, 1.000000
2006.453303, -125.608449, 1.000000
2006.519938, -125.747681, 1.000000
2006.538127, -125.892978, 1.000000
2006.507884, -126.044338, 1.000000
2006.526073, -126.189635, 1.000000
2006.544262, -126.334932, 1.000000
2006.562452, -126.480229, 1.000000
2006.556411, -126.628559, 1.000000
2006.562492, -126.775373, 1.000000
2006.568573, -126.922186, 1.000000
2006.562560, -127.070514, 1.000000
2006.568641, -127.217326, 1.000000
2006.574723, -127.364139, 1.000000
2006.544479, -127.515499, 1.000000
2006.538452, -127.663827, 1.000000
2006.556642, -127.809124, 1.000000
2006.502167, -127.963518, 1.000000
2006.496140, -128.111847, 1.000000
2006.502221, -128.258661, 1.000000
2006.496210, -128.406988, 1.000000
2006.502291, -128.553801, 1.000000
2006.508372, -128.700613, 1.000000
2006.526561, -128.845910, 1.000000
2006.532642, -128.992723, 1.000000
2006.550832, -129.138019, 1.000000
2006.593221, -129.280287, 1.000000
2006.611410, -129.425585, 1.000000
2006.617492, -129.572399, 1.000000
2006.672021, -129.713147, 1.000000
2006.690210, -129.858444, 1.000000
2006.696291, -130.005256, 1.000000
2006.779279, -130.143040, 1.000000
2006.797480, -130.288041, 1.000000
2006.803597, -130.434560, 1.000000
2006.855373, -130.576673, 1.000000
2006.861570, -130.722538, 1.000000
2006.879796, -130.866884, 1.000000
2006.934123, -131.006671, 1.000000
2006.940320, -131.152535, 1.000000
2006.958546, -131.296879, 1.000000
2007.036915, -131.433630, 1.000000
2007.055141, -131.577975, 1.000000
2007.061338, -131.723839, 1.000000
2007.091578, -131.866667, 1.000000
2007.109804, -132.011013, 1.000000
2007.116001, -132.156878, 1.000000
2007.146270, -132.299702, 1.000000
2007.164496, -132.444047, 1.000000
2007.170693, -132.589911, 1.000000
2007.200948, -132.732737, 1.000000
2007.219174, -132.877082, 1.000000
2007.237399, -133.021427, 1.000000
2007.267639, -133.164255, 1.000000
2007.273836, -133.310119, 1.000000
2007.292062, -133.454465, 1.000000
2007.310303, -133.598809, 1.000000
2007.316500, -133.744673, 1.000000
2007.322697, -133.890536, 1.000000
2007.352951, -134.033362, 1.000000
2007.371177, -134.177707, 1.000000
2007.377374, -134.323571, 1.000000
2007.395585, -134.467918, 1.000000
2007.401782, -134.613783, 1.000000
2007.420008, -134.758128, 1.000000
2007.450278, -134.900953, 1.000000
2007.456475, -135.046817, 1.000000
2007.474700, -135.191162, 1.000000
2007.504955, -135.333988, 1.000000
2007.511152, -135.479851, 1.000000
2007.517349, -135.625715, 1.000000
2007.535560, -135.770062, 1.000000
2007.553786, -135.914408, 1.000000
2007.559983, -136.060273, 1.000000
2007.602281, -136.201579, 1.000000
2007.608478, -136.347442, 1.000000
2007.614675, -136.493306, 1.000000
2007.632901, -136.637651, 1.000000
2007.639098, -136.783514, 1.000000
2007.645295, -136.929378, 1.000000
2007.675535, -137.072206, 1.000000
2007.681732, -137.218071, 1.000000
2007.699958, -137.362417, 1.000000
2007.718199, -137.506761, 1.000000
2007.724396, -137.652624, 1.000000
2007.742621, -137.796969, 1.000000
2007.772876, -137.939795, 1.000000
2007.779073, -138.085659, 1.000000
2007.785270, -138.231522, 1.000000
2007.851596, -138.369794, 1.000000
2007.857793, -138.515659, 1.000000
2007.863990, -138.661524, 1.000000
2007.906288, -138.802830, 1.000000
2007.924514, -138.947174, 1.000000
2007.918682, -139.094557, 1.000000
2007.936908, -139.238902, 1.000000
2007.943105, -139.384765, 1.000000
2007.949302, -139.530629, 1.000000
2007.991570, -139.671939, 1.000000
2008.009796, -139.816284, 1.000000
2008.015993, -139.962149, 1.000000
2008.058292, -140.103455, 1.000000
2008.064489, -140.249319, 1.000000
2008.082715, -140.393664, 1.000000
2008.100941, -140.538008, 1.000000
2008.107138, -140.683872, 1.000000
2008.125363, -140.828217, 1.000000
2008.179660, -140.968008, 1.000000
2008.197886, -141.112353, 1.000000
2008.204083, -141.258218, 1.000000
2008.258411, -141.398005, 1.000000
2008.252579, -141.545388, 1.000000
2008.246747, -141.692770, 1.000000
2008.252944, -141.838634, 1.000000
2008.259141, -141.984497, 1.000000
2008.277367, -142.128842, 1.000000
2008.307606, -142.271671, 1.000000
2008.337861, -142.414498, 1.000000
2008.344058, -142.560362, 1.000000
2008.350270, -142.706225, 1.000000
2008.368496, -142.850570, 1.000000
2008.374693, -142.996433, 1.000000
2008.398908, -143.127195, 1.000000
2008.416297, -143.271935, 1.000000
2008.421625, -143.418124, 1.000000
2008.432678, -143.550236, 1.000000
2008.437101, -143.696765, 1.000000
2008.453620, -143.841917, 1.000000
2008.482251, -143.985691, 1.000000
2008.486674, -144.132218, 1.000000
2008.503193, -144.277370, 1.000000
2008.556000, -144.418391, 1.000000
2008.560423, -144.564919, 1.000000
2008.564846, -144.711446, 1.000000
2008.593445, -144.855223, 1.000000
2008.597868, -145.001752, 1.000000
2008.614388, -145.146904, 1.000000
2008.643018, -145.290677, 1.000000
2008.647441, -145.437205, 1.000000
2008.651864, -145.583733, 1.000000
2008.692575, -145.726131, 1.000000
2008.709094, -145.871282, 1.000000
2008.713517, -146.017809, 1.000000
2008.730021, -146.162963, 1.000000
2008.746540, -146.308115, 1.000000
2008.750963, -146.454644, 1.000000
2008.779594, -146.598417, 1.000000
2008.796113, -146.743568, 1.000000
2008.812632, -146.888719, 1.000000
2008.829151, -147.033870, 1.000000
2008.833574, -147.180398, 1.000000
2008.850093, -147.325549, 1.000000
2008.866596, -147.470702, 1.000000
2008.871020, -147.617231, 1.000000
2008.887539, -147.762383, 1.000000
2008.916170, -147.906157, 1.000000
2008.932689, -148.051308, 1.000000
2008.937112, -148.197835, 1.000000
2008.965727, -148.341610, 1.000000
2008.970150, -148.488138, 1.000000
2008.986669, -148.633289, 1.000000
2009.015268, -148.777065, 1.000000
2009.019691, -148.923594, 1.000000
2009.036210, -149.068746, 1.000000
2009.076937, -149.211143, 1.000000
2009.093456, -149.356294, 1.000000
2009.109975, -149.501445, 1.000000
2009.138590, -149.645220, 1.000000
2009.155109, -149.790371, 1.000000
2009.171628, -149.935522, 1.000000
2009.224420, -150.076546, 1.000000
2009.240939, -150.221698, 1.000000
2009.257458, -150.366850, 1.000000
2009.310280, -150.507870, 1.000000
2009.326799, -150.653021, 1.000000
2009.343318, -150.798172, 1.000000
2009.384029, -150.940570, 1.000000
2009.376356, -151.088475, 1.000000
2009.392875, -151.233626, 1.000000
2009.421475, -151.377402, 1.000000
2009.425899, -151.523931, 1.000000
2009.442418, -151.669083, 1.000000
2009.434760, -151.816986, 1.000000
2009.451279, -151.962138, 1.000000
2009.455702, -152.108665, 1.000000
2009.460125, -152.255193, 1.000000
2009.452452, -152.403097, 1.000000
2009.456875, -152.549625, 1.000000
2009.461283, -152.696155, 1.000000
2009.465706, -152.842683, 1.000000
2009.482225, -152.987836, 1.000000
2009.510856, -153.131609, 1.000000
2009.539471, -153.275384, 1.000000
2009.543894, -153.421911, 1.000000
2009.548317, -153.568439, 1.000000
2009.552740, -153.714967, 1.000000
2009.557163, -153.861494, 1.000000
2009.561570, -154.008024, 1.000000
2009.565994, -154.154553, 1.000000
2009.582513, -154.299705, 1.000000
2009.611144, -154.443478, 1.000000
2009.639759, -154.587253, 1.000000
2009.644182, -154.733781, 1.000000
2009.696989, -154.874802, 1.000000
2009.713508, -155.019953, 1.000000
2009.730027, -155.165104, 1.000000
2009.758626, -155.308881, 1.000000
2009.763049, -155.455410, 1.000000
2009.767472, -155.601938, 1.000000
2009.820295, -155.742959, 1.000000
2009.836814, -155.888110, 1.000000
2009.841237, -156.034637, 1.000000
2009.887306, -156.178440, 1.000000
2009.903854, -156.322401, 1.000000
2009.908405, -156.467742, 1.000000
2009.961498, -156.608966, 1.000000
2009.966142, -156.753448, 1.000000
2009.982711, -156.896550, 1.000000
2010.023145, -157.036888, 1.000000
2010.039714, -157.179988, 1.000000
2010.056283, -157.323089, 1.000000
2010.096702, -157.463428, 1.000000
2010.137121, -157.603767, 1.000000
2010.141765, -157.748248, 1.000000
2010.146394, -157.892731, 1.000000
2010.162963, -158.035833, 1.000000
2010.167607, -158.180315, 1.000000
2010.208041, -158.320653, 1.000000
2010.224610, -158.463754, 1.000000
2010.241179, -158.606854, 1.000000
2010.269673, -158.748574, 1.000000
2010.286241, -158.891674, 1.000000
2010.290885, -159.036156, 1.000000
2010.343215, -159.175116, 1.000000
2010.359784, -159.318217, 1.000000
2010.376353, -159.461319, 1.000000
2010.392936, -159.604418, 1.000000
2010.409505, -159.747519, 1.000000
2010.426074, -159.890619, 1.000000
2010.442643, -160.033720, 1.000000
2010.459212, -160.176820, 1.000000
2010.475781, -160.319921, 1.000000
2010.504260, -160.461643, 1.000000
2010.520829, -160.604744, 1.000000
2010.537398, -160.747846, 1.000000
2010.530132, -160.893707, 1.000000
2010.534775, -161.038188, 1.000000
2010.539419, -161.182669, 1.000000
2010.555988, -161.325769, 1.000000
2010.560632, -161.470251, 1.000000
2010.577201, -161.613351, 1.000000
2010.557979, -161.760596, 1.000000
2010.562623, -161.905078, 1.000000
2010.579192, -162.048180, 1.000000
2010.560001, -162.195421, 1.000000
2010.564645, -162.339903, 1.000000
2010.569289, -162.484384, 1.000000
2010.597783, -162.626104, 1.000000
2010.602427, -162.770585, 1.000000
2010.607071, -162.915066, 1.000000
2010.611699, -163.059549, 1.000000
2010.628268, -163.202651, 1.000000
2010.644837, -163.345752, 1.000000
2010.697197, -163.484710, 1.000000
2010.701841, -163.629191, 1.000000
2010.706484, -163.773672, 1.000000
2010.770753, -163.911250, 1.000000
2010.799247, -164.052969, 1.000000
2010.803891, -164.197450, 1.000000
2010.844295, -164.337792, 1.000000
2010.860864, -164.480893, 1.000000
2010.865508, -164.625375, 1.000000
2010.941717, -164.761571, 1.000000
2010.958286, -164.904672, 1.000000
2010.962930, -165.049153, 1.000000
2011.003349, -165.189492, 1.000000
2011.019918, -165.332592, 1.000000
2011.036487, -165.475693, 1.000000
2011.076891, -165.616034, 1.000000
2011.105385, -165.757755, 1.000000
2011.121954, -165.900856, 1.000000
2011.126613, -166.045336, 1.000000
2011.143182, -166.188437, 1.000000
2011.147826, -166.332918, 1.000000
2011.164394, -166.476019, 1.000000
2011.169038, -166.620500, 1.000000
2011.185607, -166.763600, 1.000000
2011.202161, -166.906703, 1.000000
2011.218730, -167.049804, 1.000000
2011.223374, -167.194287, 1.000000
2011.239958, -167.337386, 1.000000
2011.256527, -167.480486, 1.000000
2011.273096, -167.623587, 1.000000
2011.265815, -167.769449, 1.000000
2011.270458, -167.913930, 1.000000
2011.287027, -168.057031, 1.000000
2011.315506, -168.198752, 1.000000
2011.320150, -168.343235, 1.000000
2011.336719, -168.486336, 1.000000
2011.353303, -168.629436, 1.000000
2011.357947, -168.773917, 1.000000
2011.374516, -168.917017, 1.000000
2011.366972, -169.052847, 1.000000
2011.370951, -169.199751, 1.000000
2011.374930, -169.346654, 1.000000
2011.442662, -169.482824, 1.000000
2011.458344, -169.626501, 1.000000
2011.474025, -169.770179, 1.000000
2011.489721, -169.913854, 1.000000
2011.517375, -170.056224, 1.000000
2011.533056, -170.199900, 1.000000
2011.536764, -170.344883, 1.000000
2011.552445, -170.488560, 1.000000
2011.544180, -170.634850, 1.000000
2011.571835, -170.777219, 1.000000
2011.623420, -170.916978, 1.000000
2011.627128, -171.061962, 1.000000
2011.642809, -171.205639, 1.000000
2011.646532, -171.350621, 1.000000
2011.662213, -171.494298, 1.000000
2011.677894, -171.637974, 1.000000
2011.717521, -171.779037, 1.000000
2011.721229, -171.924020, 1.000000
2011.724937, -172.069003, 1.000000
2011.764549, -172.210068, 1.000000
2011.780231, -172.353745, 1.000000
2011.783939, -172.498729, 1.000000
2011.811608, -172.641098, 1.000000
2011.839262, -172.783468, 1.000000
2011.842970, -172.928451, 1.000000
2011.870624, -173.070820, 1.000000
2011.898278, -173.213190, 1.000000
2011.901986, -173.358173, 1.000000
2011.917668, -173.501850, 1.000000
2011.969253, -173.641608, 1.000000
2011.984934, -173.785285, 1.000000
2011.988642, -173.930270, 1.000000
2012.028284, -174.071331, 1.000000
2012.043965, -174.215008, 1.000000
2012.047673, -174.359991, 1.000000
2012.075327, -174.502360, 1.000000
2012.079035, -174.647343, 1.000000
2012.094717, -174.791020, 1.000000
2012.122356, -174.933391, 1.000000
2012.126064, -175.078375, 1.000000
2012.141745, -175.222053, 1.000000
2012.181387, -175.363115, 1.000000
2012.197068, -175.506791, 1.000000
2012.212749, -175.650468, 1.000000
2012.216457, -175.795451, 1.000000
2012.220165, -175.940434, 1.000000
2012.235846, -176.084110, 1.000000
2012.275474, -176.225173, 1.000000
2012.303113, -176.367545, 1.000000
2012.306821, -176.512529, 1.000000
2012.310529, -176.657513, 1.000000
2012.326225, -176.801189, 1.000000
2012.341906, -176.944865, 1.000000
2012.357587, -177.088541, 1.000000
2012.385241, -177.230911, 1.000000
2012.388949, -177.375894, 1.000000
2012.404630, -177.519570, 1.000000
2012.432270, -177.661942, 1.000000
2012.447951, -177.805619, 1.000000
2012.451659, -177.950603, 1.000000
2012.479328, -178.092972, 1.000000
2012.506982, -178.235342, 1.000000
2012.522663, -178.379018, 1.000000
2012.538344, -178.522695, 1.000000
2012.554025, -178.666371, 1.000000
2012.569706, -178.810047, 1.000000
2012.585387, -178.953724, 1.000000
2012.613027, -179.096096, 1.000000
2012.616735, -179.241080, 1.000000
2012.632416, -179.384757, 1.000000
2012.660085, -179.527126, 1.000000
2012.663793, -179.672109, 1.000000
2012.679474, -179.815785, 1.000000
2012.707128, -179.958155, 1.000000
2012.722809, -180.101831, 1.000000
2012.738490, -180.245507, 1.000000
2012.754157, -180.389185, 1.000000
2012.769838, -180.532863, 1.000000
2012.773546, -180.677847, 1.000000
2012.801215, -180.820216, 1.000000
2012.816896, -180.963892, 1.000000
2012.820604, -181.108875, 1.000000
2012.824312, -181.253859, 1.000000
2012.839993, -181.397535, 1.000000
2012.843701, -181.542518, 1.000000
2012.847409, -181.687501, 1.000000
2012.863076, -181.831180, 1.000000
2012.854810, -181.977471, 1.000000
2012.858519, -182.122455, 1.000000
2012.862242, -182.267437, 1.000000
2012.877923, -182.411113, 1.000000
2012.869658, -182.557403, 1.000000
2012.865411, -182.748060, 1.000000
2012.872177, -182.894766, 1.000000
2012.866849, -183.043043, 1.000000
2012.877270, -183.193737, 1.000000
2012.884329, -183.340226, 1.000000
2012.879313, -183.488310, 1.000000
2012.874314, -183.636391, 1.000000
2012.869299, -183.784474, 1.000000
2012.864283, -183.932557, 1.000000
2012.871342, -184.079045, 1.000000
2012.878402, -184.225533, 1.000000
2012.861312, -184.375210, 1.000000
2012.856279, -184.523295, 1.000000
2012.839189, -184.672974, 1.000000
2012.834174, -184.821057, 1.000000
2012.817101, -184.970733, 1.000000
2012.812086, -185.118816, 1.000000
2012.794996, -185.268493, 1.000000
2012.777906, -185.418170, 1.000000
2012.760816, -185.567847, 1.000000
2012.755801, -185.715930, 1.000000
2012.738711, -185.865607, 1.000000
2012.721602, -186.015288, 1.000000
2012.716586, -186.163372, 1.000000
2012.699496, -186.313050, 1.000000
2012.670352, -186.464319, 1.000000
2012.665337, -186.612402, 1.000000
2012.648247, -186.762079, 1.000000
2012.619082, -186.913351, 1.000000
2012.601992, -187.063028, 1.000000
2013.659531, -187.070798, 1.000000
2013.690726, -187.214100, 1.000000
2013.697785, -187.360589, 1.000000
2013.716918, -187.505484, 1.000000
2013.723991, -187.651971, 1.000000
2013.731050, -187.798459, 1.000000
2013.750184, -187.943353, 1.000000
2013.793467, -188.085057, 1.000000
2013.812600, -188.229951, 1.000000
2013.831734, -188.374845, 1.000000
2013.850853, -188.519741, 1.000000
2013.869987, -188.664636, 1.000000
2013.889121, -188.809531, 1.000000
2013.932417, -188.951234, 1.000000
2013.951551, -189.096128, 1.000000
2013.946535, -189.244211, 1.000000
2013.941520, -189.392294, 0.000000
2013.972728, -189.535593, 0.000000
2014.003936, -189.678892, 0.000000
2014.023056, -189.823788, 0.000000
2014.054264, -189.967088, 0.000000
2014.085472, -190.110389, 0.000000
2014.116694, -190.253687, 0.000000
2014.135828, -190.398581, 0.000000
2014.167036, -190.541880, 0.000000
2014.198244, -190.685180, 0.000000
2014.229452, -190.828479, 0.000000
2014.248585, -190.973373, 0.000000
2014.279793, -191.116672, 0.000000
2014.310988, -191.259974, 0.000000
2014.330122, -191.404869, 0.000000
2014.361330, -191.548169, 0.000000
2014.375462, -191.841144, 1.000000
2014.370446, -191.989227, 1.000000
2014.365431, -192.137309, 1.000000
2014.372490, -192.283798, 1.000000
2014.391623, -192.428691, 1.000000
2014.434892, -192.570399, 1.000000
2014.466101, -192.713699, 1.000000
2014.485234, -192.858594, 1.000000
2014.516456, -193.001892, 1.000000
2014.535589, -193.146786, 1.000000
2014.554723, -193.291680, 1.000000
2014.573857, -193.436573, 1.000000
2014.592990, -193.581467, 1.000000
2014.612124, -193.726361, 1.000000
2014.643318, -193.869662, 1.000000
2014.693660, -194.157857, 1.000000
2014.724882, -194.301156, 1.000000
2014.744015, -194.446050, 1.000000
2014.763149, -194.590943, 1.000000
2014.770208, -194.737432, 1.000000
2014.777267, -194.883920, 1.000000
2014.784326, -195.030408, 0.000000
2014.815521, -195.173709, 0.000000
2014.846729, -195.317010, 0.000000
2014.865863, -195.461904, 0.000000
2014.897084, -195.605203, 0.000000
2014.928292, -195.748502, 0.000000
2014.947426, -195.893396, 0.000000
2014.978634, -196.036695, 0.000000
2014.989413, -196.145427, 0.000000
2015.005574, -196.291786, 0.000000
2015.033933, -196.436798, 0.000000
2015.055982, -196.571015, 0.000000
2015.071205, -196.717837, 0.000000
2015.098664, -196.863391, 0.000000
2015.126135, -197.008944, 0.000000
2015.141358, -197.155765, 0.000000
2015.168816, -197.301318, 1.000000
2015.171804, -197.449409, 1.000000
2015.174792, -197.597499, 1.000000
2015.190015, -197.744321, 1.000000
2015.217461, -197.889876, 1.000000
2015.232684, -198.036698, 1.000000
2015.235672, -198.184790, 1.000000
2015.238673, -198.332879, 1.000000
2015.253896, -198.479701, 1.000000
2015.269119, -198.626523, 1.000000
2015.284342, -198.773344, 1.000000
2015.311801, -198.918897, 1.000000
2015.351494, -199.063182, 1.000000
2015.366705, -199.210005, 1.000000
2015.369693, -199.358097, 1.000000
2015.372681, -199.506188, 1.000000
2015.387917, -199.653009, 1.000000
2015.415375, -199.798562, 1.000000
2015.430598, -199.945384, 1.000000
2015.458056, -200.090937, 1.000000
2015.485515, -200.236490, 1.000000
2015.500738, -200.383312, 1.000000
2015.503713, -200.531404, 1.000000
2015.506701, -200.679495, 1.000000
2015.509689, -200.827586, 1.000000
2015.527913, -201.122498, 0.000000
2015.543136, -201.269320, 0.000000
2015.570595, -201.414873, 0.000000
2015.585818, -201.561695, 0.000000
2015.601041, -201.708516, 0.000000
2015.616264, -201.855338, 0.000000
2015.631475, -202.002162, 0.000000
2015.646698, -202.148985, 0.000000
2015.674156, -202.294539, 0.000000
2015.689392, -202.441360, 0.000000
2015.704615, -202.588181, 0.000000
2015.719838, -202.735003, 0.000000
2015.735061, -202.881825, 0.000000
2015.750285, -203.028646, 0.000000
2015.777743, -203.174199, 0.000000
2015.792953, -203.321023, 0.000000
2015.808177, -203.467846, 0.000000
2015.823400, -203.614669, 1.000000
2015.838636, -203.761489, 1.000000
2015.853859, -203.908311, 1.000000
2015.869082, -204.055133, 1.000000
2015.884305, -204.201955, 1.000000
2015.899528, -204.348776, 1.000000
2015.902516, -204.496867, 1.000000
2015.929962, -204.642421, 1.000000
2015.945185, -204.789244, 1.000000
2015.948173, -204.937335, 1.000000
2015.951174, -205.085425, 1.000000
2015.941927, -205.234784, 1.000000
2016.055031, -205.371457, 1.000000
2016.094724, -205.515742, 1.000000
2016.097712, -205.663832, 1.000000
2016.088465, -205.813191, 1.000000
2016.054735, -205.965088, 1.000000
2016.069958, -206.111911, 1.000000
2016.134123, -206.253659, 1.000000
2016.149358, -206.400481, 0.000000
