1983.432689, 98.132036, 1.000000
1983.443412, 97.986760, 1.000000
1983.474693, 97.843057, 1.000000
1983.493865, 97.697757, 1.000000
1983.516735, 97.553120, 1.000000
1983.535964, 97.407500, 1.000000
1983.555194, 97.261881, 1.000000
1983.574423, 97.116262, 1.000000
1983.593640, 96.970642, 1.000000
1983.625004, 96.826626, 1.000000
1983.644233, 96.681008, 1.000000
1983.663462, 96.535390, 1.000000
1983.682692, 96.389771, 1.000000
1983.701921, 96.244153, 1.000000
1983.721163, 96.098536, 1.000000
1983.740392, 95.952916, 1.000000
1983.759621, 95.807297, 1.000000
1983.778838, 95.661677, 1.000000
1983.810202, 95.517661, 1.000000
1983.841566, 95.373645, 1.000000
1983.872930, 95.229629, 0.000000
1983.892160, 95.084011, 0.000000
1983.911389, 94.938393, 0.000000
1983.930631, 94.792776, 0.000000
1983.949860, 94.647156, 0.000000
1983.956955, 94.499935, 0.000000
1983.976171, 94.354314, 0.000000
1983.995400, 94.208696, 0.000000
1984.014630, 94.063078, 0.000000
1984.033859, 93.917459, 0.000000
1984.053088, 93.771841, 0.000000
1984.072317, 93.626223, 0.000000
1984.091559, 93.480606, 0.000000
1984.110789, 93.334987, 0.000000
1984.130018, 93.189368, 0.000000
1984.137100, 93.042144, 0.000000
1984.156329, 92.896526, 0.000000
1984.175558, 92.750908, 0.000000
1984.194787, 92.605290, 0.000000
1984.214017, 92.459671, 0.000000
1984.233246, 92.314053, 0.000000
1984.252488, 92.168437, 0.000000
1984.271717, 92.022817, 0.000000
1984.290946, 91.877198, 0.000000
1984.298041, 91.729976, 0.000000
1984.317258, 91.584356, 0.000000
1984.336487, 91.438738, 0.000000
1984.355716, 91.293120, 0.000000
1984.374945, 91.147502, 0.000000
1984.394174, 91.001883, 0.000000
1984.413404, 90.856265, 0.000000
1984.432645, 90.710648, 0.000000
1984.451875, 90.565028, 0.000000
1984.471104, 90.419409, 0.000000
1984.478186, 90.272186, 0.000000
1984.497415, 90.126568, 0.000000
1984.516644, 89.980950, 0.000000
1984.535874, 89.835332, 0.000000
1984.542968, 89.688111, 1.000000
1984.574332, 89.544095, 1.000000
1984.605709, 89.400080, 1.000000
1984.624938, 89.254461, 1.000000
1984.644167, 89.108842, 1.000000
1984.663384, 88.963221, 1.000000
1984.694748, 88.819206, 1.000000
1984.713978, 88.673587, 1.000000
1984.733207, 88.527969, 1.000000
1984.752436, 88.382351, 1.000000
1984.771665, 88.236733, 1.000000
1984.790907, 88.091116, 1.000000
1984.810136, 87.945496, 1.000000
1984.841501, 87.801480, 1.000000
1984.860717, 87.655859, 1.000000
1984.867812, 87.508638, 1.000000
1984.899176, 87.364622, 1.000000
1984.918405, 87.219004, 1.000000
1984.937634, 87.073386, 1.000000
1984.956863, 86.927768, 1.000000
1984.963970, 86.780549, 1.000000
1984.983200, 86.634929, 1.000000
1985.014564, 86.490912, 1.000000
1985.045928, 86.346896, 0.000000
1985.065145, 86.201276, 0.000000
1985.084374, 86.055657, 0.000000
1985.091468, 85.908437, 0.000000
1985.110698, 85.762818, 0.000000
1985.129927, 85.617200, 0.000000
1985.149156, 85.471582, 0.000000
1985.168398, 85.325965, 0.000000
1985.187627, 85.180345, 0.000000
1985.194722, 85.033123, 0.000000
1985.213939, 84.887503, 0.000000
1985.233168, 84.741885, 0.000000
1985.252397, 84.596267, 0.000000
1985.252721, 84.434422, 0.000000
1985.270493, 84.290340, 0.000000
1985.276259, 84.144778, 0.000000
1985.296652, 83.999505, 0.000000
1985.314330, 83.855195, 0.000000
1985.332008, 83.710885, 0.000000
1985.349674, 83.566574, 0.000000
1985.367352, 83.422266, 0.000000
1985.385030, 83.277957, 0.000000
1985.390682, 83.132175, 0.000000
1985.408360, 82.987867, 0.000000
1985.426038, 82.843558, 0.000000
1985.443716, 82.699249, 0.000000
1985.461406, 82.554941, 0.000000
1985.479084, 82.410631, 0.000000
1985.484736, 82.264848, 0.000000
1985.502402, 82.120538, 0.000000
1985.520080, 81.976229, 0.000000
1985.537758, 81.831920, 0.000000
1985.555435, 81.687612, 0.000000
1985.573113, 81.543303, 0.000000
1985.578766, 81.397521, 0.000000
1985.596456, 81.253214, 0.000000
1985.614134, 81.108904, 0.000000
1985.631812, 80.964594, 1.000000
1985.661503, 80.821756, 1.000000
1985.679181, 80.677448, 1.000000
1985.696859, 80.533139, 1.000000
1985.714537, 80.388830, 1.000000
1985.732215, 80.244521, 1.000000
1985.749893, 80.100213, 1.000000
1985.767571, 79.955904, 1.000000
1985.785261, 79.811596, 1.000000
1985.802939, 79.667286, 1.000000
1985.820617, 79.522976, 1.000000
1985.850308, 79.380139, 1.000000
1985.867986, 79.235830, 1.000000
1985.885664, 79.091522, 1.000000
1985.903342, 78.947213, 1.000000
1985.933045, 78.804377, 1.000000
1985.962749, 78.661542, 1.000000
1985.980439, 78.517234, 1.000000
1986.010143, 78.374398, 1.000000
1986.027821, 78.230088, 1.000000
1986.045487, 78.085777, 1.000000
1986.063165, 77.941468, 1.000000
1986.092868, 77.798633, 1.000000
1986.110546, 77.654324, 1.000000
1986.097799, 77.359814, 0.000000
1986.115477, 77.215505, 0.000000
1986.133167, 77.071197, 0.000000
1986.150845, 76.926887, 0.000000
1986.168523, 76.782578, 0.000000
1986.186189, 76.638267, 0.000000
1986.203867, 76.493958, 0.000000
1986.221545, 76.349650, 0.000000
1986.239222, 76.205341, 0.000000
1986.256900, 76.061032, 0.000000
1986.274578, 75.916724, 0.000000
1986.292268, 75.772416, 0.000000
1986.309946, 75.628106, 0.000000
1986.327624, 75.483797, 0.000000
1986.345290, 75.339486, 0.000000
1986.362968, 75.195177, 0.000000
1986.380646, 75.050868, 0.000000
1986.398324, 74.906559, 0.000000
1986.428027, 74.763724, 0.000000
1986.445705, 74.619415, 0.000000
1986.463383, 74.475107, 0.000000
1986.481074, 74.330798, 0.000000
1986.498752, 74.186489, 0.000000
1986.516430, 74.042179, 0.000000
1986.534095, 73.897868, 0.000000
1986.551773, 73.753560, 0.000000
1986.569451, 73.609251, 0.000000
1986.587129, 73.464942, 0.000000
1986.604807, 73.320634, 0.000000
1986.622485, 73.176325, 0.000000
1986.640175, 73.032017, 0.000000
1986.657853, 72.887708, 0.000000
1986.675531, 72.743398, 0.000000
1986.693197, 72.599087, 0.000000
1986.710874, 72.454778, 0.000000
1986.728552, 72.310469, 0.000000
1986.746230, 72.166161, 0.000000
1986.751882, 72.020379, 1.000000
1986.793612, 71.879016, 1.000000
1986.763187, 71.728815, 1.000000
1986.768851, 71.583034, 1.000000
1986.798555, 71.440197, 1.000000
1986.804207, 71.294414, 1.000000
1986.821873, 71.150104, 1.000000
1986.839551, 71.005795, 1.000000
1986.869254, 70.862960, 1.000000
1986.894108, 70.711725, 1.000000
1986.911213, 70.566758, 1.000000
1986.928318, 70.421792, 1.000000
1986.953971, 70.268824, 1.000000
1986.970403, 70.123084, 1.000000
1986.986835, 69.977344, 1.000000
1987.003255, 69.831603, 1.000000
1987.019687, 69.685865, 1.000000
1987.036119, 69.540126, 1.000000
1987.052552, 69.394387, 1.000000
1987.068984, 69.248648, 1.000000
1987.085416, 69.102910, 1.000000
1987.113993, 68.958540, 1.000000
1987.191162, 68.819649, 1.000000
1987.207594, 68.673909, 1.000000
1987.236171, 68.529538, 0.000000
1987.252591, 68.383798, 0.000000
1987.269023, 68.238059, 0.000000
1987.285455, 68.092320, 0.000000
1987.289742, 67.945212, 0.000000
1987.306174, 67.799473, 0.000000
1987.322606, 67.653735, 0.000000
1987.339051, 67.507997, 0.000000
1987.355483, 67.362257, 0.000000
1987.371916, 67.216517, 0.000000
1987.388335, 67.070776, 0.000000
1987.404767, 66.925037, 0.000000
1987.421199, 66.779299, 0.000000
1987.425486, 66.632191, 0.000000
1987.441918, 66.486452, 0.000000
1987.458351, 66.340713, 0.000000
1987.474783, 66.194974, 0.000000
1987.491227, 66.049236, 0.000000
1987.507660, 65.903496, 0.000000
1987.524092, 65.757756, 0.000000
1987.540511, 65.612016, 0.000000
1987.556943, 65.466277, 0.000000
1987.561231, 65.319169, 0.000000
1987.577663, 65.173430, 0.000000
1987.594095, 65.027692, 0.000000
1987.610527, 64.881953, 0.000000
1987.626972, 64.736215, 0.000000
1987.643404, 64.590475, 0.000000
1987.659836, 64.444735, 0.000000
1987.676256, 64.298994, 0.000000
1987.692688, 64.153256, 0.000000
1987.696975, 64.006148, 0.000000
1987.713407, 63.860409, 0.000000
1987.729839, 63.714670, 0.000000
1987.746271, 63.568931, 0.000000
1987.738413, 63.420454, 1.000000
1987.767003, 63.276085, 1.000000
1987.795580, 63.131714, 1.000000
1987.812012, 62.985975, 1.000000
1987.828432, 62.840234, 1.000000
1987.844864, 62.694495, 1.000000
1987.861296, 62.548757, 1.000000
1987.877728, 62.403018, 1.000000
1987.894160, 62.257279, 1.000000
1987.922737, 62.112910, 1.000000
1987.914892, 61.964433, 1.000000
1987.931324, 61.818693, 1.000000
1987.959901, 61.674323, 1.000000
1987.976321, 61.528582, 1.000000
1987.992753, 61.382843, 1.000000
1988.009185, 61.237104, 1.000000
1988.025617, 61.091366, 1.000000
1988.042049, 60.945627, 1.000000
1988.070626, 60.801258, 1.000000
1988.074914, 60.654149, 1.000000
1988.091358, 60.508411, 1.000000
1988.107790, 60.362671, 1.000000
1988.136368, 60.218301, 1.000000
1988.164932, 60.073930, 1.000000
1988.181364, 59.928191, 1.000000
1988.197796, 59.782452, 0.000000
1988.214228, 59.636713, 0.000000
1988.230660, 59.490975, 0.000000
1988.247092, 59.345236, 0.000000
1988.263537, 59.199498, 0.000000
1988.279969, 59.053758, 0.000000
1988.296402, 58.908018, 0.000000
1988.312821, 58.762277, 0.000000
1988.329253, 58.616539, 0.000000
1988.345685, 58.470800, 0.000000
1988.362117, 58.325061, 0.000000
1988.378550, 58.179322, 0.000000
1988.394982, 58.033584, 0.000000
1988.411414, 57.887845, 0.000000
1988.427859, 57.742107, 0.000000
1988.444291, 57.596367, 0.000000
1988.460723, 57.450627, 0.000000
1988.477142, 57.304887, 0.000000
1988.493574, 57.159148, 0.000000
1988.497862, 57.012040, 0.000000
1988.484040, 56.882350, 0.000000
1988.501707, 56.739247, 0.000000
1988.519374, 56.596144, 0.000000
1988.548088, 56.468666, 0.000000
1988.567111, 56.324662, 0.000000
1988.586133, 56.180657, 0.000000
1988.605143, 56.036651, 0.000000
1988.624166, 55.892648, 0.000000
1988.643188, 55.748645, 0.000000
1988.662210, 55.604641, 0.000000
1988.681232, 55.460638, 0.000000
1988.700255, 55.316635, 0.000000
1988.719277, 55.172631, 0.000000
1988.738312, 55.028629, 0.000000
1988.757334, 54.884625, 0.000000
1988.776356, 54.740620, 0.000000
1988.795366, 54.596615, 0.000000
1988.814389, 54.452611, 0.000000
1988.809410, 54.305438, 1.000000
1988.840433, 54.163019, 1.000000
1988.859455, 54.019016, 1.000000
1988.890478, 53.876598, 1.000000
1988.909500, 53.732595, 1.000000
1988.916534, 53.587007, 1.000000
1988.935557, 53.443002, 1.000000
1988.966579, 53.300583, 1.000000
1988.973589, 53.154993, 1.000000
1989.004612, 53.012574, 1.000000
1989.023634, 52.868571, 1.000000
1989.030656, 52.722982, 1.000000
1989.049678, 52.578979, 1.000000
1989.068700, 52.434976, 1.000000
1989.087735, 52.290974, 1.000000
1989.106757, 52.146970, 1.000000
1989.125780, 52.002965, 1.000000
1989.144802, 51.858961, 1.000000
1989.163812, 51.714956, 1.000000
1989.182834, 51.570952, 1.000000
1989.213857, 51.428534, 0.000000
1989.232879, 51.284531, 0.000000
1989.251901, 51.140527, 0.000000
1989.270924, 50.996524, 0.000000
1989.289958, 50.852522, 0.000000
1989.296980, 50.706932, 0.000000
1989.316003, 50.562928, 0.000000
1989.335013, 50.418922, 0.000000
1989.354035, 50.274919, 0.000000
1989.373057, 50.130915, 0.000000
1989.392080, 49.986912, 0.000000
1989.411102, 49.842909, 0.000000
1989.430124, 49.698905, 0.000000
1989.449146, 49.554902, 0.000000
1989.468181, 49.410900, 0.000000
1989.475203, 49.265310, 0.000000
1989.494225, 49.121306, 0.000000
1989.513235, 48.977300, 0.000000
1989.532258, 48.833297, 0.000000
1989.551280, 48.689293, 0.000000
1989.570302, 48.545290, 0.000000
1989.589324, 48.401287, 0.000000
1989.608347, 48.257283, 0.000000
1989.627369, 48.113280, 0.000000
1989.646404, 47.969277, 0.000000
1989.653426, 47.823688, 0.000000
1989.672448, 47.679683, 0.000000
1989.691458, 47.535678, 0.000000
1989.710480, 47.391675, 0.000000
1989.729503, 47.247671, 0.000000
1989.748525, 47.103668, 0.000000
1989.767547, 46.959665, 0.000000
1989.786569, 46.815661, 0.000000
1989.805604, 46.671659, 0.000000
1989.824626, 46.527655, 0.000000
1989.843649, 46.383651, 0.000000
1989.850671, 46.238061, 0.000000
1989.869681, 46.094056, 0.000000
1989.888703, 45.950053, 0.000000
1989.907725, 45.806049, 0.000000
1989.926748, 45.662046, 0.000000
1989.933770, 45.516457, 1.000000
1989.964792, 45.374039, 1.000000
1989.947825, 45.225282, 1.000000
1989.954847, 45.079692, 1.000000
1989.985870, 44.937273, 1.000000
1989.992881, 44.791682, 1.000000
1990.011903, 44.647678, 1.000000
1990.030925, 44.503675, 1.000000
1990.049947, 44.359672, 1.000000
1990.056969, 44.214083, 1.000000
1990.075992, 44.070080, 1.000000
1990.107014, 43.927662, 1.000000
1990.126048, 43.783659, 1.000000
1990.145071, 43.639655, 1.000000
1990.164093, 43.495650, 1.000000
1990.171103, 43.350060, 1.000000
1990.190126, 43.206056, 1.000000
1990.209148, 43.062053, 1.000000
1990.265562, 42.894596, 1.000000
1990.282342, 42.748285, 1.000000
1990.347893, 42.607567, 1.000000
1990.376866, 42.462654, 1.000000
1990.392712, 42.297471, 0.000000
1990.407490, 42.153187, 0.000000
1990.422268, 42.008903, 0.000000
1990.437034, 41.864618, 0.000000
1990.451812, 41.720336, 0.000000
1990.466590, 41.576053, 0.000000
1990.481369, 41.431770, 0.000000
1990.496147, 41.287487, 0.000000
1990.510925, 41.143204, 0.000000
1990.525703, 40.998922, 0.000000
1990.540494, 40.854639, 0.000000
1990.555272, 40.710355, 0.000000
1990.570050, 40.566071, 0.000000
1990.584816, 40.421787, 0.000000
1990.599594, 40.277504, 0.000000
1990.614373, 40.133221, 0.000000
1990.629151, 39.988938, 0.000000
1990.643929, 39.844656, 0.000000
1990.658707, 39.700373, 0.000000
1990.673485, 39.556090, 0.000000
1990.688276, 39.411808, 0.000000
1990.691031, 39.266292, 0.000000
1990.705809, 39.122008, 0.000000
1990.720575, 38.977724, 0.000000
1990.735353, 38.833441, 0.000000
1990.750131, 38.689158, 0.000000
1990.764910, 38.544875, 0.000000
1990.779688, 38.400593, 0.000000
1990.794466, 38.256310, 0.000000
1990.809244, 38.112027, 0.000000
1990.824035, 37.967745, 0.000000
1990.838813, 37.823461, 0.000000
1990.853591, 37.679177, 0.000000
1990.868357, 37.534892, 0.000000
1990.883135, 37.390610, 0.000000
1990.897914, 37.246327, 0.000000
1990.912692, 37.102044, 0.000000
1990.927470, 36.957761, 0.000000
1990.942248, 36.813478, 0.000000
1990.957026, 36.669196, 0.000000
1990.971817, 36.524913, 0.000000
1990.974571, 36.379398, 1.000000
1991.001373, 36.236345, 1.000000
1990.968045, 36.087135, 1.000000
1990.994847, 35.944083, 1.000000
1991.009625, 35.799801, 1.000000
1991.012380, 35.654286, 1.000000
1991.027158, 35.510004, 1.000000
1991.041936, 35.365721, 1.000000
1991.056714, 35.221438, 1.000000
1991.059481, 35.075924, 1.000000
1991.086283, 34.932872, 1.000000
1991.101061, 34.788588, 1.000000
1991.103804, 34.643072, 1.000000
1991.118582, 34.498789, 1.000000
1991.133360, 34.354506, 1.000000
1991.136115, 34.208992, 1.000000
1991.150893, 34.064709, 1.000000
1991.165671, 33.920426, 1.000000
1991.180449, 33.776143, 1.000000
1991.195239, 33.631861, 1.000000
1991.258112, 33.492503, 1.000000
1991.272891, 33.348219, 1.000000
1991.311704, 33.206398, 0.000000
1991.326482, 33.062115, 0.000000
1991.341260, 32.917832, 0.000000
1991.356038, 32.773549, 0.000000
1991.370817, 32.629267, 0.000000
1991.385595, 32.484984, 0.000000
1991.400373, 32.340701, 0.000000
1991.415164, 32.196419, 0.000000
1991.429942, 32.052135, 0.000000
1991.444720, 31.907851, 0.000000
1991.459486, 31.763566, 0.000000
1991.474264, 31.619284, 0.000000
1991.489042, 31.475001, 0.000000
1991.503821, 31.330718, 0.000000
1991.518599, 31.186435, 0.000000
1991.533377, 31.042152, 0.000000
1991.548155, 30.897870, 0.000000
1991.562946, 30.753587, 0.000000
1991.577724, 30.609303, 0.000000
1991.592502, 30.465019, 0.000000
1991.607268, 30.320735, 0.000000
1991.622047, 30.176452, 0.000000
1991.636825, 30.032169, 0.000000
1991.651603, 29.887886, 0.000000
1991.666381, 29.743604, 0.000000
1991.681159, 29.599321, 0.000000
1991.695937, 29.455038, 0.000000
1991.710728, 29.310756, 0.000000
1991.725506, 29.166472, 0.000000
1991.740285, 29.022188, 0.000000
1991.755051, 28.877903, 0.000000
1991.769829, 28.733620, 0.000000
1991.784607, 28.589338, 0.000000
1991.799507, 28.437271, 0.000000
1991.813614, 28.292968, 0.000000
1991.827720, 28.148665, 0.000000
1991.841827, 28.004362, 0.000000
1991.855607, 27.851943, 0.000000
1991.869014, 27.707618, 0.000000
1991.882422, 27.563293, 0.000000
1991.799601, 27.410029, 1.000000
1991.813008, 27.265705, 1.000000
1991.838442, 27.122498, 1.000000
1991.851850, 26.978174, 1.000000
1991.865257, 26.833850, 1.000000
1991.878664, 26.689526, 1.000000
1991.892071, 26.545201, 1.000000
1991.905491, 26.400878, 1.000000
1991.918898, 26.256552, 1.000000
1991.932305, 26.112227, 1.000000
1991.945701, 25.967902, 1.000000
1991.971135, 25.824695, 1.000000
1991.984543, 25.680371, 1.000000
1991.997950, 25.536047, 1.000000
1992.011357, 25.391723, 1.000000
1992.024765, 25.247399, 1.000000
1992.038172, 25.103075, 1.000000
1992.051591, 24.958751, 1.000000
1992.064998, 24.814426, 1.000000
1992.126514, 24.674570, 1.000000
1992.139909, 24.530244, 1.000000
1992.177371, 24.388154, 0.000000
1992.190778, 24.243830, 0.000000
1992.204185, 24.099506, 0.000000
1992.217593, 23.955182, 0.000000
1992.231000, 23.810858, 0.000000
1992.244407, 23.666534, 0.000000
1992.257827, 23.522210, 0.000000
1992.271234, 23.377885, 0.000000
1992.284642, 23.233560, 0.000000
1992.298037, 23.089234, 0.000000
1992.299417, 22.943793, 0.000000
1992.312824, 22.799469, 0.000000
1992.326232, 22.655145, 0.000000
1992.339639, 22.510821, 0.000000
1992.353046, 22.366497, 0.000000
1992.366454, 22.222172, 0.000000
1992.379873, 22.077849, 0.000000
1992.393281, 21.933523, 0.000000
1992.406688, 21.789198, 0.000000
1992.420083, 21.644873, 0.000000
1992.433491, 21.500549, 0.000000
1992.446898, 21.356224, 0.000000
1992.460305, 21.211900, 0.000000
1992.473712, 21.067576, 0.000000
1992.487120, 20.923252, 0.000000
1992.500527, 20.778928, 0.000000
1992.513947, 20.634604, 0.000000
1992.527354, 20.490279, 0.000000
1992.540761, 20.345954, 0.000000
1992.542130, 20.200511, 0.000000
1992.555537, 20.056187, 0.000000
1992.568944, 19.911863, 0.000000
1992.582352, 19.767539, 0.000000
1992.595759, 19.623215, 0.000000
1992.609166, 19.478891, 0.000000
1992.622573, 19.334567, 0.000000
1992.635993, 19.190243, 0.000000
1992.649400, 19.045918, 0.000000
1992.662808, 18.901593, 0.000000
1992.652149, 18.755032, 1.000000
1992.677583, 18.611826, 1.000000
1992.654910, 18.464150, 1.000000
1992.668317, 18.319826, 1.000000
1992.669697, 18.174384, 1.000000
1992.683105, 18.030060, 1.000000
1992.708539, 17.886853, 1.000000
1992.709931, 17.741412, 1.000000
1992.723338, 17.597087, 1.000000
1992.736746, 17.452762, 1.000000
1992.750141, 17.308436, 1.000000
1992.763549, 17.164112, 1.000000
1992.776956, 17.019788, 1.000000
1992.790363, 16.875464, 1.000000
1992.803771, 16.731140, 1.000000
1992.817178, 16.586816, 1.000000
1992.830585, 16.442492, 1.000000
1992.845385, 16.152726, 1.000000
1992.906900, 16.012870, 1.000000
1992.920296, 15.868544, 1.000000
1992.921676, 15.723103, 0.000000
1992.935083, 15.578779, 0.000000
1992.948491, 15.434454, 0.000000
1992.961898, 15.290130, 0.000000
1992.975305, 15.145806, 0.000000
1992.988713, 15.001482, 0.000000
1993.014159, 14.858276, 0.000000
1993.027566, 14.713951, 0.000000
1993.040974, 14.569625, 0.000000
1993.054369, 14.425300, 0.000000
1993.067776, 14.280976, 0.000000
1993.081184, 14.136652, 0.000000
1993.082956, 14.029512, 0.000000
1993.099652, 13.886270, 0.000000
1993.133045, 13.599788, 0.000000
1993.198173, 13.481758, 0.000000
1993.217196, 13.335468, 0.000000
1993.236218, 13.189177, 0.000000
1993.255228, 13.042886, 0.000000
1993.274250, 12.896597, 0.000000
1993.293273, 12.750308, 0.000000
1993.312295, 12.604019, 0.000000
1993.331317, 12.457730, 0.000000
1993.350339, 12.311441, 0.000000
1993.369374, 12.165153, 0.000000
1993.400587, 12.020448, 0.000000
1993.419610, 11.874158, 0.000000
1993.438632, 11.727868, 0.000000
1993.457642, 11.581577, 0.000000
1993.476664, 11.435288, 0.000000
1993.495686, 11.288999, 0.000000
1993.514709, 11.142709, 0.000000
1993.533731, 10.996420, 0.000000
1993.552753, 10.850131, 0.000000
1993.571788, 10.703843, 0.000000
1993.590810, 10.557553, 0.000000
1993.622023, 10.412848, 0.000000
1993.660056, 10.120267, 0.000000
1993.679078, 9.973978, 0.000000
1993.698100, 9.827689, 0.000000
1993.717122, 9.681400, 1.000000
1993.748335, 9.536696, 1.000000
1993.779549, 9.391992, 1.000000
1993.798583, 9.245704, 1.000000
1993.817606, 9.099414, 1.000000
1993.836628, 8.953124, 1.000000
1993.855638, 8.806832, 1.000000
1993.874660, 8.660543, 1.000000
1993.905873, 8.515839, 1.000000
1993.924896, 8.369550, 1.000000
1993.943918, 8.223261, 1.000000
1993.962940, 8.076972, 1.000000
1993.981962, 7.930683, 1.000000
1993.988806, 7.782809, 1.000000
1994.007829, 7.636519, 1.000000
1994.039042, 7.491814, 1.000000
1994.045861, 7.343938, 1.000000
1994.077074, 7.199234, 1.000000
1994.096096, 7.052945, 1.000000
1994.102928, 6.905070, 1.000000
1994.134141, 6.760366, 1.000000
1994.153163, 6.614077, 1.000000
1994.196580, 6.470960, 0.000000
1994.215602, 6.324670, 0.000000
1994.234624, 6.178380, 0.000000
1994.253647, 6.032090, 0.000000
1994.272656, 5.885799, 0.000000
1994.291679, 5.739510, 0.000000
1994.310701, 5.593220, 0.000000
1994.329723, 5.446931, 0.000000
1994.348745, 5.300642, 0.000000
1994.367768, 5.154353, 0.000000
1994.374612, 5.006480, 0.000000
1994.393634, 4.860190, 0.000000
1994.412657, 4.713900, 0.000000
1994.431666, 4.567608, 0.000000
1994.450689, 4.421319, 0.000000
1994.469711, 4.275030, 0.000000
1994.488733, 4.128741, 0.000000
1994.507755, 3.982452, 0.000000
1994.526778, 3.836162, 0.000000
1994.545800, 3.689873, 0.000000
1994.564835, 3.543585, 0.000000
1994.583857, 3.397295, 0.000000
1994.602880, 3.251005, 0.000000
1994.621889, 3.104713, 0.000000
1994.640912, 2.958424, 0.000000
1994.659934, 2.812135, 0.000000
1994.678956, 2.665846, 0.000000
1994.697978, 2.519557, 0.000000
1994.704810, 2.371683, 0.000000
1994.723832, 2.225394, 0.000000
1994.742867, 2.079105, 0.000000
1994.761889, 1.932815, 0.000000
1994.780912, 1.786525, 0.000000
1994.799922, 1.640234, 0.000000
1994.818944, 1.493944, 0.000000
1994.837966, 1.347655, 0.000000
1994.856988, 1.201366, 0.000000
1994.863820, 1.053492, 1.000000
1994.895033, 0.908788, 1.000000
1994.914068, 0.762500, 1.000000
1994.933090, 0.616210, 1.000000
1994.964303, 0.471505, 1.000000
1994.983326, 0.325215, 1.000000
1995.002335, 0.178924, 1.000000
1995.021358, 0.032635, 1.000000
1995.040380, -0.113654, 1.000000
1995.026527, -0.272378, 1.000000
1995.044541, -0.416957, 1.000000
1995.062555, -0.561536, 1.000000
1995.091784, -0.709437, 1.000000
1995.109535, -0.854976, 1.000000
1995.127287, -1.000514, 1.000000
1995.145039, -1.146053, 1.000000
1995.150649, -1.293072, 1.000000
1995.180529, -1.437130, 1.000000
1995.198281, -1.582668, 1.000000
1995.233784, -1.873744, 1.000000
1995.287920, -2.014844, 0.000000
1995.305684, -2.160380, 0.000000
1995.323436, -2.305919, 0.000000
1995.341187, -2.451458, 0.000000
1995.358939, -2.596997, 0.000000
1995.376678, -2.742536, 0.000000
1995.394429, -2.888074, 0.000000
1995.400053, -3.035091, 0.000000
1995.417804, -3.180629, 0.000000
1995.435556, -3.326166, 0.000000
1995.453307, -3.471704, 0.000000
1995.471071, -3.617241, 0.000000
1995.488823, -3.762779, 0.000000
1995.506575, -3.908318, 0.000000
1995.524326, -4.053857, 0.000000
1995.542065, -4.199397, 0.000000
1995.559817, -4.344934, 0.000000
1995.577568, -4.490472, 0.000000
1995.595320, -4.636010, 0.000000
1995.613071, -4.781548, 0.000000
1995.618695, -4.928565, 0.000000
1995.636459, -5.074101, 0.000000
1995.654210, -5.219640, 0.000000
1995.671962, -5.365179, 0.000000
1995.689714, -5.510718, 0.000000
1995.707453, -5.656257, 0.000000
1995.725204, -5.801795, 0.000000
1995.742956, -5.947333, 0.000000
1995.760707, -6.092870, 0.000000
1995.778459, -6.238408, 0.000000
1995.796210, -6.383946, 0.000000
1995.813974, -6.529482, 0.000000
1995.831726, -6.675021, 0.000000
1995.837350, -6.822039, 0.000000
1995.855101, -6.967578, 0.000000
1995.872840, -7.113118, 0.000000
1995.890592, -7.258655, 0.000000
1995.908343, -7.404193, 0.000000
1995.926095, -7.549731, 0.000000
1996.299759, -10.310518, 1.000000
1996.317511, -10.456055, 1.000000
1996.335262, -10.601593, 1.000000
1996.365142, -10.745652, 1.000000
1996.412786, -11.035248, 0.000000
1996.430538, -11.180787, 0.000000
1996.448289, -11.326325, 0.000000
1996.466028, -11.471865, 0.000000
1996.483779, -11.617403, 0.000000
1996.501531, -11.762940, 0.000000
1996.519283, -11.908478, 0.000000
1996.537034, -12.054016, 0.000000
1996.554786, -12.199554, 0.000000
1996.572550, -12.345090, 0.000000
1996.590302, -12.490629, 0.000000
1996.608053, -12.636168, 0.000000
1996.625805, -12.781707, 0.000000
1996.643544, -12.927246, 0.000000
1996.661295, -13.072784, 0.000000
1996.679047, -13.218322, 0.000000
1996.696798, -13.363859, 0.000000
1996.714550, -13.509397, 0.000000
1996.732301, -13.654935, 0.000000
1996.762194, -13.798992, 0.000000
1996.779946, -13.944531, 0.000000
1996.797697, -14.090070, 0.000000
1996.815449, -14.235609, 0.000000
1996.833187, -14.381148, 0.000000
1996.850939, -14.526686, 0.000000
1996.868690, -14.672224, 0.000000
1996.885675, -14.817366, 0.000000
1996.903455, -14.962840, 0.000000
1996.921236, -15.108313, 0.000000
1996.923227, -15.255223, 0.000000
1996.940873, -15.399410, 0.000000
1996.958519, -15.543597, 0.000000
1996.976165, -15.687783, 0.000000
1996.993798, -15.831971, 0.000000
1997.011444, -15.976156, 0.000000
1997.029090, -16.120342, 0.000000
1997.046736, -16.264527, 0.000000
1997.064382, -16.408713, 0.000000
1997.070012, -16.554369, 1.000000
1997.087658, -16.698555, 1.000000
1997.105317, -16.842739, 1.000000
1997.134978, -16.985455, 1.000000
1997.152624, -17.129642, 1.000000
1997.170257, -17.273830, 1.000000
1997.187903, -17.418016, 1.000000
1997.205549, -17.562201, 1.000000
1997.235210, -17.704916, 1.000000
1997.240841, -17.850572, 1.000000
1997.258486, -17.994758, 1.000000
1997.288148, -18.137473, 1.000000
1997.305807, -18.281657, 1.000000
1997.323453, -18.425844, 1.000000
1997.341099, -18.570030, 1.000000
1997.370760, -18.712746, 1.000000
1997.376377, -18.858404, 1.000000
1997.406039, -19.001119, 1.000000
1997.423685, -19.145305, 1.000000
1997.441331, -19.289490, 1.000000
1997.458976, -19.433676, 1.000000
1997.476622, -19.577862, 1.000000
1997.506284, -19.720577, 1.000000
1997.523943, -19.864761, 1.000000
1997.553604, -20.007477, 0.000000
1997.571250, -20.151664, 0.000000
1997.588883, -20.295852, 0.000000
1997.606529, -20.440038, 0.000000
1997.624175, -20.584223, 0.000000
1997.629805, -20.729879, 0.000000
1997.647451, -20.874065, 0.000000
1997.665097, -21.018250, 0.000000
1997.682743, -21.162436, 0.000000
1997.700402, -21.306620, 0.000000
1997.718048, -21.450807, 0.000000
1997.735694, -21.594993, 0.000000
1997.753340, -21.739180, 0.000000
1997.770972, -21.883367, 0.000000
1997.788618, -22.027553, 0.000000
1997.794249, -22.173209, 0.000000
1997.811894, -22.317394, 0.000000
1997.829540, -22.461580, 0.000000
1997.847186, -22.605766, 0.000000
1997.864832, -22.749951, 0.000000
1997.882491, -22.894136, 0.000000
1997.917783, -23.182509, 0.000000
1997.935416, -23.326697, 0.000000
1997.953062, -23.470883, 0.000000
1997.958692, -23.616539, 0.000000
1997.976338, -23.760724, 0.000000
1997.993984, -23.904910, 0.000000
1998.011630, -24.049095, 0.000000
1998.029276, -24.193281, 0.000000
1998.046935, -24.337465, 0.000000
1998.064581, -24.481652, 0.000000
1998.082227, -24.625838, 0.000000
1998.099873, -24.770025, 0.000000
1998.117505, -24.914212, 0.000000
1998.123136, -25.059868, 0.000000
1998.140782, -25.204054, 0.000000
1998.158428, -25.348239, 0.000000
1998.176073, -25.492425, 0.000000
1998.193719, -25.636610, 0.000000
1998.211365, -25.780796, 1.000000
1998.241040, -25.923510, 1.000000
1998.258686, -26.067697, 1.000000
1998.276331, -26.211883, 1.000000
1998.293964, -26.356071, 1.000000
1998.311610, -26.500257, 1.000000
1998.329256, -26.644443, 1.000000
1998.358917, -26.787158, 1.000000
1998.364548, -26.932814, 1.000000
1998.394209, -27.075529, 1.000000
1998.411855, -27.219714, 1.000000
1998.417498, -27.365369, 1.000000
1998.435144, -27.509556, 1.000000
1998.464806, -27.652272, 1.000000
1998.482452, -27.796458, 1.000000
1998.488069, -27.942116, 1.000000
1998.505715, -28.086302, 1.000000
1998.535377, -28.229017, 1.000000
1998.541007, -28.374673, 1.000000
1998.763534, -30.247464, 0.000000
1998.776794, -30.390945, 0.000000
1998.794458, -30.534214, 0.000000
1998.812122, -30.677484, 0.000000
1998.817846, -30.822226, 0.000000
1998.835497, -30.965496, 0.000000
1998.853160, -31.108765, 0.000000
1998.870824, -31.252033, 0.000000
1998.888487, -31.395302, 0.000000
1998.894212, -31.540043, 0.000000
1998.911875, -31.683311, 0.000000
1998.929539, -31.826580, 0.000000
1998.947215, -31.969848, 0.000000
1998.964879, -32.113117, 0.000000
1998.970604, -32.257859, 0.000000
1998.988254, -32.401130, 0.000000
1999.005918, -32.544399, 0.000000
1999.023582, -32.687667, 0.000000
1999.041245, -32.830936, 0.000000
1999.046969, -32.975677, 0.000000
1999.064633, -33.118945, 0.000000
1999.082297, -33.262214, 0.000000
1999.099973, -33.405481, 0.000000
1999.117636, -33.548751, 0.000000
1999.123361, -33.693492, 0.000000
1999.141024, -33.836762, 0.000000
1999.158676, -33.980033, 0.000000
1999.176339, -34.123301, 0.000000
1999.194003, -34.266570, 0.000000
1999.199727, -34.411311, 0.000000
1999.217391, -34.554579, 0.000000
1999.246993, -34.696376, 1.000000
1999.276596, -34.838173, 1.000000
1999.306211, -34.979968, 1.000000
1999.276118, -35.129126, 1.000000
1999.305721, -35.270924, 1.000000
1999.311433, -35.415667, 1.000000
1999.329097, -35.558935, 1.000000
1999.346760, -35.702204, 1.000000
1999.364424, -35.845473, 1.000000
1999.394026, -35.987269, 1.000000
1999.411690, -36.130538, 1.000000
1999.417414, -36.275278, 1.000000
1999.435090, -36.418546, 1.000000
1999.452754, -36.561815, 1.000000
1999.470417, -36.705085, 1.000000
1999.488081, -36.848355, 1.000000
1999.517671, -36.990153, 1.000000
1999.535335, -37.133422, 1.000000
1999.552998, -37.276691, 1.000000
1999.570662, -37.419959, 1.000000
1999.588325, -37.563228, 1.000000
1999.617928, -37.705025, 1.000000
1999.683348, -37.842405, 1.000000
1999.712963, -37.984201, 1.000000
1999.754505, -38.124527, 0.000000
1999.772169, -38.267797, 0.000000
1999.789819, -38.411068, 0.000000
1999.807483, -38.554336, 0.000000
1999.825147, -38.697605, 0.000000
1999.842810, -38.840874, 0.000000
1999.860474, -38.984142, 0.000000
1999.878137, -39.127411, 0.000000
1999.895801, -39.270679, 0.000000
1999.913477, -39.413947, 0.000000
1979.830617, 97.660609, 1.000000
1979.859344, 97.513846, 1.000000
1979.878516, 97.368546, 1.000000
1979.885580, 97.221648, 1.000000
1979.900522, 97.075591, 1.000000
1979.931886, 96.931574, 1.000000
1979.951116, 96.785954, 1.000000
1979.958210, 96.638733, 1.000000
1979.965319, 96.491514, 1.000000
1979.984548, 96.345896, 1.000000
1980.003777, 96.200277, 1.000000
1980.023006, 96.054659, 1.000000
1980.030101, 95.907438, 1.000000
1980.049330, 95.761820, 1.000000
1980.080680, 95.617802, 1.000000
1980.099909, 95.472182, 1.000000
1980.119139, 95.326563, 1.000000
1980.138382, 95.180946, 1.000000
1980.157611, 95.035328, 1.000000
1980.176841, 94.889710, 1.000000
1980.244609, 94.750501, 1.000000
1980.263838, 94.604883, 1.000000
1980.283068, 94.459265, 1.000000
1980.265878, 94.308837, 1.000000
1980.285108, 94.163218, 1.000000
1980.292202, 94.015996, 1.000000
1980.323580, 93.871981, 1.000000
1980.330675, 93.724761, 1.000000
1980.349904, 93.579142, 1.000000
1980.381268, 93.435127, 1.000000
1980.400497, 93.289508, 1.000000
1980.395457, 93.140685, 1.000000
1980.426807, 92.996667, 1.000000
1980.458171, 92.852650, 1.000000
1980.477400, 92.707031, 1.000000
1980.496644, 92.561414, 1.000000
1980.515873, 92.415796, 1.000000
1980.522967, 92.268575, 1.000000
1980.554331, 92.124559, 1.000000
1980.573561, 91.978941, 1.000000
1980.592790, 91.833323, 1.000000
1980.612005, 91.687703, 1.000000
1980.643369, 91.543686, 1.000000
1980.650464, 91.396464, 1.000000
1980.681828, 91.252447, 1.000000
1980.701071, 91.106831, 1.000000
1980.708166, 90.959610, 1.000000
1980.727395, 90.813992, 1.000000
1980.758759, 90.669976, 1.000000
1980.765853, 90.522755, 1.000000
1980.785082, 90.377137, 1.000000
1980.804298, 90.231516, 1.000000
1980.811392, 90.084294, 1.000000
1980.830621, 89.938675, 1.000000
1980.849865, 89.793058, 1.000000
1980.856959, 89.645838, 1.000000
1980.876189, 89.500219, 1.000000
1980.907553, 89.356204, 1.000000
1980.926782, 89.210585, 1.000000
1980.933876, 89.063365, 1.000000
1980.953091, 88.917744, 1.000000
1980.984455, 88.773727, 1.000000
1980.991550, 88.626505, 1.000000
1981.010793, 88.480888, 1.000000
1981.017888, 88.333668, 1.000000
1981.024982, 88.186447, 1.000000
1981.056346, 88.042431, 1.000000
1981.075575, 87.896813, 1.000000
1981.082670, 87.749592, 1.000000
1981.101885, 87.603972, 1.000000
1981.121114, 87.458353, 1.000000
1981.152478, 87.314336, 1.000000
1981.171722, 87.168719, 1.000000
1981.190951, 87.023100, 1.000000
1981.198046, 86.875880, 1.000000
1981.229410, 86.731864, 1.000000
1981.248639, 86.586246, 1.000000
1981.267868, 86.440627, 1.000000
1981.299218, 86.296610, 1.000000
1981.342717, 86.154195, 1.000000
1981.349812, 86.006974, 1.000000
1981.369041, 85.861354, 1.000000
1981.400419, 85.717340, 1.000000
1981.419648, 85.571722, 1.000000
1981.438878, 85.426104, 1.000000
1981.458107, 85.280485, 1.000000
1981.465201, 85.133265, 1.000000
1981.484430, 84.987647, 1.000000
1981.515780, 84.843628, 1.000000
1981.535010, 84.698009, 1.000000
1981.554239, 84.552390, 1.000000
1981.597752, 84.409978, 1.000000
1981.604847, 84.262757, 1.000000
1981.624076, 84.117139, 1.000000
1981.674693, 83.993085, 1.000000
1981.680458, 83.847522, 1.000000
1981.686224, 83.701960, 1.000000
1981.712960, 83.560501, 1.000000
1981.730638, 83.416191, 1.000000
1981.748316, 83.271881, 1.000000
1981.778034, 83.129047, 1.000000
1981.795712, 82.984738, 1.000000
1981.801364, 82.838956, 1.000000
1981.831067, 82.696121, 1.000000
1981.860771, 82.553285, 1.000000
1981.866423, 82.407503, 1.000000
1981.884101, 82.263195, 1.000000
1981.913791, 82.120356, 1.000000
1981.931469, 81.976047, 1.000000
1981.949147, 81.831737, 1.000000
1981.978865, 81.688903, 1.000000
1981.996542, 81.544594, 1.000000
1982.014220, 81.400285, 1.000000
1982.031898, 81.255977, 1.000000
1982.037550, 81.110195, 1.000000
1982.055228, 80.965886, 1.000000
1982.072892, 80.821575, 1.000000
1982.090570, 80.677266, 1.000000
1982.096223, 80.531483, 1.000000
1982.125940, 80.388648, 1.000000
1982.143618, 80.244339, 1.000000
1982.161296, 80.100031, 1.000000
1982.191000, 79.957195, 1.000000
1982.208677, 79.812886, 1.000000
1982.214330, 79.667105, 1.000000
1982.219982, 79.521323, 1.000000
1982.237646, 79.377011, 1.000000
1982.255324, 79.232702, 1.000000
1982.273002, 79.088392, 1.000000
1982.290694, 78.944085, 1.000000
1982.296346, 78.798303, 1.000000
1982.314024, 78.653994, 1.000000
1982.331702, 78.509685, 1.000000
1982.349380, 78.365377, 1.000000
1982.355032, 78.219595, 1.000000
1982.372696, 78.075284, 1.000000
1982.378348, 77.929501, 1.000000
1982.396026, 77.785191, 1.000000
1982.413718, 77.640884, 1.000000
1982.407344, 77.493628, 1.000000
1982.437048, 77.350793, 1.000000
1982.454726, 77.206484, 1.000000
1982.478056, 76.916394, 1.000000
1982.495734, 76.772085, 1.000000
1982.513397, 76.627774, 1.000000
1982.519050, 76.481991, 1.000000
1982.536728, 76.337681, 1.000000
1982.554420, 76.193374, 1.000000
1982.572098, 76.049065, 1.000000
1982.589776, 75.904756, 1.000000
1982.619479, 75.761921, 1.000000
1982.625132, 75.616139, 1.000000
1982.642809, 75.471830, 1.000000
1982.684525, 75.330466, 1.000000
1982.702203, 75.186156, 1.000000
1982.707855, 75.040373, 1.000000
1982.749599, 74.899012, 1.000000
1982.767276, 74.754703, 1.000000
1982.772929, 74.608921, 1.000000
1982.814658, 74.467559, 1.000000
1982.832336, 74.323250, 1.000000
1982.850014, 74.178941, 1.000000
1982.867692, 74.034633, 1.000000
1982.897381, 73.891794, 1.000000
1982.903034, 73.746011, 1.000000
1982.920712, 73.601702, 1.000000
1982.950429, 73.458868, 1.000000
1982.956081, 73.313086, 1.000000
1982.973759, 73.168777, 1.000000
1983.003463, 73.025942, 1.000000
1983.009115, 72.880160, 1.000000
1983.026793, 72.735851, 1.000000
1983.068508, 72.594486, 1.000000
1983.086186, 72.450177, 1.000000
1983.091839, 72.304394, 1.000000
1983.121556, 72.161559, 1.000000
1983.127208, 72.015777, 1.000000
1983.144886, 71.871469, 1.000000
1983.174590, 71.728633, 1.000000
1983.204294, 71.585798, 1.000000
1983.221971, 71.441489, 1.000000
1983.239649, 71.297180, 1.000000
1983.257314, 71.152869, 1.000000
1983.274992, 71.008559, 1.000000
1983.292670, 70.864249, 1.000000
1983.322387, 70.721415, 1.000000
1983.328039, 70.575633, 1.000000
1983.345717, 70.431325, 1.000000
1983.366589, 70.295507, 1.000000
1983.371614, 70.149116, 1.000000
1983.388719, 70.004149, 1.000000
1983.395490, 69.867604, 1.000000
1983.399777, 69.720495, 1.000000
1983.404065, 69.573386, 1.000000
1983.420511, 69.427648, 1.000000
1983.424798, 69.280540, 1.000000
1983.441230, 69.134801, 1.000000
1983.494097, 68.993170, 1.000000
1983.510529, 68.847432, 1.000000
1983.514816, 68.700323, 1.000000
1983.519103, 68.553215, 1.000000
1983.523377, 68.406105, 1.000000
1983.527664, 68.258996, 1.000000
1983.544096, 68.113256, 1.000000
1983.584832, 67.970257, 1.000000
1983.613409, 67.825888, 1.000000
1983.629841, 67.680149, 1.000000
1983.646273, 67.534410, 1.000000
1983.650560, 67.387302, 1.000000
1983.666993, 67.241563, 1.000000
1983.707701, 67.098561, 1.000000
1983.724133, 66.952821, 1.000000
1983.740565, 66.807081, 1.000000
1983.769156, 66.662713, 1.000000
1983.785588, 66.516974, 1.000000
1983.789875, 66.369866, 1.000000
1983.818452, 66.225497, 1.000000
1983.847029, 66.081127, 1.000000
1983.863461, 65.935388, 1.000000
1983.879893, 65.789650, 1.000000
1983.896312, 65.643908, 1.000000
1983.912744, 65.498169, 1.000000
1983.929176, 65.352429, 1.000000
1983.945622, 65.206691, 1.000000
1983.962054, 65.060952, 1.000000
1983.978486, 64.915214, 1.000000
1983.994918, 64.769475, 1.000000
1984.011350, 64.623736, 1.000000
1984.027782, 64.477997, 1.000000
1984.068491, 64.334995, 1.000000
1984.084923, 64.189256, 1.000000
1984.089210, 64.042146, 1.000000
1984.105656, 63.896408, 1.000000
1984.122088, 63.750670, 1.000000
1984.138520, 63.604931, 1.000000
1984.142807, 63.457823, 1.000000
1984.159239, 63.312084, 1.000000
1984.151382, 63.163607, 1.000000
1984.179959, 63.019237, 1.000000
1984.220667, 62.876235, 1.000000
1984.237099, 62.730495, 1.000000
1984.253532, 62.584755, 1.000000
1984.269977, 62.439017, 1.000000
1984.274264, 62.291909, 1.000000
1984.278552, 62.144801, 1.000000
1984.294984, 61.999062, 1.000000
1984.323561, 61.854693, 1.000000
1984.339993, 61.708954, 1.000000
1984.380701, 61.565952, 1.000000
1984.397133, 61.420212, 1.000000
1984.401421, 61.273103, 1.000000
1984.405722, 61.125996, 1.000000
1984.410009, 60.978888, 1.000000
1984.426441, 60.833149, 1.000000
1984.442873, 60.687410, 1.000000
1984.447160, 60.540302, 1.000000
1984.463592, 60.394563, 1.000000
1984.492169, 60.250194, 1.000000
1984.508588, 60.104453, 1.000000
1984.525020, 59.958713, 1.000000
1984.529307, 59.811604, 1.000000
1984.533608, 59.664497, 1.000000
1984.537895, 59.517389, 1.000000
1984.554327, 59.371650, 1.000000
1984.570759, 59.225911, 1.000000
1984.587191, 59.080173, 1.000000
1984.603624, 58.934434, 1.000000
1984.620042, 58.788693, 1.000000
1984.624329, 58.641584, 1.000000
1984.640761, 58.495844, 1.000000
1984.645062, 58.348737, 1.000000
1984.661495, 58.202998, 1.000000
1984.665782, 58.055890, 1.000000
1984.694359, 57.911520, 1.000000
1984.722936, 57.767151, 1.000000
1984.739368, 57.621412, 1.000000
1984.755800, 57.475674, 1.000000
1984.784363, 57.331302, 1.000000
1984.788650, 57.184192, 1.000000
1984.817227, 57.039822, 1.000000
1984.845818, 56.895454, 1.000000
1984.850106, 56.748346, 1.000000
1984.878683, 56.603976, 1.000000
1984.942249, 56.445090, 1.000000
1984.959916, 56.301987, 1.000000
1984.977583, 56.158884, 1.000000
1984.995980, 55.999447, 1.000000
1985.003002, 55.853858, 1.000000
1985.010024, 55.708268, 1.000000
1985.041060, 55.565851, 1.000000
1985.060083, 55.421847, 1.000000
1985.079105, 55.277844, 1.000000
1985.098127, 55.133841, 1.000000
1985.117149, 54.989837, 1.000000
1985.136172, 54.845834, 1.000000
1985.143194, 54.700245, 1.000000
1985.174203, 54.557825, 1.000000
1985.181225, 54.412235, 1.000000
1985.200247, 54.268231, 1.000000
1985.231283, 54.125814, 1.000000
1985.238305, 53.980225, 1.000000
1985.257328, 53.836222, 1.000000
1985.288350, 53.693804, 1.000000
1985.307373, 53.549800, 1.000000
1985.314394, 53.404212, 1.000000
1985.345417, 53.261794, 1.000000
1985.364426, 53.117788, 1.000000
1985.383448, 52.973783, 1.000000
1985.390470, 52.828194, 1.000000
1985.397506, 52.682607, 1.000000
1985.416528, 52.538603, 1.000000
1985.435550, 52.394600, 1.000000
1985.454573, 52.250596, 1.000000
1985.473595, 52.106593, 1.000000
1985.480617, 51.961005, 1.000000
1985.511626, 51.818585, 1.000000
1985.530648, 51.674580, 1.000000
1985.549670, 51.530576, 1.000000
1985.568693, 51.386571, 1.000000
1985.587729, 51.242570, 1.000000
1985.606751, 51.098566, 1.000000
1985.613773, 50.952978, 1.000000
1985.644796, 50.810560, 1.000000
1985.663818, 50.666556, 1.000000
1985.682840, 50.522553, 1.000000
1985.701849, 50.378547, 1.000000
1985.720871, 50.234543, 1.000000
1985.727893, 50.088953, 1.000000
1985.746929, 49.944951, 1.000000
1985.765952, 49.800948, 1.000000
1985.784974, 49.656944, 1.000000
1985.803996, 49.512941, 1.000000
1985.823018, 49.368938, 1.000000
1985.842041, 49.224934, 1.000000
1985.861063, 49.080931, 1.000000
1985.880071, 48.936925, 1.000000
1985.899094, 48.792921, 1.000000
1985.906116, 48.647331, 1.000000
1985.937152, 48.504914, 1.000000
1985.944174, 48.359326, 1.000000
1985.963197, 48.215322, 1.000000
1985.982219, 48.071319, 1.000000
1986.013241, 47.928901, 1.000000
1986.020263, 47.783312, 1.000000
1986.039286, 47.639309, 1.000000
1986.058294, 47.495303, 1.000000
1986.065316, 47.349713, 1.000000
1986.084338, 47.205709, 1.000000
1986.115375, 47.063292, 1.000000
1986.122397, 46.917703, 1.000000
1986.129419, 46.772115, 1.000000
1986.160442, 46.629697, 1.000000
1986.179464, 46.485693, 1.000000
1986.198486, 46.341690, 1.000000
1986.217494, 46.197685, 1.000000
1986.236517, 46.053680, 1.000000
1986.255539, 45.909676, 1.000000
1986.298562, 45.768842, 1.000000
1986.329599, 45.626425, 1.000000
1986.336621, 45.480837, 1.000000
1986.367643, 45.338419, 1.000000
1986.410666, 45.197586, 1.000000
1986.405688, 45.050412, 1.000000
1986.424710, 44.906409, 1.000000
1986.455719, 44.763988, 1.000000
1986.474741, 44.619984, 1.000000
1986.493764, 44.475980, 1.000000
1986.524800, 44.333562, 1.000000
1986.555823, 44.191144, 1.000000
1986.574845, 44.047141, 1.000000
1986.593867, 43.903138, 1.000000
1986.612889, 43.759134, 1.000000
1986.619911, 43.613546, 1.000000
1986.638934, 43.469542, 1.000000
1986.693943, 43.330292, 1.000000
1986.700965, 43.184703, 1.000000
1986.707987, 43.039113, 1.000000
1986.727023, 42.895111, 1.000000
1986.734045, 42.749522, 1.000000
1986.741067, 42.603934, 1.000000
1986.717516, 42.487669, 1.000000
1986.734297, 42.341358, 1.000000
1986.751077, 42.195047, 1.000000
1986.755665, 42.047338, 1.000000
1986.797639, 41.929245, 1.000000
1986.812417, 41.784961, 1.000000
1986.815172, 41.639446, 1.000000
1986.829964, 41.495164, 1.000000
1986.844742, 41.350881, 1.000000
1986.847497, 41.205367, 1.000000
1986.874299, 41.062315, 1.000000
1986.877053, 40.916801, 1.000000
1986.891831, 40.772518, 1.000000
1986.906610, 40.628235, 1.000000
1986.909350, 40.482719, 1.000000
1986.924128, 40.338435, 1.000000
1986.938907, 40.194151, 1.000000
1986.965723, 40.051101, 1.000000
1986.968477, 39.905586, 1.000000
1986.971232, 39.760072, 1.000000
1986.986010, 39.615789, 1.000000
1986.988765, 39.470275, 1.000000
1987.003543, 39.325992, 1.000000
1987.018321, 39.181709, 1.000000
1987.033085, 39.037424, 1.000000
1987.047863, 38.893140, 1.000000
1987.074665, 38.750088, 1.000000
1987.113505, 38.608269, 1.000000
1987.140307, 38.465218, 1.000000
1987.143061, 38.319704, 1.000000
1987.157840, 38.175421, 1.000000
1987.160594, 38.029906, 1.000000
1987.163349, 37.884392, 1.000000
1987.178127, 37.740109, 1.000000
1987.192891, 37.595824, 1.000000
1987.207669, 37.451540, 1.000000
1987.222447, 37.307256, 1.000000
1987.249264, 37.164206, 1.000000
1987.264042, 37.019923, 1.000000
1987.266796, 36.874409, 1.000000
1987.281575, 36.730126, 1.000000
1987.296353, 36.585843, 1.000000
1987.299107, 36.440329, 1.000000
1987.313886, 36.296046, 1.000000
1987.328649, 36.151761, 1.000000
1987.331404, 36.006246, 1.000000
1987.346182, 35.861962, 1.000000
1987.360975, 35.717680, 1.000000
1987.363730, 35.572166, 1.000000
1987.378508, 35.427883, 1.000000
1987.405310, 35.284832, 1.000000
1987.432111, 35.141780, 1.000000
1987.434866, 34.996266, 1.000000
1987.449644, 34.851983, 1.000000
1987.476432, 34.708930, 1.000000
1987.491210, 34.564646, 1.000000
1987.505988, 34.420362, 1.000000
1987.520781, 34.276080, 1.000000
1987.535559, 34.131797, 1.000000
1987.538314, 33.986283, 1.000000
1987.577139, 33.844463, 1.000000
1987.591917, 33.700180, 1.000000
1987.594672, 33.554666, 1.000000
1987.609450, 33.410383, 1.000000
1987.636238, 33.267330, 1.000000
1987.651016, 33.123046, 1.000000
1987.665794, 32.978762, 1.000000
1987.704634, 32.836943, 1.000000
1987.707389, 32.691429, 1.000000
1987.722167, 32.547146, 1.000000
1987.748968, 32.404095, 1.000000
1987.775770, 32.261043, 1.000000
1987.778525, 32.115529, 1.000000
1987.793303, 31.971246, 1.000000
1987.820091, 31.828193, 1.000000
1987.834869, 31.683909, 1.000000
1987.837624, 31.538393, 1.000000
1987.864440, 31.395343, 1.000000
1987.867194, 31.249829, 1.000000
1987.881973, 31.105546, 1.000000
1987.896751, 30.961263, 1.000000
1987.911529, 30.816980, 1.000000
1987.914284, 30.671466, 1.000000
1987.917038, 30.525952, 1.000000
1987.931802, 30.381667, 1.000000
1987.934557, 30.236151, 1.000000
1987.949335, 30.091867, 1.000000
1987.964128, 29.947586, 1.000000
1987.966882, 29.802071, 1.000000
1987.981660, 29.657788, 1.000000
1987.984415, 29.512274, 1.000000
1987.987170, 29.366760, 1.000000
1988.001948, 29.222477, 1.000000
1988.004703, 29.076963, 1.000000
1988.007442, 28.931446, 1.000000
1988.010197, 28.785931, 1.000000
1988.012952, 28.640415, 1.000000
1988.015721, 28.494902, 1.000000
1988.018476, 28.349388, 1.000000
1988.021231, 28.203873, 1.000000
1988.047629, 28.070503, 1.000000
1988.061735, 27.926200, 1.000000
1988.051791, 27.779546, 1.000000
1988.053873, 27.634067, 1.000000
1988.043018, 27.497764, 1.000000
1988.032371, 27.351204, 1.000000
1988.033752, 27.205762, 1.000000
1988.023121, 27.059204, 1.000000
1988.024501, 26.913763, 1.000000
1988.013854, 26.767204, 1.000000
1988.015235, 26.621763, 1.000000
1988.004588, 26.475204, 1.000000
1987.993941, 26.328646, 1.000000
1987.995322, 26.183204, 1.000000
1987.984658, 26.036643, 1.000000
1987.974011, 25.890083, 1.000000
1987.963364, 25.743524, 1.000000
1987.964762, 25.598083, 1.000000
1987.954115, 25.451525, 1.000000
1987.943469, 25.304966, 1.000000
1987.944849, 25.159525, 1.000000
1987.934202, 25.012966, 1.000000
1987.923556, 24.866408, 1.000000
1987.912909, 24.719849, 1.000000
1987.902244, 24.573288, 1.000000
1988.781602, 24.509407, 1.000000
1988.770955, 24.362847, 1.000000
1988.772348, 24.217407, 1.000000
1988.773728, 24.071965, 1.000000
1988.787135, 23.927641, 1.000000
1988.812570, 23.784434, 1.000000
1988.838004, 23.641228, 1.000000
1988.839384, 23.495786, 1.000000
1988.852792, 23.351462, 1.000000
1988.866186, 23.207136, 1.000000
1988.867567, 23.061694, 1.000000
1988.880974, 22.917369, 1.000000
1988.894394, 22.773045, 1.000000
1988.907802, 22.628721, 1.000000
1988.921209, 22.484397, 1.000000
1988.934616, 22.340073, 1.000000
1988.960050, 22.196866, 1.000000
1988.973458, 22.052542, 1.000000
1988.986865, 21.908218, 1.000000
1988.988233, 21.762775, 1.000000
1988.989613, 21.617332, 1.000000
1988.978966, 21.470773, 0.000000
1988.992387, 21.326449, 0.000000
1989.017821, 21.183242, 0.000000
1989.031228, 21.038918, 0.000000
1989.044636, 20.894594, 0.000000
1989.070070, 20.751387, 0.000000
1989.083477, 20.607063, 0.000000
1989.096884, 20.462739, 0.000000
1989.110279, 20.318413, 0.000000
1989.135714, 20.175205, 0.000000
1989.149121, 20.030880, 0.000000
1989.162541, 19.886557, 0.000000
1989.187975, 19.743350, 0.000000
1989.201383, 19.599026, 0.000000
1989.214790, 19.454702, 0.000000
1989.228197, 19.310378, 0.000000
1989.253632, 19.167171, 0.000000
1989.267039, 19.022847, 1.000000
1989.280434, 18.878521, 1.000000
1989.281814, 18.733078, 1.000000
1989.295221, 18.588753, 1.000000
1989.308641, 18.444430, 1.000000
1989.322049, 18.300106, 1.000000
1989.323429, 18.154664, 1.000000
1989.348863, 18.011458, 1.000000
1989.362271, 17.867133, 1.000000
1989.375678, 17.722809, 1.000000
1989.389085, 17.578485, 1.000000
1989.414507, 17.435277, 1.000000
1989.427915, 17.290951, 1.000000
1989.441322, 17.146626, 1.000000
1989.466769, 17.003420, 1.000000
1989.480176, 16.859096, 1.000000
1989.493583, 16.714772, 1.000000
1989.519018, 16.571565, 1.000000
1989.532425, 16.427241, 1.000000
1989.545832, 16.282917, 1.000000
1989.559240, 16.138593, 1.000000
1989.586042, 15.849942, 0.000000
1989.611477, 15.706734, 0.000000
1989.624896, 15.562410, 0.000000
1989.638304, 15.418086, 0.000000
1989.663738, 15.274880, 0.000000
1989.677145, 15.130555, 0.000000
1989.690552, 14.986231, 0.000000
1989.715987, 14.843025, 0.000000
1989.729394, 14.698701, 0.000000
1989.742789, 14.554374, 0.000000
1989.768224, 14.411167, 0.000000
1989.781631, 14.266842, 0.000000
1989.795051, 14.122518, 0.000000
1989.820485, 13.979311, 0.000000
1989.833892, 13.834987, 0.000000
1989.860031, 13.653840, 0.000000
1989.888665, 13.511990, 0.000000
1989.910121, 13.224117, 1.000000
1989.882262, 13.050583, 1.000000
1989.889094, 12.902708, 1.000000
1989.908116, 12.756418, 1.000000
1989.927151, 12.610130, 1.000000
1989.946173, 12.463841, 1.000000
1989.965195, 12.317552, 1.000000
1989.984218, 12.171263, 1.000000
1990.003240, 12.024973, 1.000000
1990.022262, 11.878684, 1.000000
1990.029081, 11.730808, 1.000000
1990.048104, 11.584518, 1.000000
1990.054935, 11.436643, 1.000000
1990.073958, 11.290353, 1.000000
1990.092992, 11.144065, 1.000000
1990.112015, 10.997776, 1.000000
1990.118846, 10.849902, 1.000000
1990.137868, 10.703612, 1.000000
1990.156891, 10.557323, 1.000000
1990.175913, 10.411034, 1.000000
1990.182732, 10.263158, 1.000000
1990.189563, 10.115283, 1.000000
1990.196395, 9.967407, 1.000000
1990.222262, 9.673244, 0.000000
1990.241284, 9.526955, 0.000000
1990.260306, 9.380666, 0.000000
1990.279328, 9.234377, 0.000000
1990.298351, 9.088088, 0.000000
1990.317373, 8.941799, 0.000000
1990.336382, 8.795507, 0.000000
1990.355405, 8.649217, 0.000000
1990.374427, 8.502927, 0.000000
1990.393462, 8.356639, 0.000000
1990.412485, 8.210350, 0.000000
1990.431507, 8.064061, 0.000000
1990.450529, 7.917772, 0.000000
1990.469551, 7.771482, 0.000000
1990.488574, 7.625193, 0.000000
1990.507596, 7.478904, 0.000000
1990.526605, 7.332613, 0.000000
1990.545628, 7.186322, 0.000000
1990.564650, 7.040032, 1.000000
1990.583685, 6.893744, 1.000000
1990.590517, 6.745870, 1.000000
1990.597348, 6.597996, 1.000000
1990.628561, 6.453292, 1.000000
1990.647584, 6.307003, 1.000000
1990.666606, 6.160714, 1.000000
1990.685615, 6.014423, 1.000000
1990.716828, 5.869718, 1.000000
1990.723660, 5.721842, 1.000000
1990.742682, 5.575552, 1.000000
1990.773908, 5.430850, 1.000000
1990.780740, 5.282975, 1.000000
1990.799762, 5.136686, 1.000000
1990.818784, 4.990397, 1.000000
1990.837807, 4.844108, 1.000000
1990.856829, 4.697819, 1.000000
1990.875838, 4.551528, 1.000000
1990.894861, 4.405238, 1.000000
1990.901692, 4.257362, 1.000000
1990.932918, 4.112659, 1.000000
1990.939750, 3.964785, 1.000000
1990.958772, 3.818496, 1.000000
1990.977794, 3.672206, 0.000000
1990.996817, 3.525917, 0.000000
1991.015839, 3.379628, 0.000000
1991.034861, 3.233339, 0.000000
1991.053870, 3.087048, 0.000000
1991.072893, 2.940758, 0.000000
1991.091915, 2.794467, 0.000000
1991.110951, 2.648179, 0.000000
1991.129973, 2.501890, 0.000000
1991.161186, 2.357186, 0.000000
1991.180208, 2.210897, 0.000000
1991.199230, 2.064608, 0.000000
1991.218253, 1.918319, 0.000000
1991.237275, 1.772030, 0.000000
1991.256284, 1.625738, 0.000000
1991.275307, 1.479448, 0.000000
1991.294329, 1.333158, 0.000000
1991.313364, 1.186870, 0.000000
1991.320196, 1.038996, 1.000000
1991.339218, 0.892706, 1.000000
1991.358240, 0.746417, 1.000000
1991.377263, 0.600128, 1.000000
1991.384094, 0.452254, 1.000000
1991.415294, 0.307548, 1.000000
1991.434317, 0.161258, 1.000000
1991.453339, 0.014968, 1.000000
1991.472361, -0.131322, 1.000000
1991.491397, -0.277610, 1.000000
1991.498228, -0.425484, 1.000000
1991.517250, -0.571773, 1.000000
1991.580732, -0.701711, 1.000000
1991.598746, -0.846289, 1.000000
1991.616760, -0.990868, 1.000000
1991.623108, -1.132518, 1.000000
1991.640860, -1.278057, 1.000000
1991.658611, -1.423595, 1.000000
1991.688491, -1.567655, 1.000000
1991.706256, -1.713191, 1.000000
1991.711879, -1.860208, 1.000000
1991.729630, -2.005746, 1.000000
1991.753005, -2.298301, 0.000000
1991.782885, -2.442359, 0.000000
1991.800624, -2.587899, 0.000000
1991.830504, -2.731959, 0.000000
1991.848255, -2.877497, 0.000000
1991.878135, -3.021557, 0.000000
1991.895899, -3.167093, 0.000000
1991.913651, -3.312631, 0.000000
1991.943531, -3.456689, 0.000000
1991.961282, -3.602227, 0.000000
1991.991162, -3.746286, 0.000000
1992.008913, -3.891824, 0.000000
1992.038781, -4.035884, 0.000000
1992.056532, -4.181423, 0.000000
1992.074284, -4.326961, 0.000000
1992.104164, -4.471021, 0.000000
1992.121928, -4.616557, 1.000000
1992.127551, -4.763574, 1.000000
1992.145303, -4.909112, 1.000000
1992.150926, -5.056129, 1.000000
1992.168677, -5.201667, 1.000000
1992.186429, -5.347205, 1.000000
1992.204168, -5.492744, 1.000000
1992.221920, -5.638283, 1.000000
1992.239671, -5.783822, 1.000000
1992.257423, -5.929361, 1.000000
1992.275187, -6.074897, 1.000000
1992.292939, -6.220435, 1.000000
1992.310690, -6.365973, 1.000000
1992.328442, -6.511510, 1.000000
1992.346193, -6.657048, 1.000000
1992.363945, -6.802586, 1.000000
1992.393812, -6.946646, 1.000000
1992.411564, -7.092185, 1.000000
1992.429315, -7.237724, 1.000000
1992.434939, -7.384742, 1.000000
1992.452703, -7.530278, 1.000000
1992.458326, -7.677295, 1.000000
1992.476078, -7.822833, 1.000000
1992.481701, -7.969850, 1.000000
1992.879621, -10.727679, 1.000000
1992.885245, -10.874696, 1.000000
1992.902996, -11.020233, 1.000000
1992.920748, -11.165771, 1.000000
1992.968367, -11.455370, 1.000000
1992.986119, -11.600909, 1.000000
1993.003870, -11.746448, 1.000000
1993.033762, -11.890505, 1.000000
1993.051514, -12.036043, 1.000000
1993.069265, -12.181580, 1.000000
1993.099145, -12.325639, 1.000000
1993.104768, -12.472656, 1.000000
1993.122520, -12.618194, 1.000000
1993.152387, -12.762254, 1.000000
1993.170139, -12.907793, 1.000000
1993.187891, -13.053332, 1.000000
1993.205642, -13.198870, 1.000000
1993.223406, -13.344407, 1.000000
1993.241158, -13.489945, 1.000000
1993.246781, -13.636962, 1.000000
1993.252404, -13.783979, 0.000000
1993.270156, -13.929517, 0.000000
1993.300036, -14.073575, 0.000000
1993.317775, -14.219115, 0.000000
1993.335527, -14.364653, 0.000000
1993.353278, -14.510192, 0.000000
1993.383158, -14.654252, 0.000000
1993.400922, -14.799788, 0.000000
1993.418673, -14.945326, 0.000000
1993.448553, -15.089384, 0.000000
1993.467042, -15.235214, 0.000000
1993.484823, -15.380687, 0.000000
1993.502603, -15.526161, 0.000000
1993.546857, -15.668434, 0.000000
1993.564503, -15.812620, 0.000000
1993.582149, -15.956807, 0.000000
1993.611811, -16.099523, 0.000000
1993.629469, -16.243707, 0.000000
1993.635099, -16.389363, 1.000000
1993.652745, -16.533549, 1.000000
1993.658375, -16.679205, 1.000000
1993.676021, -16.823391, 1.000000
1993.693667, -16.967576, 1.000000
1993.711313, -17.111762, 1.000000
1993.728947, -17.255949, 1.000000
1993.746593, -17.400136, 1.000000
1993.764239, -17.544323, 1.000000
1993.781897, -17.688508, 1.000000
1993.799542, -17.832693, 1.000000
1993.805173, -17.978349, 1.000000
1993.822819, -18.122535, 1.000000
1993.840465, -18.266720, 1.000000
1993.858110, -18.410906, 1.000000
1993.863741, -18.556562, 1.000000
1993.893390, -18.699279, 1.000000
1993.911036, -18.843465, 1.000000
1993.928682, -18.987652, 1.000000
1993.946328, -19.131838, 1.000000
1993.963986, -19.276023, 1.000000
1993.981632, -19.420208, 1.000000
1993.999278, -19.564394, 1.000000
1994.016924, -19.708580, 1.000000
1994.022554, -19.854236, 1.000000
1994.028184, -19.999892, 0.000000
1994.045830, -20.144077, 0.000000
1994.063464, -20.288265, 0.000000
1994.081110, -20.432452, 0.000000
1994.098756, -20.576638, 0.000000
1994.116414, -20.720823, 0.000000
1994.134060, -20.865009, 0.000000
1994.151706, -21.009194, 0.000000
1994.169352, -21.153380, 0.000000
1994.186998, -21.297565, 0.000000
1994.204643, -21.441751, 0.000000
1994.222289, -21.585936, 0.000000
1994.239923, -21.730124, 0.000000
1994.257569, -21.874310, 0.000000
1994.275215, -22.018497, 0.000000
1994.292861, -22.162683, 0.000000
1994.310519, -22.306868, 0.000000
1994.328165, -22.451053, 0.000000
1994.345811, -22.595239, 0.000000
1994.363457, -22.739425, 0.000000
1994.381103, -22.883610, 0.000000
1994.398748, -23.027796, 0.000000
1994.416394, -23.171981, 0.000000
1994.434028, -23.316169, 0.000000
1994.493351, -23.601601, 1.000000
1994.523025, -23.744316, 1.000000
1994.540670, -23.888501, 1.000000
1994.558316, -24.032687, 1.000000
1994.575962, -24.176872, 1.000000
1994.605623, -24.319587, 1.000000
1994.611254, -24.465243, 1.000000
1994.628900, -24.609429, 1.000000
1994.646534, -24.753616, 1.000000
1994.664180, -24.897803, 1.000000
1994.681826, -25.041989, 1.000000
1994.699472, -25.186176, 1.000000
1994.717129, -25.330360, 1.000000
1994.734775, -25.474546, 1.000000
1994.740406, -25.620202, 1.000000
1994.758052, -25.764388, 1.000000
1994.775697, -25.908573, 1.000000
1994.793343, -26.052759, 1.000000
1994.810989, -26.196944, 1.000000
1994.828623, -26.341132, 1.000000
1994.846269, -26.485319, 1.000000
1994.863915, -26.629505, 1.000000
1994.881573, -26.773690, 1.000000
1994.899219, -26.917876, 1.000000
1994.916865, -27.062061, 1.000000
1994.934511, -27.206247, 1.000000
1994.940141, -27.351903, 1.000000
1994.957787, -27.496088, 1.000000
1994.975433, -27.640274, 1.000000
1995.005082, -27.782991, 1.000000
1995.022728, -27.927177, 1.000000
1995.040374, -28.071364, 1.000000
1995.058020, -28.215550, 1.000000
1995.075678, -28.359735, 1.000000
1995.081308, -28.505391, 1.000000
1995.086939, -28.651047, 1.000000
1995.068538, -28.799644, 1.000000
1994.861688, -30.727136, 1.000000
1994.896574, -30.869335, 1.000000
1994.938116, -31.009661, 1.000000
1994.955779, -31.152931, 1.000000
1994.997321, -31.293256, 1.000000
1995.062756, -31.430636, 1.000000
1995.104298, -31.570960, 1.000000
1995.133900, -31.712757, 1.000000
1995.175442, -31.853082, 1.000000
1995.205045, -31.994878, 1.000000
1995.234647, -32.136675, 1.000000
1995.264250, -32.278472, 1.000000
1995.317717, -32.417327, 1.000000
1995.335380, -32.560597, 1.000000
1995.364983, -32.702394, 1.000000
1995.406539, -32.842718, 1.000000
1995.436141, -32.984515, 1.000000
1995.453805, -33.127784, 1.000000
1995.495346, -33.268108, 1.000000
1995.536888, -33.408433, 1.000000
1995.566491, -33.550230, 1.000000
1995.584154, -33.693498, 1.000000
1995.613744, -33.835297, 1.000000
1995.631407, -33.978566, 1.000000
1995.649071, -34.121836, 1.000000
1995.678674, -34.263634, 1.000000
1995.708289, -34.405429, 1.000000
1995.737892, -34.547226, 1.000000
1995.755555, -34.690495, 1.000000
1995.797097, -34.830819, 1.000000
1995.826700, -34.972616, 1.000000
1995.832424, -35.117356, 1.000000
1995.850088, -35.260625, 1.000000
1995.867739, -35.403896, 1.000000
1995.885402, -35.547166, 1.000000
1995.903066, -35.690435, 1.000000
1995.932681, -35.832231, 1.000000
1995.950345, -35.975500, 1.000000
1995.956069, -36.120241, 1.000000
1995.973733, -36.263509, 1.000000
1995.991396, -36.406778, 1.000000
1996.009060, -36.550047, 1.000000
1996.014784, -36.694787, 1.000000
1996.044374, -36.836585, 1.000000
1996.062038, -36.979855, 1.000000
1996.079702, -37.123125, 1.000000
1996.097365, -37.266395, 1.000000
1996.103102, -37.411134, 1.000000
1996.108827, -37.555875, 1.000000
1996.126490, -37.699143, 1.000000
1996.156093, -37.840940, 1.000000
1996.185695, -37.982737, 1.000000
1996.191420, -38.127477, 1.000000
1996.209083, -38.270746, 1.000000
1996.226734, -38.414017, 1.000000
1996.244398, -38.557286, 1.000000
1996.262062, -38.700556, 1.000000
1996.267799, -38.845296, 1.000000
1996.285462, -38.988565, 1.000000
1996.303126, -39.131833, 1.000000
1996.320789, -39.275102, 1.000000
1996.350392, -39.416898, 1.000000
1996.356117, -39.561639, 1.000000
1996.373780, -39.704908, 1.000000
1996.403370, -39.846706, 1.000000
