26
width=20,overlap=50,minLength=54,maxLength=218,stepSize=50,paintV=0.5
1,3
2242.297132295516800,-652.105164619949280,2204.609871154104000,-574.534854649465160,2264.147140216789500,-697.078236049865270,2182.759863232831300,-529.561783219549170
2,3
2204.609871154104000,-574.534854649465160,2195.690982178360200,-495.681300607413110,2210.229389620735200,-624.218061190540880,2190.071463711728900,-445.998094066337330
3,3
2195.690982178360200,-495.681300607413110,2184.281120938706000,-397.637219411270450,2201.470716509697000,-545.346123883643140,2178.501386607369100,-347.972396135040360
4,3
2184.281120938706000,-397.637219411270450,2171.746562714725300,-293.178167015902320,2190.238134571407000,-447.281091022777670,2165.789549082024200,-243.534295404395100
5,3
2171.746562714725300,-293.178167015902320,2160.513978914952100,-177.128179074955480,2176.563596613923900,-342.945587929728790,2155.696945015753500,-127.360758161129030
6,3
2160.513978914952100,-177.128179074955480,2142.133952513282600,13.661148432413199,2165.308619511202800,-226.897762371912930,2137.339311917031900,63.430731729370649
7,3
2142.133952513282600,13.661148432413199,2121.333048273465000,141.820159434769830,2150.144400370281800,-35.693007675561084,2113.322600416465800,191.174315542744130
8,3
2121.333048273465000,141.820159434769830,2111.685134951920600,247.186673253314380,2125.892239102846800,92.028455517538006,2107.125944122538800,296.978377170546200
9,3
2111.685134951920600,247.186673253314380,2097.030477027172300,358.080219063728860,2118.235717676661800,197.617631846743650,2090.479894302431100,407.649260470299620
10,3
2097.030477027172300,358.080219063728860,2113.929451332729500,454.504711162645950,2088.399225762201700,308.830838340709140,2122.560702597700100,503.754091885665670
11,2
2113.929451332729500,454.504711162645950,2064.668212852065200,531.617468003081510,2140.846879893478200,412.368597914305160,2037.750784291316700,573.753581251422250
12,3
2064.668212852065200,531.617468003081510,1847.916797764791200,506.497309732447430,2114.335773299185800,537.373633326595500,1798.249237317670600,500.741144408933450
13,1
1847.916797764791200,506.497309732447430,1839.461794092495200,452.852412609410350,1855.701233216551600,555.887618141055100,1831.677358640734800,403.462104200802740
14,3
1839.461794092495200,452.852412609410350,1944.750179983797400,386.626831536429450,1797.137993723298700,479.473755969736660,1987.073980352994100,360.005488176103140
15,3
1944.750179983797400,386.626831536429450,1967.660169912174100,248.961276517143800,1936.542176732567900,435.948517260133200,1975.868173163403500,199.639590793440020
16,3
1967.660169912174100,248.961276517143800,1981.722149309566200,126.192581585896730,1961.970350496424800,298.636481146980660,1987.411968725315500,76.517376956059906
17,3
1981.722149309566200,126.192581585896730,1996.717403675160500,17.057266536490090,1974.916066211870200,175.727188002696440,2003.523486772856600,-32.477339880309621
18,3
1996.717403675160500,17.057266536490090,2007.339370069705900,-92.367942594296721,1991.886581958472800,66.823350987063236,2012.170191786393600,-142.134027044869870
19,3
2007.339370069705900,-92.367942594296721,2026.404749923311100,-242.431883395980490,2001.037607007772700,-42.766654482885194,2032.706512985244200,-292.033171507392010
20,3
2026.404749923311100,-242.431883395980490,2038.132427458060400,-352.775679132650170,2021.120359013653800,-192.711915448344710,2043.416818367717700,-402.495647080285950
21,3
2038.132427458060400,-352.775679132650170,2051.036831357518200,-463.568321110038820,2032.347858516730600,-303.111418721736920,2056.821400298847900,-513.232581520952070
22,3
2051.036831357518200,-463.568321110038820,2062.197864500709800,-577.841002633202270,2046.176450147727100,-413.805114877969000,2067.058245710500600,-627.604208865272080
23,3
2062.197864500709800,-577.841002633202270,2036.311962442500800,-677.593849600518180,2074.756906837850700,-529.443993887062790,2023.752920105359900,-725.990858346657660
24,1
2036.311962442500800,-677.593849600518180,2094.258135090937700,-752.272576935655480,2005.660198524265500,-638.091072879118310,2124.909899009172900,-791.775353657055350
25,2
2094.258135090937700,-752.272576935655480,2176.203312284891600,-743.290926671420490,2044.555790557475100,-757.720232199802130,2225.905656818354100,-737.843271407273850
26,2
2176.203312284891600,-743.290926671420490,2242.297132295516800,-652.105164619949280,2146.859548578904200,-783.774794218471470,2271.640896001504200,-611.621297072898300
