21
width=20,overlap=50,minLength=120,maxLength=240,stepSize=50,paintV=0.5
1,2
2176.203312284891,-743.2909266714205,2250.6095647403472,-669.95963305193527,2161.958653591448,-757.3297905395294,2264.854223433791,-655.9207691838264,
2,3
2250.6095647403472,-669.95963305193527,2209.383662989374,-590.54179690673436,2259.8240598959542,-687.71049441208618,2200.169167833767,-572.79093554658346,
3,3
2209.383662989374,-590.54179690673436,2177.4371001796108,-307.0014636212349,2211.6228998999754,-610.41604703241717,2175.1978632690093,-287.12721349555216,
4,3
2177.4371001796108,-307.0014636212349,2161.9728694914229,-175.41695536193373,2179.7714981888712,-326.86476107997424,2159.6384714821625,-155.55365790319439,
5,2
2161.9728694914229,-175.41695536193373,2140.403510258413,8.0206148858252391,2164.308462832676,-195.28011230498521,2138.0679169171599,27.883771828876711,
6,3
2140.403510258413,8.0206148858252391,2110.6623944677126,252.92711233478087,2142.8145700689474,-11.833522984906519,2108.2513346571782,272.78125020551261,
7,3
2110.6623944677126,252.92711233478087,2096.4135358518456,395.40761272908753,2112.6525806665181,233.02637971273694,2094.4233496530401,415.30834535113144,
8,3
2096.4135358518456,395.40761272908753,2117.748222069898,469.4473583428973,2090.8758182994452,376.18955652379356,2123.2859396222984,488.66541454819128,
9,2
2117.748222069898,469.4473583428973,2063.9304926736795,532.22406834000458,2130.7653212389259,454.26331641646362,2050.9133935046516,547.40811026643826,
10,3
2063.9304926736795,532.22406834000458,1845.0910308706275,507.26129964262299,2083.8016317876622,534.4907465952374,1825.2198917566448,504.99462138739011,
11,1
1845.0910308706275,507.26129964262299,1845.4852421596602,448.08369062826841,1844.9578039460432,527.26085590236448,1845.6184690842445,428.08413436852692,
12,3
1845.4852421596602,448.08369062826841,1954.9305665852526,360.5548992889797,1829.8659539225855,460.57520114410204,1970.5498548223272,348.06338877314607,
13,3
1954.9305665852526,360.5548992889797,1972.3938760158103,218.41004665901437,1952.4917879737516,380.40565138768079,1974.8326546273113,198.55929456031328,
14,3
1972.3938760158103,218.41004665901437,1988.9084574850353,78.729053741377868,1970.0456176346454,238.27171029968881,1991.2567158662002,58.867390100703425,
15,3
1988.9084574850353,78.729053741377868,1999.9422500163673,-19.47806137783175,1986.6754614347772,98.604006034139005,2002.1752460666255,-39.353013670592887,
16,3
1999.9422500163673,-19.47806137783175,2019.290523438134,-185.97780034300001,1997.6336645606132,0.38825265355012206,2021.5991088938881,-205.84411437438189,
17,3
2019.290523438134,-185.97780034300001,2037.7122833542408,-339.57021648582554,2016.9088081676211,-166.12012091235641,2040.0939986247536,-359.42789591646914,
18,3
2037.7122833542408,-339.57021648582554,2061.4195535144299,-556.33228895088882,2035.5378495526568,-319.68877192959349,2063.5939873160137,-576.21373350712088,
19,3
2061.4195535144299,-556.33228895088882,2034.0506319675574,-684.38353924585294,2065.5998201498105,-536.77403312739773,2029.8703653321768,-703.94179506934404,
20,3
2034.0506319675574,-684.38353924585294,2094.258135090938,-752.2725769356555,2020.780392961772,-669.4202255510416,2107.528374096723,-767.2358906304668,
21,2
2094.258135090938,-752.2725769356555,2176.203312284891,-743.2909266714205,2074.377197277553,-754.4516390413142,2196.084250098277,-741.1118645657618,
