1849.219857, 506.392054, -1.000000
1849.079142, 506.363297, -1.000000
1848.938426, 506.334541, -1.000000
1848.797709, 506.305784, -1.000000
1848.656992, 506.277027, -1.000000
1848.516277, 506.248271, -1.000000
1848.375561, 506.219515, -1.000000
1848.234846, 506.190758, -1.000000
1848.094130, 506.162002, -1.000000
1847.953414, 506.133245, -1.000000
1847.812698, 506.104489, -1.000000
1847.671981, 506.075732, -1.000000
1847.531265, 506.046975, -1.000000
1847.390549, 506.018219, -1.000000
1847.249834, 505.989463, -1.000000
1847.109118, 505.960706, -1.000000
1846.968402, 505.931950, -1.000000
1846.827687, 505.903193, -1.000000
1846.686970, 505.874437, -1.000000
1846.546254, 505.845680, -1.000000
1846.405537, 505.816923, -1.000000
1846.264822, 505.788167, -1.000000
1846.124106, 505.759411, -1.000000
1845.983391, 505.730654, -1.000000
1845.842675, 505.701898, -1.000000
1845.701959, 505.673141, -1.000000
1845.561242, 505.644385, -1.000000
1845.420526, 505.615628, -1.000000
1845.279810, 505.586871, -1.000000
1845.139094, 505.558115, -1.000000
1844.998379, 505.529359, -1.000000
1844.857663, 505.500602, -1.000000
1844.716947, 505.471846, -1.000000
1844.576231, 505.443089, -1.000000
1844.435515, 505.414333, -1.000000
1844.294798, 505.385576, -1.000000
1844.154082, 505.356820, -1.000000
1844.013367, 505.328063, -1.000000
1843.872651, 505.299307, -1.000000
1843.731936, 505.270550, -1.000000
1843.591220, 505.241794, -1.000000
1843.450504, 505.213037, -1.000000
1843.309787, 505.184281, -1.000000
1843.169071, 505.155524, -1.000000
1843.028355, 505.126768, -1.000000
1842.887639, 505.098011, -1.000000
1842.746924, 505.069255, -1.000000
1842.606208, 505.040498, -1.000000
1842.465493, 505.011742, -1.000000
1842.324776, 504.982985, -1.000000
1842.184059, 504.954229, -1.000000
1842.043343, 504.925472, -1.000000
1841.902627, 504.896716, -1.000000
1841.761912, 504.867959, -1.000000
1841.621196, 504.839203, -1.000000
1841.480481, 504.810446, -1.000000
1841.339765, 504.781690, -1.000000
1841.199048, 504.752933, -1.000000
1841.058332, 504.724177, -1.000000
1840.917616, 504.695420, -1.000000
1840.776900, 504.666664, -1.000000
1840.636488, 504.635867, -1.000000
1840.499415, 504.582630, -1.000000
1840.362341, 504.529392, -1.000000
1840.230272, 504.467718, -1.000000
1840.100706, 504.401825, -1.000000
1839.971139, 504.335933, -1.000000
1839.841574, 504.270040, -1.000000
1839.712008, 504.204148, -1.000000
1839.582442, 504.138256, -1.000000
1839.452876, 504.072363, -1.000000
1839.323310, 504.006471, -1.000000
1839.193744, 503.940578, -1.000000
1839.064177, 503.874685, -1.000000
1838.934611, 503.808793, -1.000000
1838.805046, 503.742900, -1.000000
1838.675480, 503.677008, -1.000000
1838.545914, 503.611116, -1.000000
1838.416348, 503.545223, -1.000000
1838.286782, 503.479331, -1.000000
1838.157215, 503.413438, -1.000000
1838.027649, 503.347545, -1.000000
1837.898083, 503.281653, -1.000000
1837.768518, 503.215761, -1.000000
1837.638952, 503.149868, -1.000000
1837.509386, 503.083976, -1.000000
1837.379820, 503.018083, -1.000000
1837.250253, 502.952190, -1.000000
1837.120687, 502.886298, -1.000000
1836.991121, 502.820406, -1.000000
1836.861555, 502.754513, -1.000000
1836.731990, 502.688621, -1.000000
1836.602424, 502.622729, -1.000000
1836.472857, 502.556836, -1.000000
1836.343291, 502.490943, -1.000000
1836.213724, 502.425050, -1.000000
1836.084159, 502.359158, -1.000000
1835.954593, 502.293266, -1.000000
1835.825027, 502.227373, -1.000000
1835.695462, 502.161481, -1.000000
1835.565895, 502.095589, -1.000000
1835.436329, 502.029696, -1.000000
1835.306762, 501.963803, -1.000000
1835.177196, 501.897911, -1.000000
1835.047631, 501.832018, -1.000000
1834.918065, 501.766126, -1.000000
1834.788499, 501.700234, -1.000000
1834.658933, 501.634341, -1.000000
1834.529367, 501.568448, -1.000000
1834.399800, 501.502556, -1.000000
1834.270234, 501.436663, -1.000000
1834.140668, 501.370771, -1.000000
1834.011103, 501.304878, -1.000000
1833.881537, 501.238986, -1.000000
1833.751971, 501.173094, -1.000000
1833.622405, 501.107201, -1.000000
1833.492838, 501.041308, -1.000000
1833.363272, 500.975416, -1.000000
1833.233706, 500.909523, -1.000000
1833.104140, 500.843631, -1.000000
1832.974575, 500.777739, -1.000000
1832.845009, 500.711846, -1.000000
1832.715443, 500.645954, -1.000000
1832.585876, 500.580061, -1.000000
1832.456309, 500.514168, -1.000000
1832.326744, 500.448276, -1.000000
1832.197178, 500.382383, -1.000000
1832.067612, 500.316491, -1.000000
1831.938047, 500.250599, -1.000000
1831.808480, 500.184706, -1.000000
1831.678914, 500.118813, -1.000000
1831.549347, 500.052921, -1.000000
1831.419781, 499.987028, -1.000000
1831.290216, 499.921136, -1.000000
1831.169939, 499.840803, -1.000000
1831.056297, 499.750156, -1.000000
1830.946375, 499.655453, -1.000000
1830.847614, 499.548582, -1.000000
1830.748853, 499.441712, -1.000000
1830.650093, 499.334843, -1.000000
1830.551333, 499.227973, -1.000000
1830.452573, 499.121104, -1.000000
1830.353812, 499.014234, -1.000000
1830.255052, 498.907364, -1.000000
1830.156291, 498.800494, -1.000000
1830.057530, 498.693624, -1.000000
1829.958770, 498.586754, -1.000000
1829.860010, 498.479885, -1.000000
1829.761250, 498.373015, -1.000000
1829.662490, 498.266146, -1.000000
1829.563729, 498.159276, -1.000000
1829.464968, 498.052406, -1.000000
1829.366207, 497.945536, -1.000000
1829.267447, 497.838666, -1.000000
1829.168687, 497.731797, -1.000000
1829.069927, 497.624927, -1.000000
1828.971167, 497.518058, -1.000000
1828.872406, 497.411188, -1.000000
1828.773645, 497.304318, -1.000000
1828.674884, 497.197447, -1.000000
1828.576124, 497.090578, -1.000000
1828.477364, 496.983708, -1.000000
1828.378604, 496.876839, -1.000000
1828.279844, 496.769969, -1.000000
1828.181083, 496.663100, -1.000000
1828.082322, 496.556229, -1.000000
1827.983562, 496.449359, -1.000000
1827.884801, 496.342489, -1.000000
1827.786041, 496.235620, -1.000000
1827.687281, 496.128750, -1.000000
1827.588521, 496.021881, -1.000000
1827.489760, 495.915011, -1.000000
1827.391000, 495.808141, -1.000000
1827.292239, 495.701271, -1.000000
1827.193478, 495.594401, -1.000000
1827.094718, 495.487532, -1.000000
1826.995958, 495.380662, -1.000000
1826.897198, 495.273793, -1.000000
1826.798437, 495.166923, -1.000000
1826.699677, 495.060053, -1.000000
1826.600916, 494.953183, -1.000000
1826.502155, 494.846313, -1.000000
1826.403395, 494.739443, -1.000000
1826.304635, 494.632574, -1.000000
1826.205875, 494.525704, -1.000000
1826.107115, 494.418835, -1.000000
1826.008354, 494.311965, -1.000000
1825.909593, 494.205094, -1.000000
1825.810833, 494.098225, -1.000000
1825.712072, 493.991355, -1.000000
1825.613312, 493.884486, -1.000000
1825.514552, 493.777616, -1.000000
1825.415792, 493.670747, -1.000000
1825.317031, 493.563876, -1.000000
1825.218270, 493.457006, -1.000000
1825.119510, 493.350136, -1.000000
1825.020749, 493.243267, -1.000000
1824.921989, 493.136397, -1.000000
1824.823229, 493.029528, -1.000000
1824.724469, 492.922658, -1.000000
1824.625708, 492.815788, -1.000000
1824.526947, 492.708918, -1.000000
1824.428187, 492.602048, -1.000000
1824.329427, 492.495179, -1.000000
1824.242611, 492.378914, -1.000000
1824.164328, 492.255938, -1.000000
1824.090732, 492.129229, -1.000000
1824.023698, 491.997293, -1.000000
1823.956664, 491.865358, -1.000000
1823.889631, 491.733423, -1.000000
1823.822597, 491.601489, -1.000000
1823.755563, 491.469554, -1.000000
1823.688530, 491.337620, -1.000000
1823.621496, 491.205684, -1.000000
1823.554462, 491.073749, -1.000000
1823.487428, 490.941814, -1.000000
1823.420394, 490.809880, -1.000000
1823.353361, 490.677946, -1.000000
1823.286327, 490.546011, -1.000000
1823.219293, 490.414076, -1.000000
1823.152259, 490.282140, -1.000000
1823.085225, 490.150206, -1.000000
1823.018191, 490.018271, -1.000000
1822.951158, 489.886337, -1.000000
1822.884124, 489.754402, -1.000000
1822.817090, 489.622467, -1.000000
1822.750056, 489.490531, -1.000000
1822.683022, 489.358597, -1.000000
1822.615989, 489.226662, -1.000000
1822.548955, 489.094728, -1.000000
1822.481921, 488.962793, -1.000000
1822.414888, 488.830858, -1.000000
1822.347853, 488.698923, -1.000000
1822.280820, 488.566988, -1.000000
1822.213786, 488.435053, -1.000000
1822.146752, 488.303119, -1.000000
1822.079719, 488.171184, -1.000000
1822.012685, 488.039249, -1.000000
1821.945651, 487.907314, -1.000000
1821.878617, 487.775379, -1.000000
1821.811583, 487.643444, -1.000000
1821.744549, 487.511510, -1.000000
1821.677516, 487.379575, -1.000000
1821.610482, 487.247641, -1.000000
1821.543448, 487.115705, -1.000000
1821.476414, 486.983770, -1.000000
1821.409380, 486.851835, -1.000000
1821.342347, 486.719901, -1.000000
1821.275313, 486.587966, -1.000000
1821.208279, 486.456032, -1.000000
1821.141245, 486.324097, -1.000000
1821.074211, 486.192161, -1.000000
1821.007178, 486.060226, -1.000000
1820.940144, 485.928292, -1.000000
1820.873110, 485.796357, -1.000000
1820.806077, 485.664423, -1.000000
1820.739043, 485.532488, -1.000000
1820.672009, 485.400552, -1.000000
1820.604975, 485.268617, -1.000000
1820.537941, 485.136683, -1.000000
1820.470907, 485.004748, -1.000000
1820.403874, 484.872814, -1.000000
1820.336840, 484.740879, -1.000000
1820.269806, 484.608944, -1.000000
1820.202772, 484.477008, -1.000000
1820.135738, 484.345074, -1.000000
1820.068705, 484.213139, -1.000000
1820.001671, 484.081205, -1.000000
1819.934637, 483.949270, -1.000000
1819.930966, 483.806124, -1.000000
1819.933055, 483.661958, -1.000000
1819.941312, 483.516189, -1.000000
1819.951625, 483.369886, -1.000000
1819.961938, 483.223582, -1.000000
1819.972252, 483.077279, -1.000000
1819.982565, 482.930975, -1.000000
1819.992878, 482.784670, -1.000000
1820.003192, 482.638366, -1.000000
1820.013505, 482.492062, -1.000000
1820.023818, 482.345759, -1.000000
1820.034132, 482.199456, -1.000000
1820.044445, 482.053152, -1.000000
1820.054758, 481.906848, -1.000000
1820.065072, 481.760543, -1.000000
1820.075385, 481.614239, -1.000000
1820.085698, 481.467936, -1.000000
1820.096012, 481.321632, -1.000000
1820.106325, 481.175329, -1.000000
1820.116638, 481.029025, -1.000000
1820.126952, 480.882720, -1.000000
1820.137265, 480.736416, -1.000000
1820.147578, 480.590113, -1.000000
1820.157892, 480.443809, -1.000000
1820.168205, 480.297506, -1.000000
1820.178518, 480.151202, -1.000000
1820.188832, 480.004898, -1.000000
1820.199145, 479.858593, -1.000000
1820.209458, 479.712290, -1.000000
1820.219772, 479.565986, -1.000000
1820.230085, 479.419683, -1.000000
1820.240398, 479.273379, -1.000000
1820.250712, 479.127075, -1.000000
1820.261025, 478.980771, -1.000000
1820.271338, 478.834466, -1.000000
1820.281652, 478.688163, -1.000000
1820.291965, 478.541860, -1.000000
1820.302278, 478.395556, -1.000000
1820.312592, 478.249253, -1.000000
1820.322905, 478.102948, -1.000000
1820.333218, 477.956644, -1.000000
1820.343532, 477.810340, -1.000000
1820.353845, 477.664036, -1.000000
1820.364158, 477.517733, -1.000000
1820.374472, 477.371429, -1.000000
1820.384785, 477.225126, -1.000000
1820.395098, 477.078821, -1.000000
1820.405412, 476.932517, -1.000000
1820.415725, 476.786213, -1.000000
1820.426038, 476.639910, -1.000000
1820.436352, 476.493606, -1.000000
1820.446665, 476.347303, -1.000000
1820.456978, 476.200998, -1.000000
1820.467292, 476.054694, -1.000000
1820.477605, 475.908390, -1.000000
1820.487919, 475.762087, -1.000000
1820.498232, 475.615783, -1.000000
1820.508545, 475.469480, -1.000000
1820.518858, 475.323176, -1.000000
1820.529172, 475.176871, -1.000000
1820.539485, 475.030567, -1.000000
1820.549799, 474.884263, -1.000000
1820.560292, 474.738022, -1.000000
1820.572767, 474.592460, -1.000000
1820.585243, 474.446899, -1.000000
1820.645285, 474.317659, -1.000000
1820.709651, 474.189902, -1.000000
1820.774017, 474.062147, -1.000000
1820.838383, 473.934392, -1.000000
1820.902748, 473.806636, -1.000000
1820.967114, 473.678881, -1.000000
1821.031480, 473.551125, -1.000000
1821.095846, 473.423369, -1.000000
1821.160213, 473.295613, -1.000000
1821.224578, 473.167858, -1.000000
1821.288944, 473.040103, -1.000000
1821.353310, 472.912347, -1.000000
1821.417676, 472.784592, -1.000000
1821.482042, 472.656836, -1.000000
1821.546408, 472.529080, -1.000000
1821.610774, 472.401324, -1.000000
1821.675140, 472.273569, -1.000000
1821.739506, 472.145814, -1.000000
1821.803871, 472.018059, -1.000000
1821.868237, 471.890303, -1.000000
1821.932604, 471.762547, -1.000000
1821.996970, 471.634791, -1.000000
1822.061336, 471.507035, -1.000000
1822.125701, 471.379280, -1.000000
1822.190067, 471.251525, -1.000000
1822.254433, 471.123770, -1.000000
1822.318799, 470.996014, -1.000000
1822.383166, 470.868257, -1.000000
1822.447531, 470.740502, -1.000000
1822.511897, 470.612747, -1.000000
1822.576263, 470.484991, -1.000000
1822.640629, 470.357236, -1.000000
1822.704995, 470.229480, -1.000000
1822.769361, 470.101724, -1.000000
1822.833727, 469.973968, -1.000000
1822.898093, 469.846213, -1.000000
1822.962459, 469.718458, -1.000000
1823.026825, 469.590702, -1.000000
1823.091190, 469.462947, -1.000000
1823.155557, 469.335191, -1.000000
1823.219923, 469.207435, -1.000000
1823.284289, 469.079679, -1.000000
1823.348655, 468.951924, -1.000000
1823.413020, 468.824169, -1.000000
1823.477386, 468.696413, -1.000000
1823.541752, 468.568658, -1.000000
1823.606118, 468.440902, -1.000000
1823.670484, 468.313146, -1.000000
1823.734850, 468.185390, -1.000000
1823.799216, 468.057635, -1.000000
1823.863582, 467.929880, -1.000000
1823.927948, 467.802124, -1.000000
1823.992314, 467.674368, -1.000000
1824.056680, 467.546612, -1.000000
1824.121046, 467.418857, -1.000000
1824.185412, 467.291101, -1.000000
1824.249778, 467.163346, -1.000000
1824.314143, 467.035591, -1.000000
1824.378509, 466.907835, -1.000000
1824.442876, 466.780079, -1.000000
1824.507242, 466.652323, -1.000000
1824.571608, 466.524568, -1.000000
1824.636941, 466.397374, -1.000000
1824.712923, 466.276357, -1.000000
1824.788904, 466.155340, -1.000000
1824.892266, 466.050205, -1.000000
1824.998118, 465.946515, -1.000000
1825.103968, 465.842825, -1.000000
1825.209819, 465.739135, -1.000000
1825.315669, 465.635445, -1.000000
1825.421520, 465.531755, -1.000000
1825.527371, 465.428065, -1.000000
1825.633222, 465.324374, -1.000000
1825.739073, 465.220684, -1.000000
1825.844924, 465.116994, -1.000000
1825.950774, 465.013304, -1.000000
1826.056625, 464.909614, -1.000000
1826.162475, 464.805924, -1.000000
1826.268326, 464.702234, -1.000000
1826.374178, 464.598543, -1.000000
1826.480028, 464.494853, -1.000000
1826.585879, 464.391163, -1.000000
1826.691729, 464.287473, -1.000000
1826.797580, 464.183783, -1.000000
1826.903431, 464.080093, -1.000000
1827.009282, 463.976403, -1.000000
1827.115133, 463.872712, -1.000000
1827.220983, 463.769022, -1.000000
1827.326834, 463.665332, -1.000000
1827.432684, 463.561642, -1.000000
1827.538535, 463.457953, -1.000000
1827.644386, 463.354262, -1.000000
1827.750237, 463.250571, -1.000000
1827.856088, 463.146881, -1.000000
1827.961939, 463.043191, -1.000000
1828.067789, 462.939501, -1.000000
1828.173640, 462.835812, -1.000000
1828.279490, 462.732121, -1.000000
1828.385342, 462.628431, -1.000000
1828.491193, 462.524740, -1.000000
1828.597043, 462.421050, -1.000000
1828.702894, 462.317361, -1.000000
1828.808744, 462.213671, -1.000000
1828.914595, 462.109981, -1.000000
1829.020446, 462.006290, -1.000000
1829.126297, 461.902600, -1.000000
1829.232148, 461.798909, -1.000000
1829.337998, 461.695220, -1.000000
1829.443849, 461.591530, -1.000000
1829.549699, 461.487840, -1.000000
1829.655550, 461.384150, -1.000000
1829.761402, 461.280459, -1.000000
1829.867253, 461.176769, -1.000000
1829.973103, 461.073079, -1.000000
1830.078954, 460.969389, -1.000000
1830.184804, 460.865699, -1.000000
1830.290655, 460.762009, -1.000000
1830.396506, 460.658318, -1.000000
1830.502357, 460.554628, -1.000000
1830.608208, 460.450938, -1.000000
1830.714058, 460.347248, -1.000000
1830.819909, 460.243558, -1.000000
1830.925759, 460.139868, -1.000000
1831.031610, 460.036178, -1.000000
1831.137461, 459.932487, -1.000000
1831.243313, 459.828797, -1.000000
1831.349163, 459.725107, -1.000000
1831.456223, 459.623357, -1.000000
1831.576593, 459.542943, -1.000000
1831.696962, 459.462529, -1.000000
1831.825873, 459.397287, -1.000000
1831.956492, 459.335079, -1.000000
1832.087111, 459.272871, -1.000000
1832.217729, 459.210663, -1.000000
1832.348348, 459.148456, -1.000000
1832.478966, 459.086248, -1.000000
1832.609584, 459.024041, -1.000000
1832.740203, 458.961833, -1.000000
1832.870823, 458.899625, -1.000000
1833.001441, 458.837417, -1.000000
1833.132060, 458.775209, -1.000000
1833.262678, 458.713001, -1.000000
1833.393296, 458.650794, -1.000000
1833.523915, 458.588586, -1.000000
1833.654534, 458.526378, -1.000000
1833.785153, 458.464170, -1.000000
1833.915772, 458.401962, -1.000000
1834.046390, 458.339755, -1.000000
1834.177008, 458.277547, -1.000000
1834.307627, 458.215340, -1.000000
1834.438245, 458.153132, -1.000000
1834.568864, 458.090924, -1.000000
1834.699483, 458.028716, -1.000000
1834.830102, 457.966508, -1.000000
1834.960720, 457.904300, -1.000000
1835.091339, 457.842093, -1.000000
1835.221957, 457.779885, -1.000000
1835.352575, 457.717678, -1.000000
1835.483194, 457.655470, -1.000000
1835.613814, 457.593261, -1.000000
1836.957481, 460.078110, 1.000000
1837.103651, 460.048557, 1.000000
1837.208349, 459.931925, 1.000000
1837.344152, 459.880603, 1.000000
1837.464402, 459.796625, 1.000000
1837.584662, 459.712666, 1.000000
1837.720465, 459.661343, 1.000000
1837.819971, 459.533807, 1.000000
1837.955774, 459.482485, 1.000000
1838.060472, 459.365853, 1.000000
1838.196274, 459.314530, 1.000000
1838.316525, 459.230553, 1.000000
1838.436784, 459.146592, 1.000000
1838.567403, 459.084384, 1.000000
1838.677278, 458.978620, 1.000000
1838.813080, 458.927297, 1.000000
1838.922963, 458.821550, 1.000000
1839.053581, 458.759342, 1.000000
1839.173831, 458.675365, 1.000000
1839.288906, 458.580519, 1.000000
1839.424710, 458.529196, 1.000000
1839.529401, 458.412547, 1.000000
1839.665203, 458.361224, 1.000000
1839.775086, 458.255477, 1.000000
1839.905704, 458.193270, 1.000000
1840.031138, 458.120177, 1.000000
1840.146213, 458.025330, 1.000000
1840.282016, 457.974007, 1.000000
1840.386708, 457.857359, 1.000000
1840.522510, 457.806036, 1.000000
1840.632392, 457.700289, 1.000000
1840.763011, 457.638082, 1.000000
1840.888445, 457.564989, 1.000000
1841.003519, 457.470141, 1.000000
1841.134138, 457.407933, 1.000000
1841.249198, 457.313056, 1.000000
1841.379816, 457.250849, 1.000000
1841.089752, 457.318190, 1.000000
1841.228170, 457.271794, 1.000000
1841.366589, 457.225398, 1.000000
1841.269688, 457.194139, 1.000000
1841.411923, 457.175695, 1.000000
1841.546470, 457.097972, 1.000000
1841.688704, 457.079528, 1.000000
1841.827864, 457.037379, 1.000000
1841.968562, 457.007082, 1.000000
1842.110796, 456.988638, 1.000000
1842.249958, 456.946503, 1.000000
1842.395267, 456.951765, 1.000000
1842.532889, 456.897748, 1.000000
1842.672049, 456.855599, 1.000000
1842.812746, 456.825302, 1.000000
1842.950369, 456.771300, 1.000000
1843.092603, 456.752856, 1.000000
1843.228691, 456.687014, 1.000000
1843.372463, 456.680423, 1.000000
1843.510087, 456.626420, 1.000000
1843.649246, 456.584258, 1.000000
1843.789943, 456.553961, 1.000000
1843.927566, 456.499959, 1.000000
1844.069800, 456.481515, 1.000000
1844.208962, 456.439378, 1.000000
1844.349660, 456.409081, 1.000000
1844.490358, 456.378784, 1.000000
1844.631053, 456.348476, 1.000000
1844.773287, 456.330032, 1.000000
1844.912448, 456.287882, 1.000000
1845.054681, 456.269439, 1.000000
1845.193842, 456.227289, 1.000000
1845.334541, 456.197004, 1.000000
1845.475239, 456.166707, 1.000000
1845.614398, 456.124546, 1.000000
1845.756632, 456.106102, 1.000000
1845.894255, 456.052100, 1.000000
1846.033415, 456.009951, 1.000000
1846.174112, 455.979654, 1.000000
1846.314811, 455.949368, 1.000000
1846.455509, 455.919071, 1.000000
1846.594669, 455.876911, 1.000000
1846.736903, 455.858467, 1.000000
1846.879137, 455.840024, 1.000000
1847.019834, 455.809727, 1.000000
1847.162068, 455.791283, 1.000000
1847.301229, 455.749144, 1.000000
1847.443465, 455.730700, 1.000000
1847.584163, 455.700403, 1.000000
1847.724858, 455.670096, 1.000000
1847.867092, 455.651653, 1.000000
1848.007789, 455.621356, 1.000000
1848.150023, 455.602912, 1.000000
1848.290722, 455.572626, 1.000000
1848.432957, 455.554182, 1.000000
1848.575192, 455.535738, 1.000000
1848.717425, 455.517284, 1.000000
1848.859659, 455.498840, 1.000000
1849.001893, 455.480396, 1.000000
1849.144127, 455.461953, 1.000000
1848.941879, 507.752304, 0.000000
1848.798767, 507.735274, 1.000000
1848.655652, 507.718254, 1.000000
1848.514935, 507.689498, 1.000000
1848.369426, 507.684194, 1.000000
1848.219127, 507.702332, 1.000000
1848.076015, 507.685302, 1.000000
1847.932903, 507.668272, 1.000000
1847.789791, 507.651242, 1.000000
1847.646679, 507.634212, 1.000000
1847.491582, 507.675824, 1.000000
1847.346073, 507.670521, 1.000000
1847.200566, 507.665205, 1.000000
1847.055058, 507.659901, 1.000000
1846.911946, 507.642871, 1.000000
1846.761645, 507.661020, 1.000000
1846.616136, 507.655716, 1.000000
1846.465832, 507.673878, 1.000000
1846.313134, 507.703753, 1.000000
1846.167624, 507.698449, 1.000000
1846.019722, 507.704858, 1.000000
1845.876610, 507.687828, 1.000000
1845.726309, 507.705976, 1.000000
1845.578404, 507.712399, 1.000000
1845.432896, 507.707095, 1.000000
1845.287384, 507.701806, 1.000000
1845.144271, 507.684776, 1.000000
1844.996365, 507.691198, 1.000000
1844.848463, 507.697606, 1.000000
1844.705351, 507.680575, 1.000000
1844.564636, 507.651819, 1.000000
1844.423920, 507.623063, 1.000000
1844.283205, 507.594306, 1.000000
1844.140089, 507.577291, 1.000000
1843.996976, 507.560261, 1.000000
1843.858656, 507.519778, 1.000000
1843.722736, 507.467554, 1.000000
1843.582020, 507.438797, 1.000000
1843.441305, 507.410041, 1.000000
1843.300589, 507.381284, 1.000000
1843.159874, 507.352528, 1.000000
1843.019154, 507.323787, 1.000000
1842.878437, 507.295030, 1.000000
1842.737724, 507.266258, 1.000000
1842.599405, 507.225775, 1.000000
1842.458689, 507.197019, 1.000000
1842.317974, 507.168262, 1.000000
1842.177258, 507.139506, 1.000000
1842.041332, 507.087312, 1.000000
1841.900615, 507.058556, 1.000000
1841.757502, 507.041525, 1.000000
1841.607204, 507.059659, 1.000000
1841.464092, 507.042628, 1.000000
1841.320980, 507.025598, 1.000000
1841.177868, 507.008568, 1.000000
1841.037152, 506.979812, 1.000000
1840.891641, 506.974524, 1.000000
1840.746131, 506.969220, 1.000000
1840.603018, 506.952190, 1.000000
1840.455116, 506.958596, 1.000000
1840.312004, 506.941566, 1.000000
1839.753636, 506.909000, 1.000000
1839.603253, 506.890031, 1.000000
1839.457307, 506.859639, 1.000000
1839.093621, 506.702743, 1.000000
1838.958564, 506.647648, 1.000000
1838.812532, 506.614130, 1.000000
1838.671985, 506.569832, 1.000000
1838.536928, 506.514737, 1.000000
1838.396380, 506.470439, 1.000000
1838.261323, 506.415343, 1.000000
1838.115275, 506.381860, 1.000000
1837.974727, 506.337561, 1.000000
1837.817714, 506.325637, 1.000000
1837.660693, 506.313730, 1.000000
1837.520145, 506.269432, 1.000000
1837.363124, 506.257525, 1.000000
1837.222577, 506.213227, 1.000000
1837.071037, 506.190543, 1.000000
1836.930488, 506.146244, 1.000000
1836.784448, 506.112743, 1.000000
1836.627437, 506.100817, 1.000000
1836.486889, 506.056519, 1.000000
1836.329868, 506.044612, 1.000000
1836.189321, 506.000314, 1.000000
1836.048773, 505.956016, 1.000000
1835.902722, 505.922536, 1.000000
1835.762174, 505.878238, 1.000000
1835.621636, 505.833918, 1.000000
1835.486579, 505.778823, 1.000000
1835.346032, 505.734525, 1.000000
1835.210975, 505.679429, 1.000000
1835.081409, 505.613537, 1.000000
1834.951832, 505.547666, 1.000000
1834.827756, 505.470976, 1.000000
1834.703692, 505.394265, 1.000000
1834.579617, 505.317575, 1.000000
1834.466524, 505.219291, 1.000000
1834.353432, 505.121008, 1.000000
1834.234848, 505.033521, 1.000000
1834.127236, 504.924461, 1.000000
1834.008651, 504.836973, 1.000000
1833.906550, 504.717074, 1.000000
1833.798948, 504.607993, 1.000000
1833.680365, 504.520507, 1.000000
1833.567272, 504.422223, 1.000000
1833.448688, 504.334736, 1.000000
1833.319113, 504.268863, 1.000000
1833.189546, 504.202971, 1.000000
1833.065471, 504.126281, 1.000000
1832.941405, 504.049572, 1.000000
1832.817331, 503.972882, 1.000000
1832.687765, 503.906990, 1.000000
1832.563690, 503.830300, 1.000000
1832.439616, 503.753611, 1.000000
1832.315530, 503.676940, 1.000000
1832.180473, 503.621844, 1.000000
1832.028952, 503.599121, 1.000000
1831.899386, 503.533229, 1.000000
1831.764330, 503.478134, 1.000000
1831.629273, 503.423039, 1.000000
1831.494216, 503.367943, 1.000000
1831.348167, 503.334462, 1.000000
1831.218600, 503.268569, 1.000000
1831.083553, 503.213454, 1.000000
1830.953987, 503.147562, 1.000000
1830.824421, 503.081669, 1.000000
1830.683873, 503.037371, 1.000000
1830.554308, 502.971479, 1.000000
1830.408258, 502.937998, 1.000000
1830.278692, 502.872105, 1.000000
1830.127171, 502.849381, 1.000000
1829.981132, 502.815880, 1.000000
1829.846075, 502.760785, 1.000000
1829.190803, 502.321987, 1.000000
1829.069607, 502.240810, 1.000000
1828.586323, 501.836423, 1.000000
1828.478656, 501.737782, 1.000000
1828.362084, 501.647372, 1.000000
1828.254435, 501.548716, 1.000000
1828.146769, 501.450077, 1.000000
1828.039103, 501.351438, 1.000000
1827.949249, 501.236338, 1.000000
1827.859377, 501.121255, 1.000000
1827.787333, 500.989694, 1.000000
1827.742008, 500.833443, 1.000000
1827.687793, 500.685408, 1.000000
1827.615751, 500.553848, 1.000000
1827.552614, 500.414059, 1.000000
1827.480571, 500.282499, 1.000000
1827.408512, 500.150954, 1.000000
1827.327563, 500.027624, 1.000000
1827.246614, 499.904293, 1.000000
1827.165680, 499.780949, 1.000000
1827.102543, 499.641160, 1.000000
1827.057218, 499.484910, 1.000000
1826.985175, 499.353351, 1.000000
1826.904212, 499.230034, 1.000000
1826.814357, 499.114934, 1.000000
1826.706690, 499.016294, 1.000000
1826.607944, 498.909411, 1.000000
1826.509184, 498.802542, 1.000000
1826.419330, 498.687442, 1.000000
1826.338381, 498.564112, 1.000000
1826.239607, 498.457256, 1.000000
1826.149752, 498.342156, 1.000000
1826.042085, 498.243515, 1.000000
1825.934433, 498.144863, 1.000000
1825.826767, 498.046223, 1.000000
1825.710195, 497.955814, 1.000000
1825.602529, 497.857174, 1.000000
1825.450319, 497.799698, 1.000000
1825.333747, 497.709288, 1.000000
1825.243892, 497.594188, 1.000000
1825.162958, 497.470845, 1.000000
1825.064198, 497.363975, 1.000000
1824.965438, 497.257106, 1.000000
1824.866678, 497.150236, 1.000000
1824.776808, 497.035150, 1.000000
1824.695859, 496.911820, 1.000000
1824.614910, 496.788489, 1.000000
1824.533976, 496.665146, 1.000000
1824.453027, 496.541817, 1.000000
1824.372078, 496.418487, 1.000000
1824.300036, 496.286928, 1.000000
1824.227979, 496.155381, 1.000000
1824.147030, 496.032050, 1.000000
1824.066081, 495.908720, 1.000000
1823.967334, 495.801838, 1.000000
1823.877479, 495.686738, 1.000000
1823.778719, 495.579869, 1.000000
1823.688865, 495.464769, 1.000000
1823.590091, 495.357912, 1.000000
1823.491330, 495.251042, 1.000000
1823.392569, 495.144171, 1.000000
1823.293822, 495.037289, 1.000000
1823.212874, 494.913960, 1.000000
1823.131925, 494.790630, 1.000000
1823.033165, 494.683761, 1.000000
1822.916580, 494.593363, 1.000000
1822.817819, 494.486493, 1.000000
1822.719058, 494.379623, 1.000000
1822.629217, 494.264511, 1.000000
1822.539363, 494.149412, 1.000000
1822.182763, 493.690154, 1.000000
1822.114728, 493.560654, 1.000000
1821.902803, 493.240878, 1.000000
1821.846763, 493.103356, 1.000000
1821.812729, 492.954654, 1.000000
1821.756690, 492.817134, 1.000000
1821.689656, 492.685199, 1.000000
1821.633617, 492.547679, 1.000000
1821.588557, 492.404580, 1.000000
1821.543512, 492.261472, 1.000000
1821.498482, 492.118356, 1.000000
1821.442443, 491.980836, 1.000000
1821.386404, 491.843315, 1.000000
1821.330365, 491.705794, 1.000000
1821.263331, 491.573860, 1.000000
1821.196283, 491.441932, 1.000000
1821.151238, 491.298824, 1.000000
1821.095213, 491.161296, 1.000000
1821.050169, 491.018189, 1.000000
1820.994130, 490.880669, 1.000000
1820.927096, 490.748734, 1.000000
1820.849053, 490.622393, 1.000000
1820.793013, 490.484871, 1.000000
1820.736989, 490.347343, 1.000000
1820.669955, 490.215408, 1.000000
1820.558943, 490.105818, 1.000000
1820.480915, 489.979470, 1.000000
1820.380883, 489.864301, 1.000000
1820.313848, 489.732365, 1.000000
1820.224840, 489.611595, 1.000000
1820.157807, 489.479660, 1.000000
1820.035800, 489.375657, 1.000000
1819.946778, 489.254894, 1.000000
1819.868734, 489.128554, 1.000000
1819.790705, 489.002205, 1.000000
1819.701698, 488.881433, 1.000000
1819.612675, 488.760671, 1.000000
1819.523652, 488.639909, 1.000000
1819.434629, 488.519147, 1.000000
1819.367596, 488.387212, 1.000000
1819.300545, 488.255285, 1.000000
1819.244506, 488.117764, 1.000000
1819.188483, 487.980235, 1.000000
1819.121449, 487.848300, 1.000000
1819.054416, 487.716366, 1.000000
1818.998377, 487.578845, 1.000000
1818.953316, 487.435746, 1.000000
1818.908271, 487.292638, 1.000000
1818.841253, 487.160695, 1.000000
1818.785214, 487.023174, 1.000000
1818.707186, 486.896826, 1.000000
1818.651147, 486.759305, 1.000000
1818.595092, 486.621792, 1.000000
1818.539052, 486.484271, 1.000000
1818.450045, 486.363500, 1.000000
1818.383011, 486.231565, 1.000000
1818.293988, 486.110803, 1.000000
1818.215960, 485.984455, 1.000000
1818.148910, 485.852528, 1.000000
1818.081876, 485.720593, 1.000000
1817.981875, 485.605408, 1.000000
1817.903846, 485.479059, 1.000000
1817.814824, 485.358297, 1.000000
1817.736796, 485.231949, 1.000000
1817.669762, 485.100014, 1.000000
1817.456121, 483.770269, 1.000000
1817.446196, 483.625929, 1.000000
1817.393193, 483.336566, 1.000000
1817.403506, 483.190262, 1.000000
1817.413820, 483.043959, 1.000000
1817.424133, 482.897655, 1.000000
1817.434428, 482.751350, 1.000000
1817.456933, 482.605905, 1.000000
1817.467265, 482.459602, 1.000000
1817.501962, 482.315017, 1.000000
1817.524467, 482.169573, 1.000000
1817.546973, 482.024129, 1.000000
1817.569478, 481.878685, 1.000000
1817.579773, 481.732379, 1.000000
1817.602279, 481.586934, 1.000000
1817.612610, 481.440632, 1.000000
1817.635115, 481.295188, 1.000000
1817.657620, 481.149744, 1.000000
1817.667934, 481.003440, 1.000000
1817.653845, 480.855416, 1.000000
1817.664159, 480.709112, 1.000000
1817.686682, 480.563668, 1.000000
1817.709187, 480.418224, 1.000000
1817.695117, 480.270202, 1.000000
1817.693238, 480.123039, 1.000000
1817.691359, 479.975876, 1.000000
1817.689462, 479.828711, 1.000000
1817.687584, 479.681547, 1.000000
1817.673532, 479.533525, 1.000000
1817.683845, 479.387222, 1.000000
1817.645390, 479.237481, 1.000000
1817.643512, 479.090318, 1.000000
1817.629422, 478.942294, 1.000000
1817.639735, 478.795989, 1.000000
1817.625684, 478.647967, 1.000000
1817.635997, 478.501664, 1.000000
1817.634119, 478.354501, 1.000000
1817.644432, 478.208198, 1.000000
1817.654745, 478.061894, 1.000000
1817.665039, 477.915588, 1.000000
1817.663161, 477.768424, 1.000000
1817.673493, 477.622122, 1.000000
1817.695999, 477.476678, 1.000000
1817.718504, 477.331234, 1.000000
1817.741009, 477.185790, 1.000000
1817.763495, 477.040344, 1.000000
1817.798193, 476.895758, 1.000000
1817.808525, 476.749455, 1.000000
1817.831031, 476.604011, 1.000000
1817.853536, 476.458567, 1.000000
1817.876041, 476.313123, 1.000000
1817.898546, 476.167679, 1.000000
1817.908841, 476.021374, 1.000000
1817.919154, 475.875069, 1.000000
1817.929486, 475.728767, 1.000000
1817.964184, 475.584182, 1.000000
1817.986689, 475.438738, 1.000000
1817.997002, 475.292434, 1.000000
1818.007297, 475.146129, 1.000000
1818.029803, 475.000684, 1.000000
1818.040134, 474.854381, 1.000000
1818.050448, 474.708078, 1.000000
1818.073615, 474.524902, 1.000000
1818.086090, 474.379341, 1.000000
1818.074305, 474.231700, 1.000000
1818.420197, 473.196613, 1.000000
1818.527149, 473.090312, 1.000000
1818.612823, 472.973292, 1.000000
1818.677189, 472.845537, 1.000000
1818.741555, 472.717782, 1.000000
1818.816567, 472.595390, 1.000000
1818.880917, 472.467627, 1.000000
1818.945284, 472.339871, 1.000000
1819.009665, 472.212122, 1.000000
1819.074031, 472.084367, 1.000000
1819.138397, 471.956612, 1.000000
1819.202763, 471.828857, 1.000000
1819.256482, 471.695738, 1.000000
1819.310186, 471.562610, 1.000000
1819.385199, 471.440217, 1.000000
1819.449581, 471.312470, 1.000000
1819.513947, 471.184714, 1.000000
1819.567666, 471.051595, 1.000000
1819.642678, 470.929204, 1.000000
1819.707028, 470.801440, 1.000000
1819.792687, 470.684412, 1.000000
1819.878362, 470.567391, 1.000000
1819.942727, 470.439636, 1.000000
1820.007093, 470.311881, 1.000000
1820.071459, 470.184126, 1.000000
1820.146471, 470.061734, 1.000000
1820.221468, 469.939334, 1.000000
1820.285834, 469.811578, 1.000000
1820.339569, 469.678466, 1.000000
1820.393289, 469.545347, 1.000000
1820.436362, 469.406864, 1.000000
1820.500728, 469.279109, 1.000000
1820.543786, 469.140618, 1.000000
1820.608152, 469.012862, 1.000000
1820.672534, 468.885114, 1.000000
1820.736900, 468.757358, 1.000000
1820.790619, 468.624239, 1.000000
1820.844339, 468.491120, 1.000000
1820.898058, 468.358001, 1.000000
1820.951762, 468.224873, 1.000000
1821.016128, 468.097117, 1.000000
1821.059218, 467.958642, 1.000000
1821.123584, 467.830886, 1.000000
1821.187949, 467.703131, 1.000000
1821.262961, 467.580740, 1.000000
1821.327311, 467.452976, 1.000000
1821.391677, 467.325220, 1.000000
1821.509291, 467.224291, 1.000000
1821.594949, 467.107263, 1.000000
1821.648669, 466.974144, 1.000000
1821.702389, 466.841025, 1.000000
1821.788047, 466.723997, 1.000000
1821.884336, 466.612325, 1.000000
1821.969995, 466.495297, 1.000000
1822.055669, 466.378276, 1.000000
1822.130681, 466.255885, 1.000000
1822.195047, 466.128130, 1.000000
1822.270059, 466.005738, 1.000000
1822.334410, 465.877975, 1.000000
1822.409423, 465.755583, 1.000000
1822.484450, 465.633198, 1.000000
1822.548816, 465.505443, 1.000000
1822.700669, 465.181671, 1.000000
1822.766566, 465.054322, 1.000000
1822.842547, 464.933305, 1.000000
1823.233216, 464.356585, 1.000000
1823.321786, 464.235252, 1.000000
1823.401726, 464.105112, 1.000000
1823.498936, 463.992602, 1.000000
1823.596145, 463.880091, 1.000000
1823.693355, 463.767580, 1.000000
1823.755989, 463.619772, 1.000000
1823.853199, 463.507261, 1.000000
1823.950423, 463.394763, 1.000000
1824.056273, 463.291073, 1.000000
1824.136201, 463.160920, 1.000000
1824.233411, 463.048409, 1.000000
1824.339261, 462.944720, 1.000000
1824.445099, 462.841015, 1.000000
1824.550950, 462.737325, 1.000000
1824.648174, 462.624827, 1.000000
1824.762665, 462.529958, 1.000000
1824.868515, 462.426269, 1.000000
1824.991648, 462.340220, 1.000000
1825.114767, 462.254159, 1.000000
1825.255182, 462.185752, 1.000000
1825.404250, 462.126179, 1.000000
1825.536023, 462.048952, 1.000000
1825.650514, 461.954083, 1.000000
1825.773646, 461.868034, 1.000000
1825.922701, 461.808449, 1.000000
1826.063104, 461.740030, 1.000000
1826.194878, 461.662802, 1.000000
1826.318022, 461.576765, 1.000000
1826.449795, 461.499538, 1.000000
1826.572927, 461.413490, 1.000000
1826.704700, 461.336263, 1.000000
1826.845103, 461.267845, 1.000000
1826.976877, 461.190618, 1.000000
1827.082739, 461.086938, 1.000000
1827.197230, 460.992069, 1.000000
1827.311721, 460.897200, 1.000000
1827.434853, 460.811152, 1.000000
1827.566626, 460.733924, 1.000000
1827.698390, 460.656686, 1.000000
1827.821523, 460.570638, 1.000000
1827.936024, 460.475778, 1.000000
1828.067797, 460.398551, 1.000000
1828.199570, 460.321324, 1.000000
1828.331343, 460.244096, 1.000000
1828.437185, 460.140397, 1.000000
1828.560318, 460.054348, 1.000000
1828.683460, 459.968309, 1.000000
1828.815233, 459.891081, 1.000000
1828.955647, 459.822675, 1.000000
1829.087420, 459.745448, 1.000000
1829.201911, 459.650579, 1.000000
1829.307754, 459.546880, 1.000000
1829.413605, 459.443189, 1.000000
1829.510823, 459.330687, 1.000000
1829.625315, 459.235818, 1.000000
1829.731165, 459.132128, 1.000000
1829.854297, 459.046080, 1.000000
1829.968781, 458.951202, 1.000000
1830.091914, 458.865154, 1.000000
1830.197773, 458.761471, 1.000000
1830.303623, 458.657781, 1.000000
1830.631983, 458.389571, 1.000000
1830.745651, 458.299127, 1.000000
1830.886124, 458.248805, 1.000000
1831.219344, 458.123749, 1.000000
1831.349964, 458.061541, 1.000000
1831.454667, 457.944918, 1.000000
1831.595653, 457.904480, 1.000000
1831.747007, 457.885812, 1.000000
1831.898362, 457.867144, 1.000000
1832.034164, 457.815821, 1.000000
1832.169963, 457.764489, 1.000000
1832.316134, 457.734936, 1.000000
1832.462309, 457.705391, 1.000000
1832.608479, 457.675838, 1.000000
1832.754649, 457.646285, 1.000000
1832.895635, 457.605847, 1.000000
1833.046990, 457.587179, 1.000000
1833.193157, 457.557619, 1.000000
1833.339328, 457.528066, 1.000000
1833.490686, 457.509404, 1.000000
1833.636857, 457.479851, 1.000000
1833.772659, 457.428528, 1.000000
1833.913645, 457.388090, 1.000000
1834.059815, 457.358537, 1.000000
1834.205984, 457.328978, 1.000000
1834.346971, 457.288540, 1.000000
1834.482776, 457.237222, 1.000000
1834.623762, 457.196785, 1.000000
1834.754381, 457.134577, 1.000000
1834.890183, 457.083254, 1.000000
1835.020801, 457.021047, 1.000000
1835.151418, 456.958834, 1.000000
1835.287221, 456.907510, 1.000000
1835.412658, 456.834423, 1.000000
1835.548461, 456.783100, 1.000000
1835.673895, 456.710007, 1.000000
1835.804513, 456.647800, 1.000000
1835.929948, 456.574707, 1.000000
1836.055380, 456.501609, 1.000000
1836.191184, 456.450286, 1.000000
1836.316621, 456.377199, 1.000000
1836.447239, 456.314991, 1.000000
1836.567489, 456.231014, 1.000000
1836.692924, 456.157921, 1.000000
1836.818358, 456.084829, 1.000000
1836.943791, 456.011730, 1.000000
1837.074410, 455.949522, 1.000000
1837.205031, 455.887320, 1.000000
1837.335650, 455.825112, 1.000000
1837.455900, 455.741135, 1.000000
1837.576150, 455.657158, 1.000000
1837.701585, 455.584065, 1.000000
1837.827017, 455.510966, 1.000000
1837.952452, 455.437873, 1.000000
1838.077890, 455.364787, 1.000000
1838.208508, 455.302579, 1.000000
1838.323575, 455.207717, 1.000000
1838.449009, 455.134624, 1.000000
1838.574443, 455.061532, 1.000000
1838.694691, 454.977547, 1.000000
1838.820126, 454.904454, 1.000000
1838.940380, 454.820484, 1.000000
1839.065815, 454.747391, 1.000000
1839.180881, 454.652529, 1.000000
1839.301132, 454.568552, 1.000000
1839.426566, 454.495459, 1.000000
1839.546813, 454.411474, 1.000000
1839.672249, 454.338381, 1.000000
1839.792503, 454.254411, 1.000000
1839.917938, 454.181319, 1.000000
1840.279058, 454.009335, 1.000000
1840.414592, 453.951164, 1.000000
1840.553010, 453.904768, 1.000000
1840.837793, 453.863468, 1.000000
1840.978491, 453.833172, 1.000000
1841.117653, 453.791031, 1.000000
1841.259887, 453.772588, 1.000000
1841.399047, 453.730438, 1.000000
1841.539744, 453.700142, 1.000000
1841.681978, 453.681698, 1.000000
1841.822674, 453.651391, 1.000000
1841.964909, 453.632947, 1.000000
1842.105608, 453.602661, 1.000000
1842.246305, 453.572364, 1.000000
1842.387002, 453.542067, 1.000000
1842.527699, 453.511771, 1.000000
1842.852834, 454.903814, -1.000000
1842.810629, 453.463020, 0.000000
1842.951327, 453.432723, 0.000000
1843.092025, 453.402426, 0.000000
1843.232724, 453.372140, 0.000000
1843.373421, 453.341844, 0.000000
1843.514118, 453.311547, 0.000000
1843.654815, 453.281250, 0.000000
1843.795511, 453.250943, 0.000000
1843.937746, 453.232499, 0.000000
1844.078444, 453.202202, 0.000000
1844.219142, 453.171916, 0.000000
1844.359839, 453.141620, 0.000000
1844.500536, 453.111323, 0.000000
1844.641233, 453.081027, 0.000000
1844.781930, 453.050730, 0.000000
1844.922627, 453.020422, 0.000000
1845.063325, 452.990125, 0.000000
1845.204024, 452.959840, 0.000000
1845.344721, 452.929543, 0.000000
1845.485418, 452.899247, 0.000000
1845.626115, 452.868950, 0.000000
1845.766812, 452.838653, 0.000000
1845.909045, 452.820197, 0.000000
1846.049743, 452.789901, 0.000000
1846.190443, 452.759616, 0.000000
1846.331140, 452.729319, 0.000000
1846.471837, 452.699023, 0.000000
1846.612534, 452.668726, 0.000000
1846.753231, 452.638430, 0.000000
1846.893926, 452.608120, 0.000000
1847.034624, 452.577823, 0.000000
1847.175323, 452.547527, 0.000000
1847.316021, 452.517243, 0.000000
1847.456718, 452.486946, 0.000000
1847.597415, 452.456650, 0.000000
1847.738112, 452.426353, 0.000000
1847.880345, 452.407896, 0.000000
1848.021043, 452.377599, 0.000000
1848.163278, 452.359155, 1.000000
1848.303977, 452.328872, 1.000000
1848.444674, 452.298575, 1.000000
1848.585371, 452.268279, 1.000000
1848.729142, 452.261688, 1.000000
