2059.314651, -555.575624, 5.000000
2059.322314, -555.679520, 1.000000
2059.329958, -555.783412, 1.000000
2059.337583, -555.887301, 0.800000
2059.345188, -555.991185, 0.800000
2059.352774, -556.095065, 0.800000
2059.360342, -556.198941, 0.800000
2059.367890, -556.302813, 0.800000
2059.375419, -556.406681, 0.800000
2059.382930, -556.510545, 0.800000
2059.390422, -556.614404, 0.800000
2059.397894, -556.718260, 0.800000
2059.405349, -556.822112, 0.800000
2059.412784, -556.925960, 0.600000
2059.420201, -557.029804, 0.600000
2059.427599, -557.133644, 0.600000
2059.434979, -557.237479, 0.600000
2059.442340, -557.341311, 0.400000
2059.449683, -557.445139, 0.400000
2059.457007, -557.548963, 0.400000
2059.464313, -557.652784, 0.400000
2059.471600, -557.756600, 0.400000
2059.478869, -557.860412, 0.400000
2059.486120, -557.964220, 0.200000
2059.493353, -558.068025, 0.200000
2059.500567, -558.171825, 0.000000
2059.507764, -558.275622, 0.000000
2059.514942, -558.379415, 0.000000
2059.522102, -558.483204, 0.000000
2059.529244, -558.586989, 0.000000
2059.536368, -558.690770, 0.000000
2059.543474, -558.794548, 0.000000
2059.550562, -558.898321, 0.000000
2059.557632, -559.002091, 0.000000
2059.564684, -559.105857, 0.000000
2059.571719, -559.209619, 0.000000
2059.578735, -559.313377, 0.000000
2059.585734, -559.417132, 0.000000
2059.592715, -559.520882, 0.000000
2059.599678, -559.624629, 0.000000
2059.606623, -559.728372, 0.000000
2059.613551, -559.832112, 0.000000
2059.620461, -559.935847, 0.000000
2059.627353, -560.039579, 0.000000
2059.634228, -560.143307, 0.000000
2059.641085, -560.247031, 0.000000
2059.647925, -560.350752, 0.000000
2059.654747, -560.454468, 0.000000
2059.661551, -560.558181, 0.200000
2059.668338, -560.661890, 0.400000
2059.675108, -560.765596, 0.400000
2059.681860, -560.869298, 0.400000
2059.688594, -560.972996, 0.400000
2059.695311, -561.076690, 0.400000
2059.702011, -561.180380, 0.400000
2059.708693, -561.284067, 0.400000
2059.715357, -561.387750, 0.600000
2059.722005, -561.491430, 0.600000
2059.728635, -561.595105, 0.600000
2059.735247, -561.698777, 0.600000
2059.741843, -561.802445, 0.800000
2059.748420, -561.906110, 0.800000
2059.754981, -562.009771, 0.800000
2059.761524, -562.113428, 0.800000
2059.768050, -562.217081, 0.800000
2059.774559, -562.320731, 0.800000
2059.781050, -562.424377, 0.800000
2059.787524, -562.528019, 0.800000
2059.793981, -562.631658, 0.800000
2059.800420, -562.735293, 0.800000
2059.806842, -562.838924, 0.800000
2059.813247, -562.942552, 0.800000
2059.819635, -563.046176, 0.800000
2059.826005, -563.149796, 0.800000
2059.832358, -563.253412, 0.800000
2059.838694, -563.357025, 0.800000
2059.845013, -563.460634, 0.800000
2059.851314, -563.564240, 0.600000
2059.857598, -563.667841, 0.600000
2059.863865, -563.771439, 0.200000
2059.870115, -563.875034, 0.200000
2059.876347, -563.978624, 0.200000
2059.882562, -564.082211, 0.200000
2059.888760, -564.185795, 0.200000
2059.894941, -564.289374, 0.200000
2059.901104, -564.392950, 0.200000
2059.907250, -564.496522, 0.200000
2059.913379, -564.600091, 0.200000
2059.919490, -564.703656, 0.200000
2059.925584, -564.807217, 0.200000
2059.931661, -564.910774, 0.200000
2059.937720, -565.014328, 0.200000
2059.943763, -565.117878, 0.200000
2059.949788, -565.221424, 0.200000
2059.955795, -565.324967, 0.200000
2059.961785, -565.428506, 0.200000
2059.967758, -565.532041, 0.200000
2059.973713, -565.635573, 0.200000
2059.979652, -565.739100, 0.200000
2059.985572, -565.842624, 0.200000
2059.991475, -565.946145, 0.200000
2059.997361, -566.049661, 0.200000
2060.003230, -566.153174, 0.200000
2060.009080, -566.256683, 0.200000
2060.014914, -566.360189, 0.600000
2060.020730, -566.463691, 0.600000
2060.026528, -566.567188, 0.800000
2060.032309, -566.670683, 0.800000
2060.038072, -566.774173, 0.800000
2060.043818, -566.877660, 0.800000
2060.049546, -566.981143, 0.800000
2060.055257, -567.084622, 0.800000
2060.060950, -567.188097, 0.800000
2060.066625, -567.291569, 0.800000
2060.072283, -567.395037, 0.800000
2060.077923, -567.498501, 0.800000
2060.083545, -567.601961, 0.800000
2060.089150, -567.705417, 0.800000
2060.094736, -567.808870, 0.800000
2060.100305, -567.912319, 0.800000
2060.105856, -568.015764, 0.800000
2060.111390, -568.119205, 0.800000
2060.116905, -568.222643, 0.600000
2060.122403, -568.326076, 0.600000
2060.127882, -568.429506, 0.600000
2060.133344, -568.532932, 0.600000
2060.138787, -568.636354, 0.600000
2060.144213, -568.739772, 0.400000
2060.149621, -568.843187, 0.200000
2060.155010, -568.946597, 0.200000
2060.160382, -569.050004, 0.200000
2060.165735, -569.153407, 0.200000
2060.171070, -569.256806, 0.200000
2060.176387, -569.360201, 0.000000
2060.181686, -569.463592, 0.000000
2060.186966, -569.566979, 0.000000
2060.192228, -569.670362, 0.000000
2060.197472, -569.773742, 0.000000
2060.202697, -569.877117, 0.000000
2060.207904, -569.980489, 0.000000
2060.213093, -570.083856, 0.000000
2060.218263, -570.187220, 0.000000
2060.223414, -570.290580, 0.200000
2060.228547, -570.393935, 0.200000
2060.233662, -570.497287, 0.200000
2060.238757, -570.600635, 0.200000
2060.243834, -570.703978, 0.200000
2060.248893, -570.807318, 0.400000
2060.253932, -570.910654, 0.400000
2060.258953, -571.013986, 0.400000
2060.263955, -571.117313, 0.400000
2060.268938, -571.220637, 0.400000
2060.273902, -571.323957, 0.400000
2060.278847, -571.427272, 0.400000
2060.283773, -571.530584, 0.400000
2060.288680, -571.633891, 0.400000
2060.293568, -571.737194, 0.400000
2060.298437, -571.840494, 0.400000
2060.303286, -571.943789, 0.400000
2060.308116, -572.047080, 0.600000
2060.312927, -572.150366, 0.800000
2060.317719, -572.253649, 0.800000
2060.322491, -572.356928, 0.800000
2060.327244, -572.460202, 0.800000
2060.331977, -572.563473, 1.000000
2060.336691, -572.666739, 1.000000
2060.341385, -572.770001, 1.000000
2060.346060, -572.873258, 1.000000
2060.350715, -572.976512, 1.000000
2060.355350, -573.079761, 1.000000
2060.359965, -573.183006, 1.000000
2060.364560, -573.286247, 0.800000
2060.369136, -573.389484, 0.800000
2060.373692, -573.492716, 0.800000
2060.378227, -573.595944, 0.800000
2060.382743, -573.699168, 0.800000
2060.387238, -573.802387, 0.800000
2060.391713, -573.905602, 0.800000
2060.396168, -574.008813, 0.600000
2060.400603, -574.112019, 0.600000
2060.405017, -574.215221, 0.600000
2060.409411, -574.318419, 0.600000
2060.413785, -574.421613, 0.600000
2060.418138, -574.524802, 0.600000
2060.422470, -574.627986, 0.600000
2060.426782, -574.731166, 0.600000
2060.431073, -574.834342, 0.600000
2060.435343, -574.937513, 0.600000
2060.439593, -575.040680, 0.600000
2060.443822, -575.143843, 0.400000
2060.448029, -575.247001, 0.400000
2060.452216, -575.350154, 0.400000
2060.456381, -575.453303, 0.400000
2060.460526, -575.556447, 0.200000
2060.464649, -575.659587, 0.000000
2060.468751, -575.762723, 0.000000
2060.472832, -575.865853, 0.000000
2060.476891, -575.968980, 0.000000
2060.480929, -576.072101, 0.000000
2060.484946, -576.175218, 0.000000
2060.488940, -576.278331, 0.000000
2060.492913, -576.381439, 0.000000
2060.496865, -576.484542, 0.000000
2060.500795, -576.587640, 0.000000
2060.504702, -576.690734, 0.000000
2060.508588, -576.793823, 0.200000
2060.512452, -576.896908, 0.200000
2060.516294, -576.999987, 0.200000
2060.520114, -577.103062, 0.200000
2060.523911, -577.206133, 0.200000
2060.527686, -577.309198, 0.200000
2060.531439, -577.412259, 0.200000
2060.535170, -577.515315, 0.200000
2060.538878, -577.618366, 0.200000
2060.542563, -577.721412, 0.200000
2060.546226, -577.824454, 0.400000
2060.549867, -577.927491, 0.400000
2060.553484, -578.030522, 0.400000
2060.557079, -578.133549, 0.600000
2060.560650, -578.236571, 0.600000
2060.564199, -578.339588, 0.600000
2060.567725, -578.442600, 0.600000
2060.571227, -578.545608, 0.800000
2060.574706, -578.648610, 0.800000
2060.578162, -578.751607, 0.800000
2060.581595, -578.854599, 0.800000
2060.585004, -578.957587, 0.800000
2060.588390, -579.060569, 0.800000
2060.591752, -579.163546, 0.800000
2060.595090, -579.266518, 1.000000
2060.598405, -579.369485, 1.000000
2060.601696, -579.472447, 1.000000
2060.604963, -579.575404, 1.000000
2060.608205, -579.678356, 1.000000
2060.611424, -579.781302, 1.000000
2060.614619, -579.884244, 1.000000
2060.617789, -579.987180, 0.800000
2060.620936, -580.090111, 0.800000
2060.624057, -580.193037, 0.800000
2060.627155, -580.295958, 0.800000
2060.630228, -580.398873, 0.800000
2060.633276, -580.501783, 0.800000
2060.636299, -580.604688, 0.800000
2060.639298, -580.707587, 0.800000
2060.642271, -580.810482, 0.600000
2060.645220, -580.913370, 0.600000
2060.648144, -581.016254, 0.600000
2060.651042, -581.119132, 0.400000
2060.653916, -581.222005, 0.200000
2060.656764, -581.324872, 0.200000
2060.659587, -581.427734, 0.200000
2060.662384, -581.530591, 0.200000
2060.665155, -581.633442, 0.200000
2060.667901, -581.736287, 0.200000
2060.670622, -581.839127, 0.200000
2060.673316, -581.941962, 0.200000
2060.675985, -582.044791, 0.000000
2060.678627, -582.147614, 0.000000
2060.681244, -582.250432, 0.000000
2060.683834, -582.353244, 0.000000
2060.686398, -582.456051, 0.000000
2060.688936, -582.558852, 0.000000
2060.691447, -582.661647, 0.000000
2060.693932, -582.764437, 0.200000
2060.696390, -582.867221, 0.200000
2060.698821, -582.969999, 0.200000
2060.701226, -583.072771, 0.200000
2060.703603, -583.175538, 0.200000
2060.705954, -583.278299, 0.200000
2060.708278, -583.381055, 0.200000
2060.710574, -583.483804, 0.200000
2060.712843, -583.586548, 0.200000
2060.715085, -583.689285, 0.400000
2060.717300, -583.792017, 0.400000
2060.719487, -583.894743, 0.400000
2060.721646, -583.997463, 0.400000
2060.723778, -584.100178, 0.400000
2060.725881, -584.202886, 0.400000
2060.727957, -584.305588, 0.800000
2060.730005, -584.408284, 0.800000
2060.732025, -584.510975, 0.800000
2060.734016, -584.613659, 0.800000
2060.735980, -584.716337, 0.800000
2060.737915, -584.819009, 0.800000
2060.739821, -584.921676, 0.800000
2060.741699, -585.024336, 0.800000
2060.743548, -585.126989, 0.800000
2060.745368, -585.229637, 0.800000
2060.747160, -585.332279, 0.800000
2060.748923, -585.434914, 0.800000
2060.750656, -585.537543, 0.800000
2060.752361, -585.640166, 0.800000
2060.754036, -585.742783, 0.800000
2060.755681, -585.845393, 0.600000
2060.757298, -585.947997, 0.600000
2060.758885, -586.050595, 0.600000
2060.760442, -586.153186, 0.600000
2060.761969, -586.255771, 0.600000
2060.763467, -586.358350, 0.600000
2060.764934, -586.460922, 0.600000
2060.766372, -586.563488, 0.400000
2060.767779, -586.666047, 0.400000
2060.769156, -586.768600, 0.400000
2060.770503, -586.871147, 0.400000
2060.771820, -586.973687, 0.400000
2060.773105, -587.076220, 0.400000
2060.774361, -587.178747, 0.400000
2060.775585, -587.281267, 0.400000
2060.776779, -587.383781, 0.400000
2060.777941, -587.486288, 0.200000
2060.779073, -587.588789, 0.200000
2060.780173, -587.691283, 0.200000
2060.781242, -587.793770, 0.000000
2060.782280, -587.896250, 0.000000
2060.783286, -587.998724, 0.000000
2060.784261, -588.101191, 0.000000
2060.785204, -588.203651, 0.000000
2060.786115, -588.306104, 0.000000
2060.786995, -588.408551, 0.000000
2060.787842, -588.510991, 0.000000
2060.788657, -588.613423, 0.200000
2060.789440, -588.715849, 0.200000
2060.790191, -588.818268, 0.200000
2060.790909, -588.920681, 0.200000
2060.791595, -589.023086, 0.200000
2060.792249, -589.125484, 0.200000
2060.792869, -589.227875, 0.200000
2060.793457, -589.330259, 0.200000
2060.794011, -589.432637, 0.200000
2060.794533, -589.535007, 0.200000
2060.795022, -589.637370, 0.200000
2060.795477, -589.739726, 0.400000
2060.795899, -589.842074, 0.400000
2060.796287, -589.944416, 0.800000
2060.796642, -590.046750, 0.800000
2060.796963, -590.149078, 0.800000
2060.797251, -590.251398, 0.800000
2060.797504, -590.353711, 0.800000
2060.797723, -590.456016, 1.000000
2060.797909, -590.558314, 1.000000
2060.798060, -590.660605, 1.000000
2060.798177, -590.762889, 1.000000
2060.798259, -590.865165, 1.000000
2060.798307, -590.967434, 1.000000
2060.798320, -591.069695, 1.000000
2060.798298, -591.171949, 1.000000
2060.798241, -591.274196, 1.000000
2060.798150, -591.376435, 0.800000
2060.798023, -591.478666, 0.800000
2060.797861, -591.580890, 0.800000
2060.797664, -591.683107, 0.800000
2060.797431, -591.785316, 0.600000
2060.797163, -591.887517, 0.600000
2060.796859, -591.989710, 0.600000
2060.796520, -592.091896, 0.600000
2060.796144, -592.194075, 0.600000
2060.795733, -592.296245, 0.400000
2060.795285, -592.398408, 0.400000
2060.794801, -592.500564, 0.400000
2060.794281, -592.602711, 0.400000
2060.793724, -592.704851, 0.400000
2060.793131, -592.806983, 0.400000
2060.792501, -592.909107, 0.400000
2060.791835, -593.011223, 0.400000
2060.791131, -593.113331, 0.400000
2060.790391, -593.215431, 0.400000
2060.789613, -593.317524, 0.400000
2060.788799, -593.419608, 0.400000
2060.787947, -593.521685, 0.200000
2060.787057, -593.623753, 0.000000
2060.786130, -593.725814, 0.000000
2060.785165, -593.827866, 0.000000
2060.784162, -593.929910, 0.000000
2060.783122, -594.031946, 0.000000
2060.782043, -594.133975, 0.000000
2060.780927, -594.235995, 0.000000
2060.779772, -594.338006, 0.000000
2060.778579, -594.440010, 0.000000
2060.777347, -594.542005, 0.000000
2060.776077, -594.643992, 0.000000
2060.774768, -594.745971, 0.000000
2060.773420, -594.847942, 0.000000
2060.772033, -594.949904, 0.000000
2060.770608, -595.051858, 0.000000
2060.769143, -595.153803, 0.000000
2060.767638, -595.255740, 0.000000
2060.766095, -595.357669, 0.000000
2060.764512, -595.459589, 0.000000
2060.762889, -595.561501, 0.000000
2060.761227, -595.663404, 0.200000
2060.759524, -595.765299, 0.200000
2060.757782, -595.867185, 0.400000
2060.756000, -595.969063, 0.400000
2060.754177, -596.070932, 0.400000
2060.752315, -596.172793, 0.400000
2060.750411, -596.274644, 0.400000
2060.748468, -596.376488, 0.800000
2060.746483, -596.478322, 0.800000
2060.744458, -596.580148, 0.800000
2060.742392, -596.681965, 0.800000
2060.740285, -596.783773, 0.800000
2060.738137, -596.885573, 0.800000
2060.735947, -596.987363, 0.800000
2060.733717, -597.089145, 0.800000
2060.731444, -597.190918, 0.800000
2060.729130, -597.292682, 0.800000
2060.726775, -597.394437, 0.800000
2060.724378, -597.496183, 0.800000
2060.721938, -597.597921, 0.800000
2060.719457, -597.699649, 0.800000
2060.716933, -597.801368, 0.800000
2060.714368, -597.903078, 0.800000
2060.711760, -598.004780, 0.800000
2060.709109, -598.106472, 0.800000
2060.706416, -598.208155, 0.800000
2060.703679, -598.309828, 0.800000
2060.700901, -598.411493, 0.800000
2060.698079, -598.513149, 0.800000
2060.695214, -598.614795, 1.000000
2060.692305, -598.716432, 0.800000
2060.689354, -598.818060, 0.800000
2060.686359, -598.919678, 0.800000
2060.683320, -599.021287, 0.800000
2060.680238, -599.122887, 0.800000
2060.677112, -599.224477, 0.800000
2060.673942, -599.326059, 0.800000
2060.670728, -599.427630, 0.800000
2060.667470, -599.529192, 0.800000
2060.664167, -599.630745, 0.800000
2060.660821, -599.732288, 0.800000
2060.657429, -599.833822, 0.400000
2060.653993, -599.935346, 0.400000
2060.650513, -600.036861, 0.200000
2060.646987, -600.138366, 0.200000
2060.643416, -600.239862, 0.200000
2060.639801, -600.341348, 0.200000
2060.636140, -600.442824, 0.200000
2060.632434, -600.544290, 0.200000
2060.628682, -600.645747, 0.200000
2060.624885, -600.747194, 0.200000
2060.621042, -600.848631, 0.200000
2060.617154, -600.950059, 0.200000
2060.613219, -601.051476, 0.200000
2060.609239, -601.152884, 0.200000
2060.605212, -601.254282, 0.400000
2060.601139, -601.355670, 0.200000
2060.597020, -601.457048, 0.200000
2060.592854, -601.558417, 0.200000
2060.588641, -601.659775, 0.200000
2060.584382, -601.761123, 0.200000
2060.580076, -601.862461, 0.200000
2060.575723, -601.963790, 0.200000
2060.571323, -602.065108, 0.200000
2060.566876, -602.166416, 0.200000
2060.562381, -602.267714, 0.200000
2060.557839, -602.369002, 0.200000
2060.553249, -602.470279, 0.200000
2060.548612, -602.571547, 0.200000
2060.543927, -602.672804, 0.200000
2060.539194, -602.774051, 0.200000
2060.534413, -602.875288, 0.200000
2060.529584, -602.976514, 0.200000
2060.524706, -603.077730, 0.200000
2060.519781, -603.178936, 0.200000
2060.514806, -603.280132, 0.200000
2060.509784, -603.381317, 0.400000
2060.504712, -603.482491, 0.400000
2060.499592, -603.583655, 0.400000
2060.494422, -603.684809, 0.400000
2060.489204, -603.785952, 0.400000
2060.483936, -603.887085, 0.600000
2060.478619, -603.988207, 0.600000
2060.473253, -604.089319, 0.600000
2060.467837, -604.190420, 0.400000
2060.462372, -604.291511, 0.600000
2060.456856, -604.392590, 0.600000
2060.451291, -604.493659, 0.600000
2060.445676, -604.594718, 0.600000
2060.440011, -604.695766, 0.600000
2060.434295, -604.796803, 0.600000
2060.428530, -604.897829, 0.600000
2060.422713, -604.998844, 0.600000
2060.416846, -605.099849, 0.600000
2060.410929, -605.200843, 0.600000
2060.404960, -605.301826, 0.600000
2060.398941, -605.402798, 0.600000
2060.392871, -605.503759, 0.600000
2060.386749, -605.604709, 0.600000
2060.380576, -605.705649, 0.600000
2060.374352, -605.806577, 0.600000
2060.368077, -605.907494, 0.600000
2060.361749, -606.008400, 0.600000
2060.355370, -606.109296, 0.600000
2060.348939, -606.210180, 0.600000
2060.342457, -606.311053, 0.600000
2060.335922, -606.411915, 0.600000
2060.329335, -606.512765, 0.600000
2060.322695, -606.613605, 0.600000
2060.316004, -606.714433, 0.600000
2060.309259, -606.815250, 0.600000
2060.302462, -606.916056, 0.800000
2060.295613, -607.016851, 0.800000
2060.288710, -607.117634, 0.800000
2060.281755, -607.218406, 0.800000
2060.274746, -607.319167, 0.800000
2060.267684, -607.419916, 0.800000
2060.260569, -607.520654, 0.800000
2060.253400, -607.621380, 0.800000
2060.246178, -607.722095, 0.800000
2060.238902, -607.822799, 0.800000
2060.231573, -607.923491, 0.800000
2060.224189, -608.024171, 0.800000
2060.216752, -608.124840, 0.800000
2060.209260, -608.225498, 0.800000
2060.201714, -608.326143, 0.800000
2060.194114, -608.426778, 0.800000
2060.186459, -608.527400, 0.800000
2060.178750, -608.628011, 0.800000
2060.170986, -608.728610, 0.800000
2060.163168, -608.829198, 0.800000
2060.155294, -608.929774, 1.000000
2060.147366, -609.030338, 1.000000
2060.139382, -609.130890, 1.000000
2060.131343, -609.231430, 1.000000
2060.123249, -609.331959, 1.000000
2060.115099, -609.432476, 1.000000
2060.106894, -609.532980, 1.000000
2060.098633, -609.633473, 1.000000
2060.090317, -609.733954, 1.000000
2060.081944, -609.834424, 1.000000
2060.073516, -609.934881, 1.000000
2060.065031, -610.035326, 1.000000
2060.056490, -610.135759, 1.000000
2060.047893, -610.236180, 0.800000
2060.039239, -610.336589, 0.800000
2060.030529, -610.436986, 0.800000
2060.021762, -610.537371, 0.800000
2060.012939, -610.637744, 0.800000
2060.004058, -610.738104, 0.800000
2059.995121, -610.838453, 0.800000
2059.986127, -610.938789, 0.800000
2059.977075, -611.039113, 0.800000
2059.967966, -611.139424, 0.800000
2059.958800, -611.239724, 0.800000
2059.949576, -611.340011, 0.800000
2059.940294, -611.440286, 0.800000
2059.930955, -611.540548, 0.800000
2059.921558, -611.640798, 0.800000
2059.912103, -611.741036, 0.800000
2059.902590, -611.841262, 0.800000
2059.893018, -611.941474, 0.800000
2059.883389, -612.041675, 0.800000
2059.873701, -612.141863, 0.800000
2059.863955, -612.242038, 0.800000
2059.854150, -612.342201, 0.800000
2059.844286, -612.442352, 0.800000
2059.834364, -612.542490, 0.800000
2059.824383, -612.642615, 0.800000
2059.814342, -612.742728, 0.800000
2059.804243, -612.842828, 0.800000
2059.794084, -612.942915, 0.800000
2059.783866, -613.042990, 0.800000
2059.773589, -613.143052, 0.800000
2059.763252, -613.243101, 0.800000
2059.752856, -613.343137, 0.800000
2059.742400, -613.443161, 0.800000
2059.731884, -613.543172, 0.800000
2059.721308, -613.643170, 0.800000
2059.710672, -613.743156, 0.800000
2059.699976, -613.843128, 0.800000
2059.689220, -613.943088, 0.800000
2059.678403, -614.043035, 0.800000
2059.667526, -614.142968, 0.800000
2059.656589, -614.242889, 0.800000
2059.645591, -614.342797, 0.800000
2059.634532, -614.442692, 0.800000
2059.623412, -614.542574, 0.800000
2059.612231, -614.642443, 0.800000
2059.600990, -614.742299, 0.800000
2059.589687, -614.842142, 0.800000
2059.578323, -614.941971, 0.800000
2059.566897, -615.041788, 0.800000
2059.555410, -615.141592, 0.800000
2059.543862, -615.241382, 0.800000
2059.532252, -615.341159, 0.800000
2059.520580, -615.440923, 0.800000
2059.508847, -615.540674, 0.800000
2059.497051, -615.640411, 0.800000
2059.485194, -615.740136, 0.800000
2059.473274, -615.839847, 0.800000
2059.461293, -615.939544, 0.800000
2059.449249, -616.039229, 0.800000
2059.437142, -616.138900, 0.800000
2059.424973, -616.238557, 0.800000
2059.412741, -616.338202, 0.800000
2059.400447, -616.437833, 0.800000
2059.388090, -616.537450, 0.800000
2059.375670, -616.637054, 1.000000
2059.363187, -616.736645, 1.000000
2059.350641, -616.836222, 1.000000
2059.338032, -616.935785, 1.000000
2059.325360, -617.035335, 1.000000
2059.312624, -617.134872, 1.000000
2059.299825, -617.234395, 1.000000
2059.286962, -617.333904, 1.000000
2059.274036, -617.433400, 1.000000
2059.261046, -617.532882, 1.000000
2059.247992, -617.632351, 1.000000
2059.234875, -617.731806, 1.000000
2059.221693, -617.831247, 1.000000
2059.208447, -617.930675, 1.000000
2059.195137, -618.030088, 1.000000
2059.181763, -618.129489, 1.000000
2059.168324, -618.228875, 1.000000
2059.154821, -618.328247, 1.000000
2059.141254, -618.427606, 1.000000
2059.127622, -618.526951, 1.000000
2059.113925, -618.626282, 1.000000
2059.100163, -618.725600, 1.000000
2059.086337, -618.824903, 1.000000
2059.072445, -618.924192, 1.000000
2059.058489, -619.023468, 1.000000
2059.044467, -619.122730, 1.000000
2059.030380, -619.221978, 1.000000
2059.016228, -619.321211, 1.000000
2059.002010, -619.420431, 1.000000
2058.987727, -619.519637, 1.000000
2058.973379, -619.618829, 1.000000
2058.958964, -619.718007, 1.000000
2058.944484, -619.817170, 1.000000
2058.929938, -619.916320, 1.000000
2058.915327, -620.015456, 0.800000
2058.900649, -620.114577, 0.800000
2058.885905, -620.213684, 0.800000
2058.871095, -620.312778, 0.800000
2058.856219, -620.411857, 0.800000
2058.841276, -620.510921, 0.800000
2058.826267, -620.609972, 0.800000
2058.811192, -620.709009, 0.800000
2058.796050, -620.808031, 0.800000
2058.780841, -620.907039, 0.800000
2058.765566, -621.006033, 0.800000
2058.750223, -621.105012, 0.800000
2058.734814, -621.203977, 0.800000
2058.719338, -621.302928, 0.800000
2058.703795, -621.401865, 0.800000
2058.688185, -621.500787, 0.800000
2058.672508, -621.599695, 0.800000
2058.656763, -621.698588, 0.800000
2058.640951, -621.797467, 0.800000
2058.625071, -621.896332, 0.800000
2058.609124, -621.995182, 0.800000
2058.593110, -622.094018, 0.800000
2058.577028, -622.192839, 0.800000
2058.560878, -622.291646, 0.800000
2058.544660, -622.390438, 0.800000
2058.528374, -622.489216, 0.800000
2058.512021, -622.587979, 0.800000
2058.495599, -622.686728, 0.800000
2058.479109, -622.785462, 0.800000
2058.462552, -622.884182, 0.800000
2058.445925, -622.982887, 0.800000
2058.429231, -623.081577, 0.800000
2058.412468, -623.180253, 0.800000
2058.395637, -623.278914, 0.800000
2058.378737, -623.377561, 0.800000
2058.361769, -623.476193, 0.800000
2058.344731, -623.574810, 0.800000
2058.327626, -623.673412, 0.800000
2058.310451, -623.772000, 0.800000
2058.293207, -623.870573, 0.800000
2058.275895, -623.969131, 0.800000
2058.258513, -624.067675, 0.800000
2058.241063, -624.166204, 0.800000
2058.223543, -624.264718, 0.800000
2058.205954, -624.363217, 0.800000
2058.188296, -624.461702, 0.800000
2058.170568, -624.560171, 0.800000
2058.152771, -624.658626, 0.800000
2058.134904, -624.757066, 0.800000
2058.116968, -624.855491, 0.800000
2058.098963, -624.953901, 0.800000
2058.080887, -625.052296, 0.800000
2058.062742, -625.150677, 0.800000
2058.044527, -625.249042, 0.800000
2058.026242, -625.347393, 0.800000
2058.007888, -625.445728, 0.800000
2057.989463, -625.544049, 0.800000
2057.970968, -625.642355, 0.800000
2057.952404, -625.740645, 0.800000
2057.933769, -625.838921, 0.800000
2057.915063, -625.937182, 0.800000
2057.896288, -626.035427, 0.800000
2057.877442, -626.133658, 0.800000
2057.858526, -626.231873, 0.800000
2057.839539, -626.330074, 0.800000
2057.820482, -626.428259, 0.800000
2057.801354, -626.526430, 0.800000
2057.782156, -626.624585, 0.800000
2057.762887, -626.722725, 0.800000
2057.743547, -626.820850, 0.800000
2057.724136, -626.918960, 0.800000
2057.704654, -627.017055, 0.800000
2057.685102, -627.115134, 0.800000
2057.665479, -627.213199, 0.800000
2057.645784, -627.311248, 1.000000
2057.626019, -627.409282, 1.000000
2057.606182, -627.507301, 1.000000
2057.586275, -627.605305, 1.000000
2057.566296, -627.703293, 1.000000
2057.546245, -627.801266, 1.000000
2057.526124, -627.899224, 1.000000
2057.505931, -627.997167, 1.000000
2057.485667, -628.095094, 1.000000
2057.465331, -628.193006, 1.000000
2057.444924, -628.290903, 1.000000
2057.424445, -628.388785, 1.000000
2057.403894, -628.486651, 1.000000
2057.383272, -628.584502, 1.000000
2057.362578, -628.682338, 1.000000
2057.341813, -628.780158, 1.000000
2057.320975, -628.877963, 1.000000
2057.300066, -628.975753, 1.000000
2057.279085, -629.073527, 1.000000
2057.258032, -629.171286, 1.000000
2057.236907, -629.269029, 1.000000
2057.215710, -629.366757, 0.800000
2057.194441, -629.464470, 0.800000
2057.173100, -629.562167, 0.800000
2057.151687, -629.659849, 0.800000
2057.130201, -629.757515, 0.800000
2057.108643, -629.855166, 0.800000
2057.087014, -629.952802, 0.800000
2057.065311, -630.050422, 0.800000
2057.043537, -630.148027, 0.800000
2057.021690, -630.245616, 0.800000
2056.999771, -630.343190, 0.800000
2056.977779, -630.440748, 0.800000
2056.955715, -630.538291, 0.800000
2056.933578, -630.635818, 0.800000
2056.911368, -630.733329, 0.800000
2056.889087, -630.830826, 0.800000
2056.866732, -630.928306, 0.800000
2056.844305, -631.025772, 0.800000
2056.821805, -631.123221, 0.800000
2056.799233, -631.220655, 0.800000
2056.776587, -631.318074, 0.800000
2056.753869, -631.415477, 0.800000
2056.731078, -631.512864, 0.800000
2056.708215, -631.610236, 0.800000
2056.685278, -631.707592, 0.800000
2056.662268, -631.804933, 0.800000
2056.639186, -631.902258, 0.800000
2056.616031, -631.999568, 0.800000
2056.592802, -632.096862, 0.800000
2056.569501, -632.194140, 0.800000
2056.546126, -632.291403, 0.800000
2056.522679, -632.388650, 0.800000
2056.499158, -632.485881, 0.800000
2056.475565, -632.583097, 0.800000
2056.451898, -632.680297, 0.800000
2056.428158, -632.777482, 0.800000
2056.404345, -632.874651, 0.800000
2056.380459, -632.971804, 0.800000
2056.356499, -633.068942, 0.800000
2056.332466, -633.166064, 0.800000
2056.308360, -633.263170, 0.800000
2056.284181, -633.360261, 0.800000
2056.259928, -633.457335, 0.800000
2056.235602, -633.554395, 0.800000
2056.211203, -633.651438, 0.800000
2056.186730, -633.748466, 0.800000
2056.162184, -633.845479, 0.800000
2056.137565, -633.942475, 0.800000
2056.112872, -634.039456, 0.800000
2056.088106, -634.136421, 0.800000
2056.063266, -634.233371, 0.800000
2056.038353, -634.330305, 0.800000
2056.013367, -634.427223, 0.800000
2055.988307, -634.524125, 0.800000
2055.963173, -634.621012, 0.800000
2055.937966, -634.717883, 0.800000
2055.912686, -634.814738, 0.800000
2055.887331, -634.911578, 0.800000
2055.861904, -635.008402, 0.800000
2055.836403, -635.105210, 0.800000
2055.810828, -635.202002, 0.800000
2055.785180, -635.298779, 0.800000
2055.759458, -635.395540, 0.800000
2055.733663, -635.492285, 0.800000
2055.707794, -635.589015, 0.800000
2055.681852, -635.685729, 1.000000
2055.655836, -635.782427, 1.000000
2055.629746, -635.879109, 1.000000
2055.603583, -635.975776, 1.000000
2055.577346, -636.072427, 1.000000
2055.551036, -636.169062, 1.000000
2055.524652, -636.265681, 1.000000
2055.498195, -636.362285, 1.000000
2055.471663, -636.458873, 1.000000
2055.445059, -636.555446, 1.000000
2055.418380, -636.652002, 1.000000
2055.391629, -636.748543, 1.000000
2055.364803, -636.845068, 1.000000
2055.337904, -636.941577, 1.000000
2055.310932, -637.038071, 1.000000
2055.283886, -637.134549, 1.000000
2055.256766, -637.231011, 1.000000
2055.229573, -637.327458, 1.000000
2055.202306, -637.423888, 1.000000
2055.174965, -637.520303, 1.000000
2055.147552, -637.616703, 1.000000
2055.120064, -637.713086, 1.000000
2055.092503, -637.809454, 1.000000
2055.064869, -637.905806, 1.000000
2055.037161, -638.002143, 1.000000
2055.009380, -638.098464, 0.800000
2054.981525, -638.194769, 0.800000
2054.953596, -638.291058, 0.800000
2054.925595, -638.387332, 0.800000
2054.897520, -638.483590, 0.800000
2054.869371, -638.579832, 0.800000
2054.841149, -638.676059, 0.800000
2054.812854, -638.772270, 0.800000
2054.784485, -638.868465, 0.800000
2054.756043, -638.964644, 0.800000
2054.727528, -639.060808, 0.800000
2054.698939, -639.156957, 0.800000
2054.670277, -639.253089, 0.800000
2054.641542, -639.349206, 0.800000
2054.612733, -639.445307, 0.800000
2054.583851, -639.541393, 0.800000
2054.554897, -639.637463, 0.800000
2054.525868, -639.733517, 0.800000
2054.496767, -639.829556, 0.800000
2054.467593, -639.925579, 0.800000
2054.438345, -640.021586, 0.800000
2054.409025, -640.117578, 0.800000
2054.379631, -640.213554, 0.800000
2054.350165, -640.309515, 0.800000
2054.320625, -640.405460, 0.800000
2054.291012, -640.501389, 0.800000
2054.261327, -640.597303, 0.800000
2054.231569, -640.693201, 0.800000
2054.201737, -640.789084, 0.800000
2054.171833, -640.884951, 0.800000
2054.141856, -640.980803, 0.800000
2054.111807, -641.076639, 0.800000
2054.081684, -641.172459, 0.800000
2054.051489, -641.268264, 0.800000
2054.021221, -641.364053, 0.800000
2053.990881, -641.459827, 0.800000
2053.960468, -641.555585, 0.800000
2053.929982, -641.651328, 0.800000
2053.899424, -641.747055, 0.800000
2053.868794, -641.842767, 0.800000
2053.838091, -641.938464, 0.800000
2053.807316, -642.034145, 0.800000
2053.776468, -642.129810, 0.800000
2053.745548, -642.225460, 0.800000
2053.714555, -642.321094, 0.800000
2053.683491, -642.416713, 0.800000
2053.652354, -642.512317, 0.800000
2053.621145, -642.607905, 0.800000
2053.589865, -642.703478, 0.800000
2053.558512, -642.799035, 0.800000
2053.527087, -642.894578, 0.800000
2053.495590, -642.990104, 0.800000
2053.464021, -643.085615, 0.800000
2053.432381, -643.181111, 0.800000
2053.400668, -643.276592, 0.800000
2053.368884, -643.372057, 0.800000
2053.337028, -643.467507, 0.800000
2053.305101, -643.562942, 0.800000
2053.273102, -643.658361, 1.000000
2053.241031, -643.753765, 1.000000
2053.208889, -643.849154, 1.000000
2053.176676, -643.944527, 1.000000
2053.144391, -644.039886, 1.000000
2053.112035, -644.135229, 1.000000
2053.079608, -644.230557, 1.000000
2053.047109, -644.325869, 1.000000
2053.014540, -644.421166, 1.000000
2052.981899, -644.516449, 1.000000
2052.949188, -644.611716, 1.000000
2052.916405, -644.706968, 1.000000
2052.883552, -644.802204, 1.000000
2052.850628, -644.897426, 1.000000
2052.817633, -644.992632, 1.000000
2052.784567, -645.087824, 1.000000
2052.751431, -645.183000, 1.000000
2052.718224, -645.278161, 1.000000
2052.684947, -645.373307, 1.000000
2052.651600, -645.468438, 1.000000
2052.618182, -645.563554, 1.000000
2052.584693, -645.658656, 1.000000
2052.551135, -645.753742, 0.800000
2052.517507, -645.848813, 0.800000
2052.483808, -645.943869, 0.800000
2052.450040, -646.038910, 0.800000
2052.416202, -646.133936, 0.800000
2052.382294, -646.228947, 0.800000
2052.348316, -646.323944, 0.800000
2052.314268, -646.418925, 0.800000
2052.280151, -646.513892, 0.800000
2052.245965, -646.608844, 0.800000
2052.211709, -646.703781, 0.800000
2052.177383, -646.798703, 0.800000
2052.142989, -646.893610, 0.800000
2052.108525, -646.988503, 0.800000
2052.073992, -647.083380, 0.800000
2052.039391, -647.178243, 0.800000
2052.004720, -647.273092, 0.800000
2051.969980, -647.367925, 0.800000
2051.935172, -647.462744, 0.800000
2051.900295, -647.557548, 0.800000
2051.865350, -647.652338, 0.800000
2051.830336, -647.747113, 0.800000
2051.795254, -647.841873, 0.800000
2051.760103, -647.936619, 0.800000
2051.724884, -648.031350, 0.800000
2051.689597, -648.126067, 0.800000
2051.654242, -648.220769, 0.800000
2051.618820, -648.315456, 0.800000
2051.583329, -648.410129, 0.800000
2051.547771, -648.504788, 0.800000
2051.512145, -648.599432, 0.800000
2051.476451, -648.694062, 0.800000
2051.440690, -648.788677, 0.800000
2051.404862, -648.883278, 0.800000
2051.368967, -648.977864, 0.800000
2051.333004, -649.072437, 0.800000
2051.296974, -649.166994, 0.800000
2051.260878, -649.261538, 0.800000
2051.224714, -649.356067, 0.800000
2051.188484, -649.450582, 0.800000
2051.152188, -649.545083, 0.800000
2051.115825, -649.639570, 0.800000
2051.079395, -649.734042, 0.800000
2051.042899, -649.828500, 0.800000
2051.006337, -649.922944, 0.800000
2050.969709, -650.017374, 0.800000
2050.933015, -650.111790, 0.800000
2050.896256, -650.206192, 0.800000
2050.859430, -650.300580, 0.800000
2050.822539, -650.394953, 0.800000
2050.785583, -650.489313, 0.600000
2050.748561, -650.583659, 0.600000
2050.711473, -650.677991, 0.800000
2050.674321, -650.772309, 0.800000
2050.637104, -650.866613, 0.800000
2050.599822, -650.960903, 0.800000
2050.562475, -651.055179, 0.800000
2050.525063, -651.149441, 0.800000
2050.487587, -651.243690, 0.800000
2050.450046, -651.337925, 0.800000
2050.412442, -651.432146, 0.800000
2050.374773, -651.526354, 0.800000
2050.337040, -651.620547, 0.800000
2050.299243, -651.714728, 0.800000
2050.261382, -651.808894, 1.000000
2050.223458, -651.903047, 1.000000
2050.185470, -651.997186, 1.000000
2050.147419, -652.091312, 1.000000
2050.109305, -652.185424, 1.000000
2050.071127, -652.279523, 1.000000
2050.032887, -652.373608, 1.000000
2049.994583, -652.467680, 1.000000
2049.956217, -652.561739, 1.000000
2049.917789, -652.655784, 1.000000
2049.879298, -652.749816, 1.000000
2049.840745, -652.843834, 1.000000
2049.802129, -652.937839, 1.000000
2049.763452, -653.031831, 1.000000
2049.724712, -653.125810, 1.000000
2049.685911, -653.219775, 1.000000
2049.647049, -653.313728, 1.000000
2049.608125, -653.407667, 1.000000
2049.569140, -653.501593, 1.000000
2049.530093, -653.595506, 1.000000
2049.490986, -653.689406, 1.000000
2049.451817, -653.783293, 1.000000
2049.412588, -653.877167, 1.000000
2049.373299, -653.971028, 1.000000
2049.333949, -654.064877, 0.800000
2049.294539, -654.158712, 0.800000
2049.255069, -654.252534, 0.800000
2049.215539, -654.346344, 0.800000
2049.175949, -654.440141, 0.800000
2049.136299, -654.533925, 0.800000
2049.096590, -654.627697, 0.800000
2049.056822, -654.721455, 0.800000
2049.016995, -654.815201, 0.800000
2048.977108, -654.908935, 0.800000
2048.937163, -655.002656, 0.800000
2048.897159, -655.096364, 0.800000
2048.857097, -655.190060, 1.000000
2048.816976, -655.283744, 1.000000
2048.776797, -655.377415, 1.000000
2048.736561, -655.471073, 1.000000
2048.696266, -655.564720, 1.000000
2048.655914, -655.658354, 1.000000
2048.615504, -655.751975, 1.000000
2048.575037, -655.845585, 1.000000
2048.534513, -655.939182, 1.000000
2048.493931, -656.032767, 1.000000
2048.453293, -656.126340, 1.000000
2048.412599, -656.219901, 1.000000
2048.371848, -656.313449, 1.000000
2048.331041, -656.406986, 1.000000
2048.290177, -656.500511, 1.000000
2048.249258, -656.594023, 1.000000
2048.208283, -656.687524, 1.000000
2048.167252, -656.781013, 1.000000
2048.126166, -656.874490, 1.000000
2048.085025, -656.967956, 1.000000
2048.043829, -657.061409, 1.000000
2048.002578, -657.154851, 1.000000
2047.961273, -657.248281, 1.000000
2047.919913, -657.341700, 1.000000
2047.878498, -657.435107, 1.000000
2047.837030, -657.528502, 1.000000
2047.795508, -657.621886, 1.000000
2047.753932, -657.715259, 1.000000
2047.712303, -657.808620, 1.000000
2047.670620, -657.901969, 1.000000
2047.628884, -657.995308, 1.000000
2047.587096, -658.088635, 1.000000
2047.545254, -658.181950, 1.000000
2047.503361, -658.275255, 1.000000
2047.461414, -658.368548, 1.000000
2047.419416, -658.461830, 1.000000
2047.377366, -658.555101, 1.000000
2047.335264, -658.648361, 1.000000
2047.293111, -658.741610, 0.800000
2047.250906, -658.834848, 1.000000
2047.208651, -658.928075, 1.000000
2047.166344, -659.021292, 1.000000
2047.123987, -659.114497, 1.000000
2047.081579, -659.207692, 1.000000
2047.039121, -659.300876, 1.000000
2046.996613, -659.394049, 1.000000
2046.954055, -659.487211, 1.000000
2046.911448, -659.580363, 1.000000
2046.868791, -659.673505, 1.000000
2046.826085, -659.766635, 1.000000
2046.783330, -659.859756, 1.000000
2046.740526, -659.952866, 1.000000
2046.697674, -660.045965, 1.000000
2046.654773, -660.139055, 1.000000
2046.611824, -660.232134, 1.000000
2046.568828, -660.325202, 1.000000
2046.525783, -660.418261, 1.000000
2046.482692, -660.511309, 1.000000
2046.439553, -660.604348, 1.000000
2046.396367, -660.697376, 1.000000
2046.353134, -660.790394, 1.000000
2046.309855, -660.883403, 1.000000
2046.266530, -660.976401, 1.000000
2046.223158, -661.069390, 1.000000
2046.179741, -661.162369, 1.000000
2046.136278, -661.255338, 1.000000
2046.092770, -661.348297, 1.000000
2046.049216, -661.441247, 1.000000
2046.005618, -661.534187, 1.000000
2045.961975, -661.627118, 1.000000
2045.918288, -661.720039, 1.000000
2045.874557, -661.812951, 1.000000
2045.830781, -661.905853, 1.000000
2045.786962, -661.998746, 1.000000
2045.743100, -662.091630, 1.000000
2045.699194, -662.184504, 1.000000
2045.655245, -662.277369, 1.000000
2045.611254, -662.370226, 1.000000
2045.567220, -662.463073, 1.000000
2045.523144, -662.555911, 1.000000
2045.479026, -662.648740, 1.000000
2045.434866, -662.741560, 1.000000
2045.390665, -662.834371, 1.000000
2045.346423, -662.927174, 1.000000
2045.302139, -663.019968, 1.000000
2045.257815, -663.112753, 1.000000
2045.213451, -663.205529, 1.000000
2045.169046, -663.298297, 1.000000
2045.124602, -663.391056, 1.000000
2045.080118, -663.483807, 1.000000
2045.035594, -663.576549, 1.000000
2044.991032, -663.669283, 1.000000
2044.946430, -663.762009, 1.000000
2044.901790, -663.854727, 1.000000
2044.857111, -663.947436, 1.000000
2044.812395, -664.040137, 1.000000
2044.767641, -664.132830, 1.000000
2044.722849, -664.225515, 1.000000
2044.678020, -664.318192, 1.000000
2044.633154, -664.410862, 1.000000
2044.588251, -664.503523, 1.000000
2044.543312, -664.596176, 1.000000
2044.498336, -664.688822, 1.000000
2044.453325, -664.781460, 1.000000
2044.408278, -664.874091, 1.000000
2044.363196, -664.966714, 1.000000
2044.318079, -665.059330, 1.000000
2044.272927, -665.151938, 1.000000
2044.227740, -665.244538, 1.000000
2044.182520, -665.337132, 1.000000
2044.137265, -665.429718, 1.000000
2044.091977, -665.522297, 1.000000
2044.046655, -665.614869, 1.000000
2044.001301, -665.707434, 1.000000
2043.955914, -665.799991, 1.000000
2043.910494, -665.892542, 1.000000
2043.865042, -665.985086, 1.000000
2043.819558, -666.077623, 1.000000
2043.774043, -666.170154, 1.000000
2043.728496, -666.262678, 0.800000
2043.682919, -666.355195, 0.800000
2043.637310, -666.447705, 0.800000
2043.591672, -666.540209, 0.800000
2043.546003, -666.632707, 0.800000
2043.500305, -666.725198, 0.800000
2043.454577, -666.817683, 0.800000
2043.408819, -666.910162, 0.800000
2043.363033, -667.002635, 0.800000
2043.317219, -667.095101, 1.000000
2043.271376, -667.187561, 1.000000
2043.225505, -667.280016, 1.000000
2043.179607, -667.372464, 1.000000
2043.133681, -667.464907, 1.000000
2043.087729, -667.557344, 1.000000
2043.041749, -667.649775, 1.000000
2042.995743, -667.742201, 1.000000
2042.949712, -667.834621, 1.000000
2042.903654, -667.927036, 1.000000
2042.857571, -668.019445, 1.000000
2042.811463, -668.111848, 1.000000
2042.765331, -668.204247, 1.000000
2042.719173, -668.296640, 1.000000
2042.672992, -668.389028, 1.000000
2042.626787, -668.481411, 1.000000
2042.580558, -668.573789, 1.000000
2042.534307, -668.666162, 1.000000
2042.488032, -668.758530, 1.000000
2042.441735, -668.850894, 1.000000
2042.395416, -668.943252, 1.000000
2042.349075, -669.035606, 1.000000
2042.302713, -669.127956, 1.000000
2042.256329, -669.220301, 1.000000
2042.209925, -669.312641, 1.000000
2042.163500, -669.404977, 1.000000
2042.117056, -669.497309, 1.000000
2042.070591, -669.589637, 1.000000
2042.024107, -669.681960, 1.000000
2041.977604, -669.774279, 1.000000
2041.931082, -669.866594, 1.000000
2041.884542, -669.958906, 1.000000
2041.837983, -670.051213, 1.000000
2041.791407, -670.143517, 1.000000
2041.744814, -670.235817, 1.000000
2041.698204, -670.328113, 1.000000
2041.651577, -670.420406, 1.000000
2041.604933, -670.512696, 1.000000
2041.558274, -670.604982, 1.000000
2041.511600, -670.697264, 1.000000
2041.464910, -670.789544, 1.000000
2041.418205, -670.881820, 1.000000
2041.371486, -670.974093, 1.000000
2041.324752, -671.066363, 1.000000
2041.278005, -671.158630, 1.000000
2041.231244, -671.250894, 1.000000
2041.184471, -671.343156, 1.000000
2041.137685, -671.435415, 1.000000
2041.090886, -671.527671, 1.000000
2041.044076, -671.619925, 1.000000
2040.997254, -671.712176, 1.000000
2040.950420, -671.804424, 1.000000
2040.903576, -671.896671, 1.000000
2040.856722, -671.988915, 1.000000
2040.809858, -672.081157, 1.000000
2040.762983, -672.173397, 1.000000
2040.716100, -672.265635, 1.000000
2040.669208, -672.357871, 1.000000
2040.622307, -672.450106, 1.000000
2040.575398, -672.542338, 1.000000
2040.528481, -672.634569, 1.000000
2040.481557, -672.726798, 0.800000
2040.434626, -672.819026, 1.000000
2040.387688, -672.911253, 1.000000
2040.340744, -673.003478, 1.000000
2040.293795, -673.095702, 1.000000
2040.246839, -673.187924, 1.000000
2040.199879, -673.280146, 1.000000
2040.152914, -673.372367, 1.000000
2040.105945, -673.464586, 1.000000
2040.058973, -673.556805, 1.000000
2040.011996, -673.649023, 1.000000
2039.965017, -673.741241, 1.000000
2039.918035, -673.833458, 1.000000
2039.871051, -673.925674, 1.000000
2039.824065, -674.017890, 1.000000
2039.777078, -674.110106, 1.000000
2039.730090, -674.202322, 1.000000
2039.683101, -674.294537, 1.000000
2039.636111, -674.386753, 1.000000
2039.589123, -674.478968, 1.000000
2039.542134, -674.571184, 1.000000
2039.495147, -674.663400, 1.000000
2039.448162, -674.755616, 1.000000
2039.401178, -674.847832, 1.000000
2039.354196, -674.940050, 1.000000
2039.307218, -675.032267, 1.000000
2039.260242, -675.124486, 1.000000
2039.213270, -675.216705, 1.000000
2039.166302, -675.308925, 1.000000
2039.119339, -675.401145, 1.000000
2039.072380, -675.493367, 1.000000
2039.025427, -675.585590, 1.000000
2038.978479, -675.677815, 1.000000
2038.931538, -675.770040, 1.000000
2038.884603, -675.862267, 1.000000
2038.837675, -675.954496, 1.000000
2038.790755, -676.046726, 1.000000
2038.743842, -676.138958, 1.000000
2038.696938, -676.231191, 1.000000
2038.650043, -676.323427, 1.000000
2038.603157, -676.415664, 1.000000
2038.556280, -676.507904, 1.000000
2038.509414, -676.600146, 1.000000
2038.462558, -676.692390, 1.000000
2038.415713, -676.784636, 1.000000
2038.368880, -676.876885, 1.000000
2038.322059, -676.969136, 1.000000
2038.275250, -677.061390, 1.000000
2038.228453, -677.153646, 1.000000
2038.181670, -677.245906, 1.000000
2038.134901, -677.338168, 1.000000
2038.088146, -677.430434, 1.000000
2038.041406, -677.522702, 1.000000
2037.994680, -677.614974, 1.000000
2037.947971, -677.707249, 1.000000
2037.901277, -677.799528, 1.000000
2037.854600, -677.891810, 1.000000
2037.807939, -677.984096, 1.000000
2037.761297, -678.076385, 1.000000
2037.714672, -678.168678, 1.000000
2037.668065, -678.260976, 1.000000
2037.621477, -678.353277, 1.000000
2037.574909, -678.445582, 1.000000
2037.528360, -678.537892, 1.000000
2037.481832, -678.630206, 1.000000
2037.435324, -678.722524, 1.000000
2037.388838, -678.814847, 1.000000
2037.342373, -678.907174, 1.000000
2037.295931, -678.999507, 1.000000
2037.249511, -679.091844, 1.000000
2037.203114, -679.184186, 1.000000
2037.156741, -679.276533, 1.000000
2037.110392, -679.368885, 1.000000
2037.064068, -679.461243, 1.000000
2037.017769, -679.553606, 1.000000
2036.971495, -679.645974, 1.000000
2036.925248, -679.738348, 1.000000
2036.879027, -679.830728, 1.000000
2036.832833, -679.923113, 1.000000
2036.786667, -680.015504, 1.000000
2036.740529, -680.107902, 1.000000
2036.694420, -680.200305, 1.000000
2036.648339, -680.292715, 1.000000
2036.602288, -680.385131, 0.800000
2036.556268, -680.477553, 0.800000
2036.510278, -680.569982, 0.800000
2036.464319, -680.662418, 0.800000
2036.418392, -680.754860, 0.800000
2036.372497, -680.847309, 0.800000
2036.326634, -680.939766, 0.800000
2036.280805, -681.032229, 0.800000
2036.235009, -681.124700, 0.800000
2036.189248, -681.217177, 0.800000
2036.143521, -681.309663, 0.800000
2036.097830, -681.402155, 0.800000
2036.052175, -681.494656, 0.800000
2036.006555, -681.587164, 0.800000
2035.960973, -681.679680, 0.800000
2035.915428, -681.772204, 0.800000
2035.869921, -681.864736, 0.800000
2035.824452, -681.957277, 0.800000
2035.779022, -682.049826, 0.800000
2035.733632, -682.142383, 0.800000
2035.688282, -682.234948, 1.000000
2035.642972, -682.327523, 0.800000
2035.597703, -682.420106, 0.800000
2035.552476, -682.512698, 0.800000
2035.507292, -682.605299, 0.800000
2035.462149, -682.697909, 0.800000
2035.417051, -682.790529, 0.800000
2035.371996, -682.883158, 1.000000
2035.326985, -682.975796, 0.800000
2035.282019, -683.068444, 0.800000
2035.237099, -683.161101, 0.800000
2035.192225, -683.253769, 1.000000
2035.147397, -683.346446, 1.000000
2035.102617, -683.439134, 1.000000
2035.057884, -683.531831, 1.000000
2035.013199, -683.624539, 1.000000
2034.968563, -683.717258, 1.000000
2034.923977, -683.809987, 1.000000
2034.879440, -683.902726, 1.000000
2034.834954, -683.995477, 1.000000
2034.790519, -684.088238, 1.000000
2034.746136, -684.181010, 1.000000
2034.701804, -684.273794, 1.000000
2034.657526, -684.366589, 1.000000
2034.613301, -684.459395, 1.000000
2034.569130, -684.552213, 1.000000
2034.525013, -684.645042, 1.000000
2034.480951, -684.737883, 1.000000
2034.436945, -684.830736, 1.000000
2034.392995, -684.923601, 1.000000
2034.349102, -685.016478, 1.000000
2034.305267, -685.109368, 1.000000
2034.261489, -685.202270, 1.000000
2055.759558, -555.736106, 2.000000
2055.766657, -555.839882, 0.400000
2055.773738, -555.943654, 0.200000
2055.780803, -556.047423, 0.400000
2055.787850, -556.151188, 0.400000
2055.794880, -556.254949, 0.400000
2055.801894, -556.358707, 0.400000
2055.808891, -556.462461, 0.400000
2055.815871, -556.566211, 0.400000
2055.822834, -556.669958, 0.400000
2055.829782, -556.773702, 0.400000
2055.836713, -556.877442, 0.400000
2055.843627, -556.981178, 0.400000
2055.850526, -557.084911, 0.400000
2055.857409, -557.188641, 0.200000
2055.864275, -557.292367, 0.200000
2055.871126, -557.396090, 0.200000
2055.877961, -557.499810, 0.200000
2055.884780, -557.603526, 0.200000
2055.891584, -557.707238, 0.200000
2055.898373, -557.810948, 0.200000
2055.905146, -557.914654, 0.200000
2055.911903, -558.018357, 0.200000
2055.918646, -558.122057, 0.200000
2055.925373, -558.225753, 0.200000
2055.932086, -558.329447, 0.200000
2055.938783, -558.433137, 0.200000
2055.945465, -558.536824, 0.200000
2055.952133, -558.640507, 0.200000
2055.958786, -558.744188, 0.200000
2055.965424, -558.847865, 0.200000
2055.972048, -558.951540, 0.200000
2055.978658, -559.055211, 0.200000
2055.985252, -559.158879, 0.200000
2055.991833, -559.262544, 0.200000
2055.998399, -559.366206, 0.200000
2056.004951, -559.469865, 0.200000
2056.011489, -559.573521, 0.200000
2056.018013, -559.677174, 0.000000
2056.024523, -559.780824, 0.000000
2056.031019, -559.884471, 0.000000
2056.037501, -559.988115, 0.200000
2056.043969, -560.091756, 0.200000
2056.050424, -560.195395, 0.200000
2056.056865, -560.299030, 0.200000
2056.063292, -560.402662, 0.200000
2056.069706, -560.506292, 0.400000
2056.076106, -560.609918, 0.400000
2056.082493, -560.713542, 0.400000
2056.088867, -560.817163, 0.400000
2056.095227, -560.920781, 0.400000
2056.101574, -561.024396, 0.400000
2056.107907, -561.128008, 0.400000
2056.114228, -561.231618, 0.400000
2056.120535, -561.335224, 0.400000
2056.126830, -561.438828, 0.400000
2056.133111, -561.542429, 0.400000
2056.139380, -561.646028, 0.400000
2056.145635, -561.749623, 0.600000
2056.151878, -561.853216, 0.600000
2056.158108, -561.956806, 0.600000
2056.164325, -562.060394, 0.600000
2056.170529, -562.163979, 0.600000
2056.176721, -562.267561, 0.600000
2056.182900, -562.371140, 0.600000
2056.189066, -562.474716, 0.600000
2056.195220, -562.578290, 0.600000
2056.201361, -562.681862, 0.600000
2056.207490, -562.785430, 0.600000
2056.213606, -562.888996, 0.600000
2056.219710, -562.992559, 0.400000
2056.225802, -563.096120, 0.200000
2056.231881, -563.199678, 0.400000
2056.237948, -563.303233, 0.400000
2056.244002, -563.406786, 0.400000
2056.250045, -563.510336, 0.400000
2056.256075, -563.613883, 0.400000
2056.262092, -563.717428, 0.400000
2056.268098, -563.820970, 0.400000
2056.274092, -563.924510, 0.400000
2056.280073, -564.028047, 0.400000
2056.286042, -564.131581, 0.400000
2056.291999, -564.235113, 0.400000
2056.297945, -564.338642, 0.400000
2056.303878, -564.442169, 0.400000
2056.309799, -564.545693, 0.200000
2056.315708, -564.649215, 0.200000
2056.321605, -564.752734, 0.200000
2056.327490, -564.856250, 0.200000
2056.333363, -564.959764, 0.200000
2056.339224, -565.063276, 0.200000
2056.345074, -565.166784, 0.200000
2056.350911, -565.270291, 0.400000
2056.356736, -565.373794, 0.400000
2056.362550, -565.477295, 0.400000
2056.368352, -565.580794, 0.400000
2056.374141, -565.684290, 0.400000
2056.379919, -565.787784, 0.400000
2056.385685, -565.891275, 0.400000
2056.391440, -565.994763, 0.200000
2056.397182, -566.098249, 0.200000
2056.402913, -566.201733, 0.200000
2056.408631, -566.305213, 0.200000
2056.414338, -566.408692, 0.200000
2056.420033, -566.512168, 0.200000
2056.425716, -566.615641, 0.200000
2056.431388, -566.719112, 0.200000
2056.437047, -566.822580, 0.200000
2056.442695, -566.926046, 0.200000
2056.448331, -567.029509, 0.200000
2056.453955, -567.132970, 0.200000
2056.459567, -567.236428, 0.200000
2056.465167, -567.339883, 0.200000
2056.470756, -567.443336, 0.200000
2056.476332, -567.546787, 0.200000
2056.481897, -567.650235, 0.200000
2056.487450, -567.753680, 0.200000
2056.492991, -567.857123, 0.200000
2056.498520, -567.960563, 0.200000
2056.504037, -568.064001, 0.200000
2056.509542, -568.167436, 0.200000
2056.515035, -568.270869, 0.200000
2056.520516, -568.374299, 0.200000
2056.525985, -568.477727, 0.000000
2056.531443, -568.581152, 0.000000
2056.536888, -568.684574, 0.200000
2056.542321, -568.787994, 0.400000
2056.547742, -568.891411, 0.400000
2056.553151, -568.994826, 0.400000
2056.558548, -569.098238, 0.400000
2056.563933, -569.201648, 0.400000
2056.569305, -569.305055, 0.400000
2056.574666, -569.408459, 0.400000
2056.580014, -569.511861, 0.400000
2056.585350, -569.615260, 0.400000
2056.590674, -569.718656, 0.400000
2056.595986, -569.822050, 0.400000
2056.601285, -569.925441, 0.400000
2056.606572, -570.028830, 0.400000
2056.611847, -570.132216, 0.400000
2056.617109, -570.235599, 0.400000
2056.622359, -570.338980, 0.400000
2056.627596, -570.442358, 0.600000
2056.632821, -570.545733, 0.600000
2056.638033, -570.649106, 0.600000
2056.643233, -570.752476, 0.600000
2056.648420, -570.855843, 0.600000
2056.653595, -570.959208, 0.600000
2056.658756, -571.062570, 0.600000
2056.663906, -571.165929, 0.600000
2056.669042, -571.269285, 0.600000
2056.674166, -571.372639, 0.600000
2056.679277, -571.475990, 0.600000
2056.684375, -571.579338, 0.600000
2056.689460, -571.682684, 0.400000
2056.694532, -571.786026, 0.400000
2056.699591, -571.889366, 0.200000
2056.704637, -571.992703, 0.200000
2056.709670, -572.096038, 0.200000
2056.714690, -572.199369, 0.200000
2056.719697, -572.302698, 0.200000
2056.724690, -572.406024, 0.200000
2056.729671, -572.509347, 0.200000
2056.734638, -572.612667, 0.200000
2056.739591, -572.715985, 0.200000
2056.744531, -572.819299, 0.200000
2056.749458, -572.922611, 0.200000
2056.754371, -573.025919, 0.200000
2056.759271, -573.129225, 0.200000
2056.764157, -573.232528, 0.200000
2056.769029, -573.335828, 0.000000
2056.773887, -573.439125, 0.000000
2056.778732, -573.542419, 0.000000
2056.783563, -573.645710, 0.000000
2056.788380, -573.748998, 0.000000
2056.793183, -573.852284, 0.000000
2056.797972, -573.955566, 0.000000
2056.802747, -574.058845, 0.000000
2056.807507, -574.162121, 0.200000
2056.812254, -574.265394, 0.200000
2056.816986, -574.368664, 0.200000
2056.821704, -574.471931, 0.200000
2056.826407, -574.575195, 0.200000
2056.831096, -574.678456, 0.200000
2056.835771, -574.781714, 0.200000
2056.840431, -574.884968, 0.200000
2056.845076, -574.988220, 0.200000
2056.849707, -575.091468, 0.200000
2056.854322, -575.194713, 0.200000
2056.858923, -575.297955, 0.200000
2056.863509, -575.401194, 0.200000
2056.868080, -575.504429, 0.200000
2056.872636, -575.607662, 0.200000
2056.877177, -575.710891, 0.200000
2056.881702, -575.814117, 0.200000
2056.886212, -575.917339, 0.200000
2056.890707, -576.020559, 0.200000
2056.895186, -576.123775, 0.200000
2056.899650, -576.226987, 0.200000
2056.904099, -576.330197, 0.200000
2056.908531, -576.433403, 0.200000
2056.912948, -576.536605, 0.200000
2056.917349, -576.639805, 0.200000
2056.921734, -576.743000, 0.200000
2056.926103, -576.846193, 0.200000
2056.930456, -576.949382, 0.200000
2056.934793, -577.052567, 0.000000
2056.939114, -577.155750, 0.000000
2056.943419, -577.258928, 0.000000
2056.947707, -577.362103, 0.000000
2056.951978, -577.465275, 0.200000
2056.956233, -577.568443, 0.200000
2056.960472, -577.671607, 0.200000
2056.964693, -577.774768, 0.400000
2056.968898, -577.877926, 0.400000
2056.973086, -577.981079, 0.400000
2056.977257, -578.084229, 0.400000
2056.981411, -578.187376, 0.400000
2056.985548, -578.290519, 0.400000
2056.989668, -578.393658, 0.400000
2056.993770, -578.496793, 0.400000
2056.997855, -578.599925, 0.400000
2057.001922, -578.703053, 0.400000
2057.005972, -578.806177, 0.400000
2057.010004, -578.909297, 0.400000
2057.014018, -579.012414, 0.400000
2057.018014, -579.115527, 0.600000
2057.021993, -579.218636, 0.600000
2057.025953, -579.321741, 0.600000
2057.029895, -579.424842, 0.600000
2057.033819, -579.527939, 0.600000
2057.037724, -579.631032, 0.600000
2057.041611, -579.734122, 0.600000
2057.045480, -579.837207, 0.600000
2057.049330, -579.940289, 0.600000
2057.053161, -580.043366, 0.400000
2057.056973, -580.146440, 0.400000
2057.060766, -580.249509, 0.400000
2057.064541, -580.352574, 0.400000
2057.068296, -580.455635, 0.400000
2057.072032, -580.558693, 0.200000
2057.075748, -580.661746, 0.200000
2057.079445, -580.764794, 0.200000
2057.083123, -580.867839, 0.200000
2057.086781, -580.970879, 0.200000
2057.090419, -581.073916, 0.200000
2057.094037, -581.176947, 0.200000
2057.097635, -581.279975, 0.200000
2057.101213, -581.382999, 0.200000
2057.104771, -581.486018, 0.200000
2057.108309, -581.589032, 0.200000
2057.111826, -581.692043, 0.200000
2057.115323, -581.795049, 0.200000
2057.118799, -581.898050, 0.200000
2057.122255, -582.001047, 0.000000
2057.125689, -582.104040, 0.000000
2057.129103, -582.207028, 0.000000
2057.132496, -582.310012, 0.000000
2057.135867, -582.412991, 0.000000
2057.139217, -582.515966, 0.400000
2057.142546, -582.618936, 0.400000
2057.145853, -582.721902, 0.400000
2057.149139, -582.824862, 0.400000
2057.152403, -582.927819, 0.400000
2057.155645, -583.030770, 0.400000
2057.158865, -583.133717, 0.400000
2057.162063, -583.236659, 0.400000
2057.165239, -583.339597, 0.400000
2057.168392, -583.442529, 0.400000
2057.171524, -583.545457, 0.400000
2057.174632, -583.648380, 0.400000
2057.177718, -583.751298, 0.400000
2057.180781, -583.854211, 0.400000
2057.183821, -583.957120, 0.400000
2057.186839, -584.060023, 0.400000
2057.189833, -584.162922, 0.400000
2057.192803, -584.265815, 0.400000
2057.195751, -584.368704, 0.400000
2057.198675, -584.471588, 0.200000
2057.201575, -584.574466, 0.000000
2057.204451, -584.677339, 0.000000
2057.207304, -584.780208, 0.000000
2057.210133, -584.883071, 0.000000
2057.212937, -584.985929, 0.000000
2057.215718, -585.088782, 0.000000
2057.218474, -585.191630, 0.000000
2057.221205, -585.294472, 0.000000
2057.223912, -585.397309, 0.000000
2057.226594, -585.500141, 0.000000
2057.229251, -585.602967, 0.000000
2057.231883, -585.705789, 0.000000
2057.234491, -585.808605, 0.000000
2057.237072, -585.911415, 0.000000
2057.239629, -586.014220, 0.000000
2057.242160, -586.117020, 0.000000
2057.244665, -586.219814, 0.000000
2057.247145, -586.322602, 0.000000
2057.249598, -586.425385, 0.000000
2057.252026, -586.528163, 0.000000
2057.254428, -586.630935, 0.000000
2057.256803, -586.733701, 0.000000
2057.259152, -586.836462, 0.200000
2057.261474, -586.939216, 0.400000
2057.263769, -587.041966, 0.400000
2057.266038, -587.144709, 0.400000
2057.268280, -587.247447, 0.400000
2057.270495, -587.350179, 0.400000
2057.272682, -587.452905, 0.400000
2057.274842, -587.555625, 0.400000
2057.276975, -587.658340, 0.400000
2057.279080, -587.761048, 0.400000
2057.281157, -587.863751, 0.400000
2057.283207, -587.966448, 0.400000
2057.285228, -588.069138, 0.400000
2057.287221, -588.171823, 0.400000
2057.289186, -588.274501, 0.400000
2057.291123, -588.377174, 0.400000
2057.293031, -588.479840, 0.600000
2057.294910, -588.582501, 0.600000
2057.296760, -588.685155, 0.600000
2057.298581, -588.787803, 0.600000
2057.300374, -588.890444, 0.600000
2057.302136, -588.993080, 0.600000
2057.303870, -589.095709, 0.600000
2057.305574, -589.198332, 0.600000
2057.307248, -589.300948, 0.600000
2057.308893, -589.403558, 0.600000
2057.310507, -589.506162, 0.600000
2057.312091, -589.608759, 0.400000
2057.313645, -589.711350, 0.200000
2057.315169, -589.813934, 0.200000
2057.316662, -589.916512, 0.200000
2057.318125, -590.019083, 0.200000
2057.319556, -590.121647, 0.200000
2057.320957, -590.224205, 0.200000
2057.322326, -590.326757, 0.200000
2057.323665, -590.429301, 0.200000
2057.324971, -590.531839, 0.200000
2057.326247, -590.634370, 0.200000
2057.327490, -590.736895, 0.200000
2057.328702, -590.839412, 0.200000
2057.329882, -590.941923, 0.400000
2057.331029, -591.044427, 0.400000
2057.332145, -591.146924, 0.400000
2057.333227, -591.249414, 0.400000
2057.334278, -591.351897, 0.200000
2057.335295, -591.454373, 0.200000
2057.336280, -591.556842, 0.200000
2057.337232, -591.659304, 0.200000
2057.338150, -591.761759, 0.200000
2057.339036, -591.864207, 0.200000
2057.339887, -591.966648, 0.200000
2057.340705, -592.069081, 0.200000
2057.341490, -592.171508, 0.200000
2057.342240, -592.273927, 0.400000
2057.342957, -592.376338, 0.400000
2057.343639, -592.478743, 0.400000
2057.344287, -592.581140, 0.400000
2057.344900, -592.683529, 0.400000
2057.345479, -592.785912, 0.400000
2057.346022, -592.888287, 0.400000
2057.346531, -592.990654, 0.400000
2057.347005, -593.093014, 0.400000
2057.347443, -593.195366, 0.400000
2057.347846, -593.297711, 0.400000
2057.348214, -593.400048, 0.400000
2057.348546, -593.502378, 0.400000
2057.348841, -593.604699, 0.400000
2057.349101, -593.707013, 0.400000
2057.349325, -593.809320, 0.400000
2057.349512, -593.911619, 0.400000
2057.349663, -594.013909, 0.400000
2057.349777, -594.116192, 0.400000
2057.349854, -594.218467, 0.400000
2057.349894, -594.320735, 0.400000
2057.349898, -594.422994, 0.400000
2057.349864, -594.525245, 0.400000
2057.349792, -594.627489, 0.400000
2057.349683, -594.729724, 0.400000
2057.349536, -594.831951, 0.200000
2057.349351, -594.934170, 0.000000
2057.349129, -595.036381, 0.000000
2057.348868, -595.138584, 0.000000
2057.348568, -595.240779, 0.000000
2057.348231, -595.342965, 0.000000
2057.347854, -595.445143, 0.000000
2057.347439, -595.547313, 0.000000
2057.346984, -595.649475, 0.000000
2057.346491, -595.751628, 0.000000
2057.345958, -595.853772, 0.000000
2057.345386, -595.955909, 0.000000
2057.344774, -596.058037, 0.000000
2057.344122, -596.160156, 0.000000
2057.343431, -596.262267, 0.000000
2057.342699, -596.364369, 0.000000
2057.341927, -596.466462, 0.000000
2057.341115, -596.568547, 0.000000
2057.340262, -596.670624, 0.200000
2057.339368, -596.772691, 0.200000
2057.338433, -596.874750, 0.400000
2057.337458, -596.976800, 0.400000
2057.336441, -597.078842, 0.400000
2057.335383, -597.180874, 0.400000
2057.334283, -597.282898, 0.400000
2057.333141, -597.384912, 0.400000
2057.331958, -597.486918, 0.400000
2057.330733, -597.588915, 0.400000
2057.329465, -597.690902, 0.400000
2057.328156, -597.792881, 0.400000
2057.326803, -597.894851, 0.400000
2057.325408, -597.996811, 0.600000
2057.323971, -598.098762, 0.600000
2057.322490, -598.200704, 0.600000
2057.320966, -598.302637, 0.600000
2057.319399, -598.404561, 0.600000
2057.317788, -598.506475, 0.600000
2057.316134, -598.608380, 0.600000
2057.314436, -598.710276, 0.600000
2057.312694, -598.812162, 0.600000
2057.310908, -598.914039, 0.600000
2057.309078, -599.015907, 0.600000
2057.307203, -599.117765, 0.600000
2057.305284, -599.219613, 0.600000
2057.303319, -599.321452, 0.600000
2057.301310, -599.423281, 0.600000
2057.299256, -599.525101, 0.600000
2057.297157, -599.626910, 0.600000
2057.295012, -599.728711, 0.400000
2057.292822, -599.830501, 0.400000
2057.290586, -599.932282, 0.200000
2057.288304, -600.034053, 0.200000
2057.285976, -600.135814, 0.200000
2057.283602, -600.237565, 0.200000
2057.281181, -600.339306, 0.200000
2057.278714, -600.441037, 0.200000
2057.276200, -600.542759, 0.200000
2057.273639, -600.644470, 0.200000
2057.271032, -600.746171, 0.200000
2057.268377, -600.847862, 0.200000
2057.265675, -600.949543, 0.200000
2057.262925, -601.051214, 0.200000
2057.260127, -601.152875, 0.000000
2057.257282, -601.254526, 0.200000
2057.254389, -601.356166, 0.200000
2057.251447, -601.457796, 0.200000
2057.248457, -601.559415, 0.200000
2057.245419, -601.661024, 0.200000
2057.242332, -601.762623, 0.200000
2057.239196, -601.864212, 0.200000
2057.236011, -601.965789, 0.200000
2057.232777, -602.067357, 0.200000
2057.229494, -602.168914, 0.200000
2057.226161, -602.270460, 0.200000
2057.222778, -602.371996, 0.200000
2057.219346, -602.473521, 0.200000
2057.215864, -602.575035, 0.200000
2057.212331, -602.676539, 0.200000
2057.208749, -602.778031, 0.200000
2057.205116, -602.879513, 0.200000
2057.201432, -602.980985, 0.200000
2057.197697, -603.082445, 0.200000
2057.193912, -603.183895, 0.400000
2057.190075, -603.285333, 0.400000
2057.186187, -603.386761, 0.400000
2057.182248, -603.488177, 0.400000
2057.178257, -603.589583, 0.400000
2057.174214, -603.690978, 0.400000
2057.170119, -603.792361, 0.400000
2057.165972, -603.893733, 0.400000
2057.161773, -603.995094, 0.400000
2057.157522, -604.096444, 0.200000
2057.153218, -604.197783, 0.200000
2057.148861, -604.299110, 0.200000
2057.144451, -604.400427, 0.200000
2057.139988, -604.501731, 0.200000
2057.135472, -604.603025, 0.200000
2057.130903, -604.704307, 0.200000
2057.126279, -604.805577, 0.200000
2057.121603, -604.906836, 0.400000
2057.116872, -605.008084, 0.600000
2057.112087, -605.109320, 0.600000
2057.107248, -605.210544, 0.600000
2057.102355, -605.311757, 0.400000
2057.097407, -605.412958, 0.400000
2057.092404, -605.514147, 0.400000
2057.087347, -605.615325, 0.400000
2057.082234, -605.716491, 0.400000
2057.077066, -605.817645, 0.400000
2057.071843, -605.918787, 0.400000
2057.066565, -606.019917, 0.400000
2057.061230, -606.121036, 0.400000
2057.055840, -606.222142, 0.400000
2057.050394, -606.323237, 0.400000
2057.044892, -606.424319, 0.400000
2057.039333, -606.525390, 0.400000
2057.033718, -606.626448, 0.400000
2057.028046, -606.727495, 0.600000
2057.022317, -606.828529, 0.600000
2057.016532, -606.929551, 0.600000
2057.010689, -607.030561, 0.600000
2057.004789, -607.131558, 0.600000
2056.998831, -607.232544, 0.600000
2056.992816, -607.333517, 0.600000
2056.986743, -607.434477, 0.600000
2056.980612, -607.535425, 0.600000
2056.974423, -607.636361, 0.600000
2056.968176, -607.737285, 0.600000
2056.961870, -607.838195, 0.600000
2056.955506, -607.939094, 0.600000
2056.949083, -608.039980, 0.600000
2056.942601, -608.140853, 0.600000
2056.936060, -608.241713, 0.400000
2056.929460, -608.342561, 0.200000
2056.922800, -608.443397, 0.200000
2056.916081, -608.544219, 0.200000
2056.909302, -608.645029, 0.400000
2056.902464, -608.745826, 0.400000
2056.895565, -608.846610, 0.400000
2056.888606, -608.947381, 0.400000
2056.881587, -609.048139, 0.400000
2056.874507, -609.148885, 0.400000
2056.867367, -609.249617, 0.400000
2056.860166, -609.350337, 0.400000
2056.852903, -609.451043, 0.400000
2056.845580, -609.551737, 0.400000
2056.838195, -609.652417, 0.400000
2056.830749, -609.753084, 0.200000
2056.823242, -609.853738, 0.200000
2056.815672, -609.954379, 0.400000
2056.808041, -610.055006, 0.400000
2056.800348, -610.155621, 0.400000
2056.792592, -610.256221, 0.400000
2056.784774, -610.356809, 0.400000
2056.776894, -610.457383, 0.400000
2056.768950, -610.557944, 0.400000
2056.760944, -610.658492, 0.400000
2056.752875, -610.759026, 0.400000
2056.744743, -610.859546, 0.400000
2056.736548, -610.960053, 0.400000
2056.728289, -611.060546, 0.400000
2056.719966, -611.161026, 0.400000
2056.711580, -611.261492, 0.400000
2056.703129, -611.361945, 0.400000
2056.694615, -611.462384, 0.400000
2056.686036, -611.562809, 0.400000
2056.677393, -611.663220, 0.200000
2056.668686, -611.763618, 0.200000
2056.659913, -611.864001, 0.200000
2056.651076, -611.964371, 0.200000
2056.642174, -612.064727, 0.200000
2056.633207, -612.165069, 0.200000
2056.624174, -612.265397, 0.200000
2056.615076, -612.365711, 0.000000
2056.605912, -612.466011, 0.000000
2056.596683, -612.566297, 0.000000
2056.587388, -612.666569, 0.000000
2056.578026, -612.766827, 0.000000
2056.568599, -612.867070, 0.000000
2056.559105, -612.967300, 0.000000
2056.549544, -613.067515, 0.000000
2056.539917, -613.167716, 0.000000
2056.530223, -613.267903, 0.000000
2056.520462, -613.368075, 0.000000
2056.510634, -613.468233, 0.000000
2056.500739, -613.568377, 0.000000
2056.490776, -613.668506, 0.000000
2056.480746, -613.768621, 0.000000
2056.470648, -613.868721, 0.000000
2056.460483, -613.968807, 0.000000
2056.450249, -614.068878, 0.000000
2056.439947, -614.168935, 0.000000
2056.429577, -614.268977, 0.200000
2056.419138, -614.369005, 0.200000
2056.408631, -614.469017, 0.200000
2056.398055, -614.569016, 0.200000
2056.387410, -614.668999, 0.200000
2056.376697, -614.768968, 0.400000
2056.365914, -614.868922, 0.400000
2056.355061, -614.968861, 0.400000
2056.344140, -615.068785, 0.400000
2056.333148, -615.168694, 0.400000
2056.322088, -615.268589, 0.400000
2056.310957, -615.368469, 0.400000
2056.299756, -615.468333, 0.400000
2056.288485, -615.568183, 0.400000
2056.277143, -615.668017, 0.400000
2056.265732, -615.767837, 0.400000
2056.254249, -615.867641, 0.400000
2056.242696, -615.967431, 0.600000
2056.231072, -616.067205, 0.600000
2056.219377, -616.166964, 0.600000
2056.207611, -616.266708, 0.600000
2056.195774, -616.366436, 0.800000
2056.183865, -616.466149, 0.800000
2056.171885, -616.565847, 0.800000
2056.159833, -616.665530, 0.800000
2056.147709, -616.765197, 0.800000
2056.135513, -616.864849, 0.800000
2056.123245, -616.964486, 0.800000
2056.110905, -617.064107, 0.800000
2056.098492, -617.163713, 0.800000
2056.086007, -617.263303, 0.800000
2056.073450, -617.362877, 0.800000
2056.060819, -617.462436, 0.800000
2056.048116, -617.561980, 1.000000
2056.035339, -617.661508, 1.000000
2056.022489, -617.761020, 0.800000
2056.009566, -617.860516, 0.800000
2055.996570, -617.959997, 0.800000
2055.983500, -618.059462, 0.800000
2055.970356, -618.158912, 0.400000
2055.957139, -618.258345, 0.400000
2055.943847, -618.357763, 0.400000
2055.930481, -618.457165, 0.400000
2055.917041, -618.556551, 0.400000
2055.903527, -618.655921, 0.400000
2055.889938, -618.755275, 0.400000
2055.876274, -618.854613, 0.400000
2055.862536, -618.953936, 0.400000
2055.848723, -619.053242, 0.400000
2055.834835, -619.152532, 0.400000
2055.820871, -619.251806, 0.400000
2055.806833, -619.351064, 0.400000
2055.792719, -619.450306, 0.400000
2055.778529, -619.549532, 0.400000
2055.764264, -619.648742, 0.400000
2055.749923, -619.747935, 0.400000
2055.735506, -619.847112, 0.400000
2055.721013, -619.946273, 0.400000
2055.706444, -620.045418, 0.400000
2055.691799, -620.144546, 0.200000
2055.677077, -620.243659, 0.200000
2055.662279, -620.342754, 0.200000
2055.647404, -620.441834, 0.200000
2055.632452, -620.540896, 0.200000
2055.617423, -620.639943, 0.000000
2055.602318, -620.738973, 0.000000
2055.587135, -620.837987, 0.000000
2055.571875, -620.936984, 0.000000
2055.556538, -621.035964, 0.000000
2055.541123, -621.134928, 0.000000
2055.525630, -621.233875, 0.000000
2055.510060, -621.332806, 0.000000
2055.494412, -621.431720, 0.000000
2055.478686, -621.530618, 0.000000
2055.462882, -621.629498, 0.000000
2055.447000, -621.728362, 0.000000
2055.431039, -621.827210, 0.000000
2055.415000, -621.926040, 0.000000
2055.398883, -622.024854, 0.000000
2055.382686, -622.123651, 0.000000
2055.366411, -622.222431, 0.000000
2055.350058, -622.321194, 0.000000
2055.333625, -622.419940, 0.000000
2055.317113, -622.518670, 0.000000
2055.300522, -622.617382, 0.000000
2055.283851, -622.716078, 0.000000
2055.267101, -622.814757, 0.000000
2055.250272, -622.913418, 0.000000
2055.233363, -623.012063, 0.000000
2055.216374, -623.110690, 0.000000
2055.199305, -623.209301, 0.000000
2055.182157, -623.307894, 0.000000
2055.164928, -623.406470, 0.000000
2055.147619, -623.505029, 0.200000
2055.130229, -623.603571, 0.200000
2055.112760, -623.702096, 0.200000
2055.095210, -623.800604, 0.200000
2055.077579, -623.899094, 0.400000
2055.059867, -623.997567, 0.400000
2055.042075, -624.096023, 0.400000
2055.024202, -624.194461, 0.400000
2055.006247, -624.292882, 0.400000
2054.988212, -624.391286, 0.400000
2054.970095, -624.489673, 0.400000
2054.951898, -624.588042, 0.400000
2054.933618, -624.686393, 0.400000
2054.915257, -624.784728, 0.400000
2054.896815, -624.883044, 0.400000
2054.878291, -624.981344, 0.400000
2054.859685, -625.079626, 0.400000
2054.840997, -625.177890, 0.400000
2054.822227, -625.276137, 0.400000
2054.803375, -625.374366, 0.600000
2054.784440, -625.472578, 0.600000
2054.765424, -625.570772, 0.600000
2054.746325, -625.668948, 0.600000
2054.727143, -625.767107, 0.600000
2054.707879, -625.865249, 0.600000
2054.688533, -625.963372, 0.600000
2054.669103, -626.061478, 0.800000
2054.649591, -626.159566, 1.000000
2054.629996, -626.257637, 1.000000
2054.610318, -626.355689, 0.800000
2054.590556, -626.453724, 0.800000
2054.570712, -626.551741, 0.800000
2054.550784, -626.649741, 0.800000
2054.530773, -626.747722, 0.800000
2054.510678, -626.845686, 0.800000
2054.490500, -626.943632, 0.800000
2054.470238, -627.041560, 0.600000
2054.449892, -627.139470, 0.600000
2054.429463, -627.237362, 0.600000
2054.408950, -627.335236, 0.600000
2054.388352, -627.433092, 0.600000
2054.367671, -627.530931, 0.600000
2054.346906, -627.628751, 0.600000
2054.326056, -627.726553, 0.600000
2054.305122, -627.824338, 0.600000
2054.284104, -627.922104, 0.600000
2054.263001, -628.019852, 0.600000
2054.241814, -628.117582, 0.600000
2054.220542, -628.215295, 0.600000
2054.199186, -628.312989, 0.400000
2054.177744, -628.410664, 0.400000
2054.156218, -628.508322, 0.400000
2054.134607, -628.605962, 0.400000
2054.112911, -628.703583, 0.400000
2054.091130, -628.801186, 0.200000
2054.069264, -628.898772, 0.200000
2054.047313, -628.996338, 0.000000
2054.025276, -629.093887, 0.000000
2054.003155, -629.191417, 0.000000
2053.980947, -629.288930, 0.000000
2053.958654, -629.386424, 0.000000
2053.936276, -629.483899, 0.000000
2053.913812, -629.581356, 0.000000
2053.891263, -629.678795, 0.000000
2053.868627, -629.776216, 0.000000
2053.845906, -629.873618, 0.000000
2053.823099, -629.971002, 0.000000
2053.800206, -630.068368, 0.000000
2053.777227, -630.165715, 0.000000
2053.754162, -630.263044, 0.000000
2053.731011, -630.360354, 0.000000
2053.707774, -630.457646, 0.000000
2053.684451, -630.554920, 0.000000
2053.661041, -630.652175, 0.000000
2053.637545, -630.749412, 0.000000
2053.613962, -630.846630, 0.000000
2053.590293, -630.943830, 0.000000
2053.566538, -631.041011, 0.000000
2053.542696, -631.138174, 0.000000
2053.518767, -631.235318, 0.000000
2053.494751, -631.332444, 0.000000
2053.470649, -631.429551, 0.000000
2053.446460, -631.526639, 0.000000
2053.422184, -631.623710, 0.000000
2053.397822, -631.720761, 0.000000
2053.373372, -631.817794, 0.000000
2053.348835, -631.914808, 0.000000
2053.324212, -632.011804, 0.000000
2053.299501, -632.108781, 0.000000
2053.274703, -632.205739, 0.000000
2053.249818, -632.302679, 0.000000
2053.224846, -632.399600, 0.000000
2053.199786, -632.496503, 0.000000
2053.174639, -632.593387, 0.000000
2053.149405, -632.690252, 0.200000
2053.124083, -632.787098, 0.200000
2053.098674, -632.883926, 0.200000
2053.073178, -632.980735, 0.200000
2053.047594, -633.077526, 0.200000
2053.021922, -633.174297, 0.200000
2052.996163, -633.271050, 0.200000
2052.970316, -633.367785, 0.400000
2052.944381, -633.464500, 0.400000
2052.918359, -633.561197, 0.400000
2052.892249, -633.657875, 0.400000
2052.866051, -633.754534, 0.400000
2052.839766, -633.851175, 0.400000
2052.813392, -633.947796, 0.400000
2052.786931, -634.044399, 0.400000
2052.760382, -634.140983, 0.400000
2052.733745, -634.237549, 0.400000
2052.707019, -634.334095, 0.400000
2052.680206, -634.430623, 0.400000
2052.653305, -634.527132, 0.400000
2052.626316, -634.623622, 0.400000
2052.599239, -634.720093, 0.600000
2052.572073, -634.816546, 0.600000
2052.544820, -634.912979, 0.600000
2052.517478, -635.009394, 0.600000
2052.490049, -635.105790, 0.600000
2052.462531, -635.202167, 0.600000
2052.434925, -635.298526, 0.400000
2052.407230, -635.394865, 0.600000
2052.379448, -635.491185, 0.600000
2052.351577, -635.587487, 0.600000
2052.323618, -635.683770, 0.600000
2052.295570, -635.780034, 0.600000
2052.267435, -635.876279, 0.800000
2052.239211, -635.972505, 0.600000
2052.210898, -636.068712, 0.600000
2052.182498, -636.164901, 0.600000
2052.154009, -636.261070, 0.600000
2052.125431, -636.357221, 0.600000
2052.096765, -636.453353, 0.600000
2052.068011, -636.549465, 0.600000
2052.039169, -636.645559, 0.600000
2052.010238, -636.741634, 0.600000
2051.981218, -636.837691, 0.600000
2051.952110, -636.933728, 0.600000
2051.922914, -637.029746, 0.600000
2051.893629, -637.125746, 0.400000
2051.864256, -637.221726, 0.200000
2051.834795, -637.317688, 0.200000
2051.805245, -637.413631, 0.200000
2051.775607, -637.509555, 0.200000
2051.745880, -637.605460, 0.200000
2051.716065, -637.701346, 0.200000
2051.686161, -637.797213, 0.200000
2051.656169, -637.893061, 0.200000
2051.626089, -637.988891, 0.200000
2051.595920, -638.084701, 0.200000
2051.565663, -638.180493, 0.200000
2051.535317, -638.276266, 0.000000
2051.504883, -638.372019, 0.000000
2051.474361, -638.467754, 0.000000
2051.443750, -638.563470, 0.000000
2051.413051, -638.659168, 0.000000
2051.382264, -638.754846, 0.000000
2051.351388, -638.850505, 0.000000
2051.320424, -638.946146, 0.000000
2051.289372, -639.041768, 0.000000
2051.258232, -639.137370, 0.000000
2051.227003, -639.232954, 0.000000
2051.195686, -639.328519, 0.000000
2051.164281, -639.424066, 0.000000
2051.132787, -639.519593, 0.000000
2051.101206, -639.615102, 0.000000
2051.069536, -639.710591, 0.000000
2051.037778, -639.806062, 0.000000
2051.005933, -639.901514, 0.000000
2050.973999, -639.996947, 0.000000
2050.941977, -640.092362, 0.000000
2050.909866, -640.187757, 0.000000
2050.877668, -640.283134, 0.000000
2050.845382, -640.378492, 0.000000
2050.813009, -640.473831, 0.000000
2050.780547, -640.569152, 0.000000
2050.747997, -640.664454, 0.200000
2050.715360, -640.759736, 0.200000
2050.682634, -640.855000, 0.200000
2050.649821, -640.950246, 0.200000
2050.616920, -641.045472, 0.200000
2050.583932, -641.140680, 0.200000
2050.550856, -641.235869, 0.200000
2050.517692, -641.331040, 0.200000
2050.484441, -641.426191, 0.400000
2050.451102, -641.521324, 0.400000
2050.417676, -641.616439, 0.400000
2050.384162, -641.711534, 0.400000
2050.350561, -641.806611, 0.400000
2050.316873, -641.901669, 0.400000
2050.283097, -641.996709, 0.400000
2050.249234, -642.091730, 0.400000
2050.215284, -642.186732, 0.400000
2050.181246, -642.281716, 0.400000
2050.147122, -642.376681, 0.400000
2050.112910, -642.471627, 0.400000
2050.078612, -642.566555, 0.400000
2050.044227, -642.661464, 0.400000
2050.009754, -642.756355, 0.800000
2049.975195, -642.851227, 0.800000
2049.940549, -642.946081, 0.800000
2049.905817, -643.040916, 0.800000
2049.870998, -643.135733, 0.800000
2049.836092, -643.230531, 0.800000
2049.801100, -643.325310, 0.600000
2049.766021, -643.420071, 0.600000
2049.730856, -643.514814, 0.600000
2049.695604, -643.609538, 0.600000
2049.660267, -643.704244, 0.600000
2049.624843, -643.798931, 0.800000
2049.589333, -643.893600, 0.800000
2049.553736, -643.988251, 0.800000
2049.518054, -644.082883, 0.800000
2049.482286, -644.177496, 0.800000
2049.446433, -644.272092, 0.600000
2049.410493, -644.366669, 0.600000
2049.374468, -644.461228, 0.400000
2049.338357, -644.555768, 0.400000
2049.302161, -644.650290, 0.400000
2049.265879, -644.744794, 0.400000
2049.229512, -644.839280, 0.400000
2049.193059, -644.933748, 0.400000
2049.156521, -645.028197, 0.400000
2049.119899, -645.122628, 0.400000
2049.083191, -645.217041, 0.200000
2049.046398, -645.311435, 0.200000
2049.009520, -645.405812, 0.200000
2048.972558, -645.500171, 0.200000
2048.935511, -645.594511, 0.200000
2048.898379, -645.688833, 0.200000
2048.861163, -645.783137, 0.200000
2048.823862, -645.877424, 0.200000
2048.786477, -645.971692, 0.200000
2048.749008, -646.065942, 0.200000
2048.711455, -646.160174, 0.200000
2048.673817, -646.254388, 0.200000
2048.636096, -646.348585, 0.200000
2048.598291, -646.442763, 0.200000
2048.560402, -646.536924, 0.200000
2048.522430, -646.631066, 0.200000
2048.484374, -646.725191, 0.000000
2048.446235, -646.819298, 0.000000
2048.408012, -646.913387, 0.000000
2048.369706, -647.007458, 0.000000
2048.331317, -647.101512, 0.000000
2048.292845, -647.195548, 0.000000
2048.254290, -647.289566, 0.000000
2048.215653, -647.383566, 0.000000
2048.176933, -647.477549, 0.000000
2048.138130, -647.571514, 0.000000
2048.099245, -647.665462, 0.000000
2048.060277, -647.759392, 0.000000
2048.021228, -647.853304, 0.000000
2047.982096, -647.947199, 0.000000
2047.942882, -648.041076, 0.000000
2047.903587, -648.134936, 0.000000
2047.864210, -648.228778, 0.000000
2047.824751, -648.322603, 0.000000
2047.785211, -648.416411, 0.000000
2047.745589, -648.510201, 0.000000
2047.705887, -648.603974, 0.000000
2047.666103, -648.697729, 0.000000
2047.626238, -648.791467, 0.000000
2047.586293, -648.885188, 0.000000
2047.546267, -648.978892, 0.000000
2047.506160, -649.072578, 0.200000
2047.465973, -649.166248, 0.200000
2047.425706, -649.259900, 0.200000
2047.385358, -649.353535, 0.200000
2047.344931, -649.447153, 0.200000
2047.304423, -649.540753, 0.200000
2047.263836, -649.634337, 0.200000
2047.223170, -649.727904, 0.200000
2047.182424, -649.821454, 0.200000
2047.141599, -649.914987, 0.400000
2047.100694, -650.008503, 0.400000
2047.059711, -650.102002, 0.400000
2047.018649, -650.195484, 0.400000
2046.977508, -650.288949, 0.400000
2046.936289, -650.382398, 0.400000
2046.894991, -650.475830, 0.400000
2046.853615, -650.569245, 0.400000
2046.812161, -650.662643, 0.400000
2046.770629, -650.756025, 0.400000
2046.729020, -650.849390, 0.400000
2046.687332, -650.942739, 0.400000
2046.645568, -651.036071, 0.400000
2046.603726, -651.129387, 0.400000
2046.561807, -651.222686, 0.400000
2046.519811, -651.315969, 0.400000
2046.477739, -651.409235, 0.400000
2046.435589, -651.502485, 0.400000
2046.393364, -651.595718, 0.400000
2046.351062, -651.688935, 0.600000
2046.308684, -651.782136, 0.400000
2046.266230, -651.875321, 0.400000
2046.223700, -651.968490, 0.400000
2046.181095, -652.061642, 0.400000
2046.138415, -652.154779, 0.400000
2046.095659, -652.247899, 0.400000
2046.052828, -652.341003, 0.400000
2046.009922, -652.434091, 0.400000
2045.966942, -652.527163, 0.400000
2045.923887, -652.620220, 0.400000
2045.880758, -652.713260, 0.400000
2045.837555, -652.806285, 0.600000
2045.794278, -652.899294, 0.600000
2045.750927, -652.992287, 0.400000
2045.707503, -653.085264, 0.400000
2045.664005, -653.178226, 0.400000
2045.620435, -653.271172, 0.400000
2045.576791, -653.364102, 0.400000
2045.533074, -653.457017, 0.400000
2045.489285, -653.549917, 0.400000
2045.445424, -653.642801, 0.400000
2045.401490, -653.735669, 0.400000
2045.357485, -653.828522, 0.400000
2045.313408, -653.921360, 0.400000
2045.269259, -654.014182, 0.400000
2045.225039, -654.106990, 0.400000
2045.180747, -654.199782, 0.400000
2045.136385, -654.292559, 0.400000
2045.091952, -654.385320, 0.400000
2045.047449, -654.478067, 0.400000
2045.002875, -654.570799, 0.400000
2044.958231, -654.663515, 0.400000
2044.913517, -654.756217, 0.400000
2044.868734, -654.848904, 0.400000
2044.823881, -654.941576, 0.400000
2044.778959, -655.034233, 0.200000
2044.733969, -655.126876, 0.200000
2044.688909, -655.219504, 0.200000
2044.643781, -655.312117, 0.000000
2044.598584, -655.404715, 0.000000
2044.553319, -655.497299, 0.000000
2044.507987, -655.589869, 0.000000
2044.462587, -655.682424, 0.000000
2044.417119, -655.774965, 0.000000
2044.371585, -655.867491, 0.000000
2044.325983, -655.960003, 0.000000
2044.280315, -656.052501, 0.000000
2044.234580, -656.144984, 0.000000
2044.188779, -656.237454, 0.000000
2044.142913, -656.329909, 0.000000
2044.096980, -656.422350, 0.000000
2044.050982, -656.514777, 0.000000
2044.004919, -656.607191, 0.000000
2043.958790, -656.699590, 0.000000
2043.912597, -656.791976, 0.000000
2043.866340, -656.884348, 0.000000
2043.820018, -656.976706, 0.000000
2043.773632, -657.069050, 0.000000
2043.727183, -657.161381, 0.000000
2043.680670, -657.253698, 0.000000
2043.634093, -657.346002, 0.000000
2043.587454, -657.438292, 0.200000
2043.540752, -657.530569, 0.200000
2043.493988, -657.622832, 0.200000
2043.447162, -657.715082, 0.200000
2043.400273, -657.807319, 0.200000
2043.353323, -657.899543, 0.200000
2043.306312, -657.991754, 0.200000
2043.259239, -658.083951, 0.200000
2043.212105, -658.176136, 0.200000
2043.164911, -658.268308, 0.200000
2043.117657, -658.360466, 0.400000
2043.070343, -658.452612, 0.400000
2043.022969, -658.544745, 0.400000
2042.975535, -658.636866, 0.400000
2042.928042, -658.728974, 0.400000
2042.880491, -658.821069, 0.400000
2042.832880, -658.913151, 0.600000
2042.785212, -659.005222, 0.600000
2042.737485, -659.097279, 0.600000
2042.689700, -659.189325, 0.600000
2042.641859, -659.281358, 0.600000
2042.593959, -659.373379, 0.600000
2042.546003, -659.465388, 0.600000
2042.497991, -659.557384, 0.600000
2042.449922, -659.649369, 0.600000
2042.401797, -659.741342, 0.600000
2042.353616, -659.833302, 0.600000
2042.305380, -659.925251, 0.600000
2042.257089, -660.017188, 0.600000
2042.208742, -660.109114, 0.800000
2042.160342, -660.201027, 0.800000
2042.111887, -660.292930, 0.800000
2042.063378, -660.384820, 0.600000
2042.014816, -660.476699, 0.600000
2041.966201, -660.568567, 0.600000
2041.917532, -660.660424, 0.800000
2041.868811, -660.752269, 0.800000
2041.820037, -660.844103, 0.800000
2041.771212, -660.935926, 0.800000
2041.722335, -661.027738, 0.800000
2041.673406, -661.119539, 0.800000
2041.624426, -661.211329, 0.800000
2041.575396, -661.303108, 0.800000
2041.526315, -661.394876, 0.800000
2041.477184, -661.486634, 0.800000
2041.428004, -661.578381, 0.800000
2041.378774, -661.670117, 0.800000
2041.329495, -661.761843, 0.600000
2041.280167, -661.853559, 0.600000
2041.230790, -661.945264, 0.600000
2041.181366, -662.036959, 0.600000
2041.131894, -662.128644, 0.600000
2041.082374, -662.220318, 0.600000
2041.032808, -662.311983, 0.400000
2040.983194, -662.403637, 0.400000
2040.933535, -662.495282, 0.400000
2040.883829, -662.586917, 0.400000
2040.834077, -662.678542, 0.400000
2040.784281, -662.770157, 0.400000
2040.734439, -662.861763, 0.400000
2040.684552, -662.953359, 0.400000
2040.634622, -663.044946, 0.200000
2040.584647, -663.136523, 0.200000
2040.534629, -663.228091, 0.200000
2040.484567, -663.319650, 0.200000
2040.434463, -663.411200, 0.200000
2040.384317, -663.502740, 0.200000
2040.334128, -663.594272, 0.200000
2040.283897, -663.685794, 0.200000
2040.233625, -663.777308, 0.200000
2040.183312, -663.868813, 0.000000
2040.132959, -663.960309, 0.000000
2040.082565, -664.051797, 0.000000
2040.032131, -664.143276, 0.000000
2039.981658, -664.234747, 0.000000
2039.931145, -664.326209, 0.000000
2039.880594, -664.417664, 0.000000
2039.830005, -664.509109, 0.000000
2039.779377, -664.600547, 0.000000
2039.728712, -664.691977, 0.000000
2039.678010, -664.783399, 0.000000
2039.627270, -664.874813, 0.000000
2039.576495, -664.966219, 0.000000
2039.525683, -665.057617, 0.200000
2039.474836, -665.149008, 0.200000
2039.423953, -665.240391, 0.200000
2039.373035, -665.331767, 0.200000
2039.322083, -665.423135, 0.200000
2039.271097, -665.514497, 0.200000
2039.220078, -665.605851, 0.200000
2039.169025, -665.697197, 0.200000
2039.117939, -665.788537, 0.200000
2039.066821, -665.879870, 0.200000
2039.015670, -665.971196, 0.200000
2038.964488, -666.062515, 0.200000
2038.913275, -666.153828, 0.400000
2038.862031, -666.245134, 0.400000
2038.810757, -666.336434, 0.400000
2038.759453, -666.427727, 0.400000
2038.708119, -666.519014, 0.400000
2038.656756, -666.610294, 0.400000
2038.605364, -666.701569, 0.400000
2038.553944, -666.792837, 0.400000
2038.502496, -666.884099, 0.400000
2038.451021, -666.975356, 0.400000
2038.399519, -667.066607, 0.600000
2038.347990, -667.157852, 0.600000
2038.296435, -667.249092, 0.600000
2038.244854, -667.340326, 0.600000
2038.193249, -667.431554, 0.600000
2038.141618, -667.522778, 0.600000
2038.089963, -667.613996, 0.600000
2038.038284, -667.705209, 0.800000
2037.986581, -667.796417, 0.800000
2037.934856, -667.887620, 0.800000
2037.883108, -667.978818, 0.800000
2037.831337, -668.070012, 0.800000
2037.779545, -668.161201, 0.800000
2037.727732, -668.252385, 0.800000
2037.675898, -668.343565, 0.800000
2037.624044, -668.434740, 0.800000
2037.572169, -668.525912, 0.800000
2037.520276, -668.617079, 0.800000
2037.468363, -668.708242, 1.000000
2037.416432, -668.799401, 1.000000
2037.364483, -668.890557, 1.000000
2037.312517, -668.981708, 1.000000
2037.260533, -669.072856, 1.000000
2037.208533, -669.164000, 1.000000
2037.156516, -669.255141, 1.000000
2037.104484, -669.346279, 1.000000
2037.052437, -669.437413, 1.000000
2037.000375, -669.528544, 1.000000
2036.948299, -669.619673, 1.000000
2036.896209, -669.710798, 1.000000
2036.844106, -669.801920, 1.000000
2036.791990, -669.893040, 1.000000
2036.739861, -669.984157, 1.000000
2036.687721, -670.075271, 1.000000
2036.635570, -670.166383, 1.000000
2036.583408, -670.257493, 1.000000
2036.531236, -670.348601, 1.000000
2036.479054, -670.439706, 0.600000
2036.426862, -670.530810, 0.600000
2036.374662, -670.621911, 0.800000
2036.322453, -670.713011, 0.800000
2036.270237, -670.804109, 1.000000
2036.218013, -670.895206, 1.000000
2036.165782, -670.986301, 1.000000
2036.113546, -671.077395, 1.000000
2036.061303, -671.168488, 1.000000
2036.009055, -671.259579, 1.000000
2035.956803, -671.350670, 1.000000
2035.904546, -671.441759, 1.000000
2035.852286, -671.532848, 1.000000
2035.800022, -671.623936, 1.000000
2035.747756, -671.715024, 1.000000
2035.695488, -671.806111, 1.000000
2035.643218, -671.897197, 1.000000
2035.590947, -671.988284, 1.000000
2035.538676, -672.079370, 1.000000
2035.486404, -672.170457, 1.000000
2035.434133, -672.261543, 1.000000
2035.381863, -672.352630, 1.000000
2035.329595, -672.443717, 1.000000
2035.277329, -672.534805, 1.000000
2035.225066, -672.625893, 1.000000
2035.172806, -672.716982, 1.000000
2035.120549, -672.808071, 1.000000
2035.068297, -672.899162, 0.800000
2035.016050, -672.990254, 0.800000
2034.963809, -673.081346, 0.800000
2034.911573, -673.172440, 0.800000
2034.859344, -673.263536, 0.800000
2034.807122, -673.354633, 0.800000
2034.754908, -673.445732, 0.600000
2034.702702, -673.536832, 0.600000
2034.650505, -673.627934, 0.600000
2034.598317, -673.719039, 0.600000
2034.546139, -673.810145, 0.800000
2034.493972, -673.901254, 0.800000
2034.441816, -673.992365, 0.600000
2034.389671, -674.083478, 0.800000
2034.337539, -674.174594, 0.800000
2034.285419, -674.265713, 1.000000
2034.233313, -674.356835, 1.000000
2034.181221, -674.447960, 1.000000
2034.129144, -674.539088, 1.000000
2034.077081, -674.630219, 1.000000
2034.025035, -674.721353, 1.000000
2033.973005, -674.812491, 1.000000
2033.920991, -674.903633, 0.800000
2033.868995, -674.994778, 1.000000
2033.817018, -675.085927, 1.000000
2033.765059, -675.177081, 1.000000
2033.713119, -675.268238, 1.000000
2033.661199, -675.359400, 1.000000
2033.609300, -675.450565, 1.000000
2033.557422, -675.541736, 1.000000
2033.505566, -675.632911, 1.000000
2033.453732, -675.724091, 1.000000
2033.401921, -675.815276, 0.800000
2033.350133, -675.906466, 0.800000
2033.298370, -675.997661, 0.800000
2033.246632, -676.088861, 0.800000
2033.194919, -676.180067, 0.800000
2033.143232, -676.271278, 0.800000
2033.091572, -676.362495, 1.000000
2033.039939, -676.453718, 0.800000
2032.988334, -676.544947, 0.800000
2032.936758, -676.636182, 1.000000
2032.885210, -676.727423, 1.000000
2032.833693, -676.818671, 0.800000
2032.782206, -676.909925, 1.000000
2032.730751, -677.001186, 1.000000
2032.679327, -677.092453, 1.000000
2032.627935, -677.183728, 1.000000
2032.576577, -677.275009, 1.000000
2032.525252, -677.366298, 1.000000
2032.473961, -677.457594, 1.000000
2032.422706, -677.548898, 1.000000
2032.371486, -677.640209, 1.000000
2032.320303, -677.731528, 1.000000
2032.269156, -677.822855, 1.000000
2032.218047, -677.914190, 0.800000
2032.166977, -678.005533, 0.800000
2032.115945, -678.096884, 1.000000
2032.064953, -678.188244, 1.000000
2032.014002, -678.279613, 1.000000
2031.963091, -678.370990, 1.000000
2031.912222, -678.462376, 1.000000
2031.861395, -678.553771, 0.800000
2031.810611, -678.645176, 0.800000
2031.759871, -678.736589, 0.800000
2031.709176, -678.828012, 1.000000
2031.658525, -678.919445, 1.000000
2031.607920, -679.010888, 1.000000
2031.557361, -679.102340, 1.000000
2031.506850, -679.193803, 1.000000
2031.456386, -679.285276, 1.000000
2031.405971, -679.376759, 1.000000
2031.355605, -679.468253, 1.000000
2031.305289, -679.559757, 1.000000
2031.255023, -679.651272, 1.000000
2031.204809, -679.742798, 1.000000
2031.154647, -679.834335, 1.000000
2031.104537, -679.925884, 1.000000
2031.054481, -680.017444, 1.000000
2031.004479, -680.109015, 1.000000
2030.954532, -680.200598, 1.000000
2030.904640, -680.292193, 1.000000
2030.854804, -680.383801, 1.000000
2030.805026, -680.475420, 1.000000
2030.755305, -680.567051, 1.000000
2030.705643, -680.658695, 1.000000
2030.656040, -680.750352, 1.000000
2030.606496, -680.842022, 1.000000
2030.557014, -680.933704, 1.000000
2030.507592, -681.025400, 1.000000
2030.458233, -681.117109, 1.000000
2030.408937, -681.208831, 1.000000
2030.359704, -681.300567, 1.000000
2030.310535, -681.392316, 1.000000
2030.261432, -681.484080, 1.000000
2030.212394, -681.575857, 1.000000
2030.163423, -681.667649, 1.000000
2030.114519, -681.759455, 1.000000
2030.065683, -681.851276, 1.000000
2030.016916, -681.943112, 1.000000
2029.968218, -682.034962, 1.000000
2029.919591, -682.126827, 1.000000
2029.871035, -682.218708, 1.000000
2029.822551, -682.310604, 1.000000
2029.774139, -682.402515, 1.000000
2029.725801, -682.494442, 1.000000
2029.677537, -682.586385, 1.000000
2029.629348, -682.678344, 1.000000
2029.581234, -682.770319, 1.000000
2029.533197, -682.862310, 1.000000
