2094.191247, -748.908838, 3.000000
2094.291033, -748.901419, 0.750000
2094.390813, -748.893949, 0.750000
2094.490587, -748.886426, 0.750000
2094.590356, -748.878851, 0.750000
2094.690119, -748.871225, 0.750000
2094.789876, -748.863547, 0.750000
2094.889628, -748.855819, 0.750000
2094.989374, -748.848040, 0.750000
2095.089115, -748.840211, 0.750000
2095.188850, -748.832333, 0.750000
2095.288580, -748.824405, 0.750000
2095.388305, -748.816428, 0.750000
2095.488024, -748.808402, 0.750000
2095.587738, -748.800328, 0.750000
2095.687447, -748.792206, 0.750000
2095.787150, -748.784036, 0.750000
2095.886848, -748.775819, 0.750000
2095.986541, -748.767555, 0.750000
2096.086229, -748.759244, 0.750000
2096.185912, -748.750887, 0.750000
2096.285590, -748.742484, 0.750000
2096.385263, -748.734035, 0.750000
2096.484931, -748.725540, 0.750000
2096.584594, -748.717001, 0.750000
2096.684252, -748.708417, 0.750000
2096.783905, -748.699788, 0.750000
2096.883553, -748.691116, 0.750000
2096.983197, -748.682399, 0.750000
2097.082835, -748.673640, 0.750000
2097.182469, -748.664837, 0.750000
2097.282099, -748.655991, 0.750000
2097.381724, -748.647103, 0.750000
2097.481344, -748.638173, 0.750000
2097.580959, -748.629201, 0.750000
2097.680570, -748.620188, 0.750000
2097.780177, -748.611133, 0.750000
2097.879778, -748.602037, 0.750000
2097.979376, -748.592901, 0.750000
2098.078969, -748.583725, 0.750000
2098.178558, -748.574509, 0.750000
2098.278142, -748.565253, 0.750000
2098.377722, -748.555958, 1.000000
2098.477298, -748.546623, 1.000000
2098.576870, -748.537250, 1.000000
2098.676437, -748.527839, 1.000000
2098.776000, -748.518390, 1.000000
2098.875559, -748.508902, 1.000000
2098.975114, -748.499378, 1.000000
2099.074665, -748.489816, 0.750000
2099.174212, -748.480217, 0.750000
2099.273754, -748.470581, 0.750000
2099.373293, -748.460910, 0.750000
2099.472828, -748.451202, 0.750000
2099.572359, -748.441458, 0.750000
2099.671886, -748.431680, 0.750000
2099.771409, -748.421865, 0.750000
2099.870929, -748.412017, 0.750000
2099.970444, -748.402133, 0.750000
2100.069956, -748.392216, 0.750000
2100.169464, -748.382264, 0.750000
2100.268969, -748.372279, 0.750000
2100.368469, -748.362260, 0.750000
2100.467967, -748.352208, 0.750000
2100.567460, -748.342123, 0.750000
2100.666950, -748.332006, 0.750000
2100.766436, -748.321856, 0.750000
2100.865919, -748.311675, 0.750000
2100.965399, -748.301462, 0.750000
2101.064875, -748.291217, 0.750000
2101.164347, -748.280941, 0.750000
2101.263817, -748.270634, 0.750000
2101.363282, -748.260297, 0.750000
2101.462745, -748.249930, 0.750000
2101.562204, -748.239532, 0.750000
2101.661660, -748.229104, 0.750000
2101.761113, -748.218647, 0.750000
2101.860562, -748.208161, 0.750000
2101.960009, -748.197646, 0.750000
2102.059452, -748.187102, 0.750000
2102.158892, -748.176529, 0.750000
2102.258329, -748.165929, 0.750000
2102.357763, -748.155300, 0.750000
2102.457194, -748.144644, 0.750000
2102.556622, -748.133960, 0.750000
2102.656047, -748.123249, 0.750000
2102.755469, -748.112512, 0.750000
2102.854888, -748.101747, 0.750000
2102.954304, -748.090957, 0.750000
2103.053717, -748.080140, 0.750000
2103.153128, -748.069297, 0.750000
2103.252535, -748.058429, 0.750000
2103.351940, -748.047535, 0.750000
2103.451342, -748.036617, 0.750000
2103.550742, -748.025673, 0.750000
2103.650138, -748.014705, 0.750000
2103.749532, -748.003712, 0.750000
2103.848924, -747.992696, 0.750000
2103.948313, -747.981655, 0.750000
2104.047699, -747.970591, 0.750000
2104.147082, -747.959504, 0.750000
2104.246463, -747.948393, 0.750000
2104.345842, -747.937260, 0.750000
2104.445218, -747.926104, 0.750000
2104.544592, -747.914925, 0.750000
2104.643963, -747.903724, 0.750000
2104.743332, -747.892502, 0.750000
2104.842698, -747.881258, 0.750000
2104.942062, -747.869992, 0.750000
2105.041424, -747.858705, 0.750000
2105.140784, -747.847397, 0.750000
2105.240141, -747.836068, 0.750000
2105.339496, -747.824719, 0.750000
2105.438848, -747.813349, 0.750000
2105.538199, -747.801960, 0.750000
2105.637547, -747.790550, 0.750000
2105.736893, -747.779121, 1.000000
2105.836238, -747.767673, 1.000000
2105.935579, -747.756205, 0.750000
2106.034919, -747.744719, 0.750000
2106.134257, -747.733214, 0.750000
2106.233593, -747.721690, 0.750000
2106.332927, -747.710148, 0.750000
2106.432259, -747.698588, 0.750000
2106.531589, -747.687010, 0.750000
2106.630917, -747.675415, 0.750000
2106.730243, -747.663802, 1.000000
2106.829567, -747.652172, 0.750000
2106.928889, -747.640525, 0.750000
2107.028210, -747.628861, 1.000000
2107.127528, -747.617181, 1.000000
2107.226845, -747.605485, 1.000000
2107.326160, -747.593772, 1.000000
2107.425474, -747.582044, 1.000000
2107.524785, -747.570299, 1.000000
2107.624095, -747.558540, 1.000000
2107.723403, -747.546765, 1.000000
2107.822710, -747.534975, 1.000000
2107.922015, -747.523170, 1.000000
2108.021318, -747.511351, 1.000000
2108.120620, -747.499517, 1.000000
2108.219920, -747.487668, 1.000000
2108.319219, -747.475806, 1.000000
2108.418516, -747.463930, 1.000000
2108.517812, -747.452040, 1.000000
2108.617106, -747.440137, 1.000000
2108.716399, -747.428221, 1.000000
2108.815690, -747.416291, 1.000000
2108.914980, -747.404349, 1.000000
2109.014269, -747.392394, 1.000000
2109.113556, -747.380427, 1.000000
2109.212842, -747.368447, 1.000000
2109.312126, -747.356455, 1.000000
2109.411410, -747.344451, 1.000000
2109.510692, -747.332436, 1.000000
2109.609972, -747.320409, 1.000000
2109.709252, -747.308371, 1.000000
2109.808530, -747.296321, 1.000000
2109.907807, -747.284261, 1.000000
2110.007083, -747.272190, 1.000000
2110.106357, -747.260108, 1.000000
2110.205631, -747.248016, 1.000000
2110.304903, -747.235914, 1.000000
2110.404174, -747.223801, 1.000000
2110.503445, -747.211679, 1.000000
2110.602714, -747.199547, 1.000000
2110.701982, -747.187406, 1.000000
2110.801249, -747.175255, 1.000000
2110.900515, -747.163095, 1.000000
2110.999780, -747.150927, 1.000000
2111.099044, -747.138749, 1.000000
2111.198308, -747.126563, 1.000000
2111.297570, -747.114368, 1.000000
2111.396831, -747.102165, 1.000000
2111.496092, -747.089954, 1.000000
2111.595351, -747.077735, 1.000000
2111.694610, -747.065508, 1.000000
2111.793868, -747.053274, 1.000000
2111.893125, -747.041032, 1.000000
2111.992381, -747.028783, 1.000000
2112.091637, -747.016526, 1.000000
2112.190892, -747.004263, 1.000000
2112.290146, -746.991993, 1.000000
2112.389399, -746.979717, 1.000000
2112.488652, -746.967434, 1.000000
2112.587903, -746.955145, 1.000000
2112.687155, -746.942849, 1.000000
2112.786405, -746.930548, 1.000000
2112.885655, -746.918241, 1.000000
2112.984905, -746.905928, 1.000000
2113.084153, -746.893609, 1.000000
2113.183401, -746.881286, 1.000000
2113.282649, -746.868957, 1.000000
2113.381896, -746.856623, 1.000000
2113.481142, -746.844284, 1.000000
2113.580388, -746.831941, 1.000000
2113.679634, -746.819592, 1.000000
2113.778879, -746.807240, 1.000000
2113.878123, -746.794883, 1.000000
2113.977367, -746.782522, 1.000000
2114.076611, -746.770157, 1.000000
2114.175854, -746.757788, 1.000000
2114.275097, -746.745416, 1.000000
2114.374339, -746.733040, 1.000000
2114.473581, -746.720660, 1.000000
2114.572823, -746.708277, 1.000000
2114.672064, -746.695891, 1.000000
2114.771305, -746.683503, 1.000000
2114.870546, -746.671111, 1.000000
2114.969786, -746.658717, 1.000000
2115.069026, -746.646320, 1.000000
2115.168266, -746.633920, 1.000000
2115.267506, -746.621518, 1.000000
2115.366745, -746.609115, 1.000000
2115.465984, -746.596709, 1.000000
2115.565223, -746.584301, 1.000000
2115.664462, -746.571891, 1.000000
2115.763700, -746.559480, 1.000000
2115.862939, -746.547068, 1.000000
2115.962177, -746.534654, 1.000000
2116.061415, -746.522238, 1.000000
2116.160653, -746.509822, 1.000000
2116.259891, -746.497405, 1.000000
2116.359129, -746.484987, 1.000000
2116.458366, -746.472568, 1.000000
2116.557604, -746.460148, 1.000000
2116.656842, -746.447728, 1.000000
2116.756079, -746.435308, 1.000000
2116.855317, -746.422888, 1.000000
2116.954554, -746.410467, 1.000000
2117.053792, -746.398046, 1.000000
2117.153029, -746.385626, 1.000000
2117.252267, -746.373206, 1.000000
2117.351504, -746.360786, 1.000000
2117.450742, -746.348367, 1.000000
2117.549980, -746.335948, 1.000000
2117.649218, -746.323530, 1.000000
2117.748456, -746.311113, 1.000000
2117.847694, -746.298697, 1.000000
2117.946932, -746.286282, 1.000000
2118.046170, -746.273868, 1.000000
2118.145408, -746.261455, 1.000000
2118.244647, -746.249044, 1.000000
2118.343885, -746.236634, 1.000000
2118.443124, -746.224226, 1.000000
2118.542363, -746.211820, 1.000000
2118.641603, -746.199415, 1.000000
2118.740842, -746.187013, 1.000000
2118.840082, -746.174612, 1.000000
2118.939322, -746.162214, 1.000000
2119.038562, -746.149818, 1.000000
2119.137803, -746.137424, 1.000000
2119.237043, -746.125033, 1.000000
2119.336284, -746.112644, 1.000000
2119.435526, -746.100258, 1.000000
2119.534767, -746.087875, 1.000000
2119.634009, -746.075495, 1.000000
2119.733251, -746.063118, 1.000000
2119.832494, -746.050743, 1.000000
2119.931737, -746.038372, 1.000000
2120.030980, -746.026004, 1.000000
2120.130224, -746.013640, 1.000000
2120.229468, -746.001279, 1.000000
2120.328712, -745.988922, 1.000000
2120.427957, -745.976568, 1.000000
2120.527202, -745.964218, 1.000000
2120.626448, -745.951872, 1.000000
2120.725694, -745.939530, 1.000000
2120.824941, -745.927191, 1.000000
2120.924188, -745.914857, 1.000000
2121.023435, -745.902527, 1.000000
2121.122683, -745.890202, 1.000000
2121.221931, -745.877880, 1.000000
2121.321180, -745.865563, 1.000000
2121.420430, -745.853251, 1.000000
2121.519680, -745.840944, 1.000000
2121.618930, -745.828641, 1.000000
2121.718181, -745.816342, 1.000000
2121.817432, -745.804049, 1.000000
2121.916684, -745.791761, 1.000000
2122.015937, -745.779478, 1.000000
2122.115190, -745.767200, 1.000000
2122.214444, -745.754927, 1.000000
2122.313698, -745.742659, 1.000000
2122.412953, -745.730397, 1.000000
2122.512208, -745.718140, 1.000000
2122.611464, -745.705888, 1.000000
2122.710721, -745.693643, 1.000000
2122.809978, -745.681403, 1.000000
2122.909236, -745.669168, 1.000000
2123.008495, -745.656940, 1.000000
2123.107754, -745.644717, 1.000000
2123.207014, -745.632500, 1.000000
2123.306274, -745.620290, 1.000000
2123.405536, -745.608085, 0.750000
2123.504798, -745.595887, 1.000000
2123.604060, -745.583694, 1.000000
2123.703323, -745.571508, 1.000000
2123.802587, -745.559329, 1.000000
2123.901852, -745.547156, 1.000000
2124.001117, -745.534989, 1.000000
2124.100383, -745.522829, 1.000000
2124.199650, -745.510676, 1.000000
2124.298918, -745.498529, 1.000000
2124.398186, -745.486390, 1.000000
2124.497455, -745.474257, 1.000000
2124.596725, -745.462130, 1.000000
2124.695995, -745.450011, 1.000000
2124.795267, -745.437899, 1.000000
2124.894539, -745.425794, 1.000000
2124.993812, -745.413696, 1.000000
2125.093085, -745.401605, 1.000000
2125.192360, -745.389522, 1.000000
2125.291635, -745.377445, 1.000000
2125.390911, -745.365376, 1.000000
2125.490188, -745.353315, 1.000000
2125.589466, -745.341261, 1.000000
2125.688744, -745.329215, 1.000000
2125.788023, -745.317176, 1.000000
2125.887304, -745.305144, 1.000000
2125.986585, -745.293121, 1.000000
2126.085866, -745.281105, 1.000000
2126.185149, -745.269097, 1.000000
2126.284433, -745.257097, 1.000000
2126.383717, -745.245104, 1.000000
2126.483003, -745.233120, 1.000000
2126.582289, -745.221144, 1.000000
2126.681576, -745.209175, 1.000000
2126.780864, -745.197215, 1.000000
2126.880153, -745.185263, 1.000000
2126.979442, -745.173319, 1.000000
2127.078733, -745.161383, 1.000000
2127.178025, -745.149455, 1.000000
2127.277317, -745.137536, 1.000000
2127.376610, -745.125625, 1.000000
2127.475905, -745.113723, 1.000000
2127.575200, -745.101829, 1.000000
2127.674496, -745.089943, 1.000000
2127.773793, -745.078066, 1.000000
2127.873091, -745.066197, 1.000000
2127.972390, -745.054337, 1.000000
2128.071690, -745.042486, 1.000000
2128.170991, -745.030643, 1.000000
2128.270293, -745.018809, 1.000000
2128.369595, -745.006984, 1.000000
2128.468899, -744.995167, 1.000000
2128.568204, -744.983359, 1.000000
2128.667509, -744.971561, 1.000000
2128.766816, -744.959771, 1.000000
2128.866124, -744.947989, 1.000000
2128.965432, -744.936217, 1.000000
2129.064742, -744.924454, 1.000000
2129.164052, -744.912700, 1.000000
2129.263364, -744.900955, 1.000000
2129.362676, -744.889218, 1.000000
2129.461990, -744.877491, 1.000000
2129.561304, -744.865773, 1.000000
2129.660620, -744.854064, 1.000000
2129.759937, -744.842365, 1.000000
2129.859254, -744.830674, 1.000000
2129.958573, -744.818993, 1.000000
2130.057892, -744.807321, 1.000000
2130.157213, -744.795658, 1.000000
2130.256534, -744.784005, 1.000000
2130.355857, -744.772361, 1.000000
2130.455181, -744.760726, 1.000000
2130.554505, -744.749100, 1.000000
2130.653831, -744.737484, 1.000000
2130.753158, -744.725878, 1.000000
2130.852485, -744.714280, 1.000000
2130.951814, -744.702693, 1.000000
2131.051144, -744.691114, 1.000000
2131.150475, -744.679545, 1.000000
2131.249807, -744.667986, 1.000000
2131.349140, -744.656436, 1.000000
2131.448474, -744.644896, 1.000000
2131.547809, -744.633365, 1.000000
2131.647145, -744.621844, 1.000000
2131.746482, -744.610332, 0.750000
2131.845820, -744.598830, 0.750000
2131.945159, -744.587337, 1.000000
2132.044500, -744.575854, 1.000000
2132.143841, -744.564381, 1.000000
2132.243183, -744.552918, 1.000000
2132.342527, -744.541464, 1.000000
2132.441871, -744.530019, 1.000000
2132.541217, -744.518585, 1.000000
2132.640564, -744.507160, 1.000000
2132.739911, -744.495744, 1.000000
2132.839260, -744.484339, 1.000000
2132.938610, -744.472943, 1.000000
2133.037961, -744.461557, 1.000000
2133.137313, -744.450180, 1.000000
2133.236666, -744.438813, 1.000000
2133.336020, -744.427456, 1.000000
2133.435375, -744.416109, 1.000000
2133.534731, -744.404771, 1.000000
2133.634088, -744.393444, 1.000000
2133.733447, -744.382126, 1.000000
2133.832806, -744.370817, 1.000000
2133.932167, -744.359519, 1.000000
2134.031528, -744.348230, 1.000000
2134.130891, -744.336951, 1.000000
2134.230255, -744.325681, 1.000000
2134.329619, -744.314422, 1.000000
2134.428985, -744.303172, 1.000000
2134.528352, -744.291932, 1.000000
2134.627720, -744.280701, 1.000000
2134.727089, -744.269481, 1.000000
2134.826459, -744.258270, 1.000000
2134.925830, -744.247068, 1.000000
2135.025202, -744.235877, 1.000000
2135.124576, -744.224695, 1.000000
2135.223950, -744.213523, 1.000000
2135.323326, -744.202361, 1.000000
2135.422702, -744.191208, 1.000000
2135.522080, -744.180065, 1.000000
2135.621458, -744.168932, 1.000000
2135.720838, -744.157808, 1.000000
2135.820219, -744.146695, 1.000000
2135.919600, -744.135590, 1.000000
2136.018983, -744.124496, 1.000000
2136.118367, -744.113411, 1.000000
2136.217752, -744.102336, 1.000000
2136.317138, -744.091270, 1.000000
2136.416525, -744.080214, 1.000000
2136.515913, -744.069167, 1.000000
2136.615302, -744.058131, 1.000000
2136.714693, -744.047103, 1.000000
2136.814084, -744.036085, 1.000000
2136.913476, -744.025077, 1.000000
2137.012870, -744.014079, 1.000000
2137.112264, -744.003089, 1.000000
2137.211659, -743.992110, 1.000000
2137.311056, -743.981139, 1.000000
2137.410453, -743.970179, 1.000000
2137.509852, -743.959227, 1.000000
2137.609252, -743.948286, 1.000000
2137.708652, -743.937353, 1.000000
2137.808054, -743.926430, 1.000000
2137.907457, -743.915516, 1.000000
2138.006860, -743.904612, 1.000000
2138.106265, -743.893717, 1.000000
2138.205671, -743.882831, 1.000000
2138.305077, -743.871955, 1.000000
2138.404485, -743.861087, 1.000000
2138.503894, -743.850230, 1.000000
2138.603304, -743.839381, 1.000000
2138.702715, -743.828541, 1.000000
2138.802126, -743.817711, 1.000000
2138.901539, -743.806890, 1.000000
2139.000953, -743.796078, 1.000000
2139.100368, -743.785275, 1.000000
2139.199784, -743.774481, 1.000000
2139.299200, -743.763696, 1.000000
2139.398618, -743.752920, 1.000000
2139.498037, -743.742153, 1.000000
2139.597457, -743.731395, 1.000000
2139.696877, -743.720646, 1.000000
2139.796299, -743.709906, 1.000000
2139.895722, -743.699175, 1.000000
2139.995146, -743.688453, 1.000000
2140.094570, -743.677739, 1.000000
2140.193996, -743.667034, 1.000000
2140.293422, -743.656338, 1.000000
2140.392850, -743.645651, 1.000000
2140.492278, -743.634972, 1.000000
2140.591708, -743.624302, 1.000000
2140.691138, -743.613641, 1.000000
2140.790569, -743.602988, 1.000000
2140.890001, -743.592344, 1.000000
2140.989435, -743.581709, 1.000000
2141.088869, -743.571081, 1.000000
2141.188304, -743.560463, 1.000000
2141.287740, -743.549852, 1.000000
2141.387176, -743.539251, 1.000000
2141.486614, -743.528657, 1.000000
2141.586053, -743.518072, 1.000000
2141.685492, -743.507495, 1.000000
2141.784933, -743.496926, 1.000000
2141.884374, -743.486366, 1.000000
2141.983817, -743.475813, 1.000000
2142.083260, -743.465269, 1.000000
2142.182704, -743.454733, 1.000000
2142.282149, -743.444205, 1.000000
2142.381595, -743.433684, 1.000000
2142.481041, -743.423172, 1.000000
2142.580489, -743.412668, 1.000000
2142.679937, -743.402171, 1.000000
2142.779386, -743.391683, 1.000000
2142.878837, -743.381202, 1.000000
2142.978288, -743.370729, 1.000000
2143.077739, -743.360264, 1.000000
2143.177192, -743.349806, 1.000000
2143.276645, -743.339356, 1.000000
2143.376100, -743.328913, 1.000000
2143.475555, -743.318478, 1.000000
2143.575011, -743.308051, 1.000000
2143.674468, -743.297631, 1.000000
2143.773925, -743.287218, 1.000000
2143.873384, -743.276813, 1.000000
2143.972843, -743.266415, 1.000000
2144.072303, -743.256024, 1.000000
2144.171764, -743.245640, 1.000000
2144.271225, -743.235264, 1.000000
2144.370688, -743.224895, 1.000000
2144.470151, -743.214532, 1.000000
2144.569615, -743.204177, 1.000000
2144.669079, -743.193829, 1.000000
2144.768545, -743.183487, 1.000000
2144.868011, -743.173153, 1.000000
2144.967478, -743.162825, 1.000000
2145.066945, -743.152504, 1.000000
2145.166414, -743.142190, 1.000000
2145.265883, -743.131882, 1.000000
2145.365353, -743.121581, 1.000000
2145.464823, -743.111286, 1.000000
2145.564294, -743.100998, 1.000000
2145.663766, -743.090717, 1.000000
2145.763239, -743.080442, 1.000000
2145.862712, -743.070173, 1.000000
2145.962186, -743.059910, 1.000000
2146.061661, -743.049654, 1.000000
2146.161136, -743.039403, 1.000000
2146.260612, -743.029159, 1.000000
2146.360089, -743.018921, 1.000000
2146.459567, -743.008689, 1.000000
2146.559045, -742.998463, 1.000000
2146.658523, -742.988243, 1.000000
2146.758003, -742.978028, 1.000000
2146.857483, -742.967819, 1.000000
2146.956963, -742.957616, 1.000000
2147.056444, -742.947419, 1.000000
2147.155926, -742.937227, 1.000000
2147.255409, -742.927041, 1.000000
2147.354892, -742.916860, 1.000000
2147.454375, -742.906685, 1.000000
2147.553859, -742.896515, 1.000000
2147.653344, -742.886350, 1.000000
2147.752829, -742.876191, 1.000000
2147.852315, -742.866036, 1.000000
2147.951802, -742.855887, 0.750000
2148.051289, -742.845743, 0.750000
2148.150776, -742.835604, 0.750000
2148.250264, -742.825470, 0.750000
2148.349753, -742.815340, 0.750000
2148.449242, -742.805215, 0.750000
2148.548732, -742.795096, 0.750000
2148.648222, -742.784980, 0.750000
2148.747713, -742.774870, 0.750000
2148.847204, -742.764763, 0.750000
2148.946696, -742.754662, 0.750000
2149.046188, -742.744565, 0.750000
2149.145680, -742.734472, 1.000000
2149.245174, -742.724383, 1.000000
2149.344667, -742.714299, 1.000000
2149.444161, -742.704218, 1.000000
2149.543656, -742.694142, 1.000000
2149.643151, -742.684070, 1.000000
2149.742646, -742.674001, 1.000000
2149.842142, -742.663937, 1.000000
2149.941638, -742.653876, 1.000000
2150.041134, -742.643819, 1.000000
2150.140631, -742.633766, 1.000000
2150.240129, -742.623717, 1.000000
2150.339626, -742.613670, 1.000000
2150.439125, -742.603628, 1.000000
2150.538623, -742.593589, 1.000000
2150.638122, -742.583553, 1.000000
2150.737621, -742.573520, 1.000000
2150.837121, -742.563490, 1.000000
2150.936621, -742.553464, 1.000000
2151.036121, -742.543440, 1.000000
2151.135622, -742.533420, 1.000000
2151.235122, -742.523402, 1.000000
2151.334624, -742.513388, 1.000000
2151.434125, -742.503376, 1.000000
2151.533627, -742.493366, 1.000000
2151.633129, -742.483360, 1.000000
2151.732631, -742.473355, 1.000000
2151.832134, -742.463354, 1.000000
2151.931637, -742.453354, 0.750000
2152.031140, -742.443357, 0.750000
2152.130643, -742.433362, 0.750000
2152.230147, -742.423370, 0.750000
2152.329651, -742.413379, 0.750000
2152.429155, -742.403390, 0.750000
2152.528659, -742.393404, 0.750000
2152.628164, -742.383419, 0.750000
2152.727668, -742.373436, 0.750000
2152.827173, -742.363454, 0.750000
2152.926678, -742.353474, 0.750000
2153.026184, -742.343496, 0.750000
2153.125689, -742.333520, 0.750000
2153.225194, -742.323544, 0.750000
2153.324700, -742.313570, 0.750000
2153.424206, -742.303597, 0.750000
2153.523712, -742.293626, 0.750000
2153.623218, -742.283655, 0.750000
2153.722724, -742.273686, 0.750000
2153.822230, -742.263717, 0.750000
2153.921737, -742.253749, 0.750000
2154.021243, -742.243782, 0.750000
2154.120750, -742.233816, 0.750000
2154.220256, -742.223850, 0.750000
2154.319763, -742.213885, 0.750000
2154.419269, -742.203920, 0.750000
2154.518776, -742.193956, 0.750000
2154.618283, -742.183991, 0.750000
2154.717790, -742.174028, 0.750000
2154.817296, -742.164064, 0.750000
2154.916803, -742.154100, 0.750000
2155.016310, -742.144136, 0.750000
2155.115817, -742.134172, 0.750000
2155.215324, -742.124208, 0.750000
2155.314830, -742.114244, 0.750000
2155.414337, -742.104279, 0.750000
2155.513844, -742.094314, 0.750000
2155.613350, -742.084348, 0.750000
2155.712857, -742.074382, 0.750000
2155.812363, -742.064415, 0.750000
2155.911869, -742.054447, 0.750000
2156.011376, -742.044478, 0.750000
2156.110882, -742.034508, 0.750000
2156.210388, -742.024538, 0.750000
2156.309894, -742.014566, 0.750000
2156.409400, -742.004593, 0.750000
2156.508905, -741.994618, 0.750000
2156.608411, -741.984643, 0.750000
2156.707916, -741.974665, 0.750000
2156.807421, -741.964687, 0.750000
2156.906926, -741.954706, 0.750000
2157.006431, -741.944724, 0.750000
2157.105936, -741.934741, 0.750000
2157.205440, -741.924755, 0.750000
2157.304944, -741.914767, 0.750000
2157.404448, -741.904777, 0.750000
2157.503952, -741.894785, 0.750000
2157.603455, -741.884791, 0.750000
2157.702958, -741.874795, 0.750000
2157.802461, -741.864796, 1.000000
2157.901964, -741.854795, 1.000000
2158.001466, -741.844791, 1.000000
2158.100969, -741.834784, 1.000000
2158.200470, -741.824775, 1.000000
2158.299972, -741.814762, 1.000000
2158.399473, -741.804747, 1.000000
2158.498974, -741.794729, 1.000000
2158.598474, -741.784708, 1.000000
2158.697974, -741.774683, 1.000000
2158.797474, -741.764656, 1.000000
2158.896974, -741.754625, 1.000000
2158.996473, -741.744590, 1.000000
2159.095971, -741.734552, 1.000000
2159.195469, -741.724510, 1.000000
2159.294967, -741.714465, 1.000000
2159.394465, -741.704415, 1.000000
2159.493962, -741.694362, 1.000000
2159.593458, -741.684305, 1.000000
2159.692954, -741.674243, 1.000000
2159.792450, -741.664178, 1.000000
2159.891945, -741.654108, 1.000000
2159.991440, -741.644034, 1.000000
2160.090934, -741.633955, 1.000000
2160.190428, -741.623872, 1.000000
2160.289921, -741.613784, 1.000000
2160.389414, -741.603692, 1.000000
2160.488906, -741.593595, 1.000000
2160.588397, -741.583492, 1.000000
2160.687888, -741.573385, 1.000000
2160.787379, -741.563273, 1.000000
2160.886869, -741.553155, 1.000000
2160.986358, -741.543032, 1.000000
2161.085847, -741.532904, 1.000000
2161.185335, -741.522771, 1.000000
2161.284823, -741.512631, 0.750000
2161.384310, -741.502487, 0.750000
2161.483796, -741.492336, 0.750000
2161.583282, -741.482180, 0.750000
2161.682767, -741.472017, 0.750000
2161.782251, -741.461849, 0.750000
2161.881735, -741.451675, 0.750000
2161.981218, -741.441494, 0.750000
2162.080700, -741.431307, 0.750000
2162.180182, -741.421114, 0.750000
2162.279663, -741.410914, 0.750000
2162.379143, -741.400708, 0.750000
2162.478622, -741.390495, 0.750000
2162.578101, -741.380275, 0.750000
2162.677579, -741.370049, 0.750000
2162.777056, -741.359815, 0.750000
2162.876533, -741.349574, 0.750000
2162.976009, -741.339327, 0.750000
2163.075483, -741.329072, 0.750000
2163.174957, -741.318809, 0.750000
2163.274431, -741.308540, 0.750000
2163.373903, -741.298262, 0.750000
2163.473375, -741.287978, 0.750000
2163.572846, -741.277685, 0.750000
2163.672315, -741.267385, 0.750000
2163.771784, -741.257077, 0.750000
2163.871253, -741.246760, 0.750000
2163.970720, -741.236436, 0.750000
2164.070186, -741.226104, 0.750000
2164.169652, -741.215763, 0.750000
2164.269116, -741.205414, 0.750000
2164.368580, -741.195056, 0.750000
2164.468043, -741.184690, 0.750000
2164.567504, -741.174316, 0.750000
2164.666965, -741.163932, 0.750000
2164.766425, -741.153540, 0.750000
2164.865884, -741.143138, 0.750000
2164.965342, -741.132728, 0.750000
2165.064799, -741.122309, 0.750000
2165.164254, -741.111880, 0.750000
2165.263709, -741.101442, 0.750000
2165.363163, -741.090995, 0.750000
2165.462616, -741.080538, 0.750000
2165.562067, -741.070071, 0.750000
2165.661518, -741.059595, 0.750000
2165.760968, -741.049109, 0.750000
2165.860416, -741.038613, 0.750000
2165.959863, -741.028108, 0.750000
2166.059310, -741.017592, 0.750000
2166.158755, -741.007065, 0.750000
2166.258199, -740.996529, 0.750000
2166.357642, -740.985982, 0.750000
2166.457084, -740.975425, 0.750000
2166.556524, -740.964857, 0.750000
2166.655964, -740.954279, 0.750000
2166.755402, -740.943690, 0.750000
2166.854839, -740.933089, 0.750000
2166.954275, -740.922478, 1.000000
2167.053709, -740.911856, 1.000000
2167.153143, -740.901223, 1.000000
2167.252575, -740.890579, 1.000000
2167.352006, -740.879923, 1.000000
2167.451436, -740.869256, 1.000000
2167.550864, -740.858577, 1.000000
2167.650291, -740.847887, 1.000000
2167.749717, -740.837184, 1.000000
2167.849142, -740.826471, 1.000000
2167.948565, -740.815745, 1.000000
2168.047987, -740.805007, 1.000000
2168.147407, -740.794257, 1.000000
2168.246827, -740.783495, 1.000000
2168.346245, -740.772720, 1.000000
2168.445661, -740.761933, 1.000000
2168.545076, -740.751134, 1.000000
2168.644490, -740.740322, 1.000000
2168.743903, -740.729498, 1.000000
2168.843314, -740.718660, 1.000000
2168.942723, -740.707810, 1.000000
2169.042132, -740.696947, 1.000000
2169.141538, -740.686070, 1.000000
2169.240944, -740.675181, 1.000000
2169.340348, -740.664278, 1.000000
2169.439750, -740.653362, 1.000000
2169.539151, -740.642432, 1.000000
2169.638550, -740.631489, 1.000000
2169.737948, -740.620532, 1.000000
2169.837345, -740.609562, 1.000000
2169.936740, -740.598578, 1.000000
2170.036133, -740.587579, 1.000000
2170.135525, -740.576567, 1.000000
2170.234915, -740.565540, 1.000000
2170.334304, -740.554500, 1.000000
2170.433691, -740.543445, 0.750000
2170.533077, -740.532375, 0.750000
2170.632461, -740.521291, 0.750000
2170.731843, -740.510193, 0.750000
2170.831224, -740.499079, 0.750000
2170.930603, -740.487951, 0.750000
2171.029981, -740.476808, 0.750000
2171.129357, -740.465650, 0.750000
2171.228731, -740.454477, 0.750000
2171.328103, -740.443289, 0.750000
2171.427474, -740.432085, 0.750000
2171.526843, -740.420866, 0.750000
2171.626211, -740.409632, 0.750000
2171.725577, -740.398382, 0.750000
2171.824941, -740.387116, 0.750000
2171.924303, -740.375835, 0.750000
2172.023664, -740.364538, 0.750000
2172.123023, -740.353224, 0.750000
2172.222380, -740.341895, 0.750000
2172.321735, -740.330550, 0.750000
2172.421089, -740.319188, 0.750000
2172.520441, -740.307810, 0.750000
2172.619791, -740.296415, 0.750000
2172.719139, -740.285004, 0.750000
2172.818485, -740.273577, 0.750000
2172.917830, -740.262133, 0.750000
2173.017172, -740.250671, 0.750000
2173.116513, -740.239193, 0.750000
2173.215852, -740.227698, 0.750000
2173.315189, -740.216186, 0.750000
2173.414524, -740.204657, 0.750000
2173.513858, -740.193110, 0.500000
2173.613189, -740.181546, 0.500000
2173.712519, -740.169965, 0.500000
2173.811846, -740.158366, 0.500000
2173.911172, -740.146749, 0.500000
2174.010495, -740.135115, 0.500000
2174.109817, -740.123463, 0.500000
2174.209137, -740.111792, 0.500000
2174.308455, -740.100104, 0.500000
2174.407770, -740.088398, 0.500000
2174.507084, -740.076673, 0.500000
2174.606396, -740.064930, 0.500000
2174.705706, -740.053169, 0.500000
2174.805014, -740.041389, 0.500000
2174.904319, -740.029591, 0.500000
2175.003623, -740.017773, 0.500000
2175.102925, -740.005938, 0.500000
2175.202224, -739.994083, 0.500000
2175.301521, -739.982209, 0.500000
2175.400817, -739.970316, 0.500000
2175.500110, -739.958404, 0.500000
2175.599401, -739.946473, 0.500000
2175.698690, -739.934522, 0.500000
2175.797977, -739.922552, 0.500000
2175.897262, -739.910563, 0.500000
2094.574429, -752.404847, 2.000000
2094.674177, -752.397078, 0.500000
2094.773918, -752.389258, 0.500000
2094.873654, -752.381386, 0.750000
2094.973385, -752.373464, 1.000000
2095.073110, -752.365491, 1.000000
2095.172830, -752.357469, 1.000000
2095.272544, -752.349397, 1.000000
2095.372252, -752.341276, 1.000000
2095.471956, -752.333106, 1.000000
2095.571654, -752.324888, 1.000000
2095.671347, -752.316622, 1.000000
2095.771035, -752.308309, 1.000000
2095.870717, -752.299948, 1.000000
2095.970395, -752.291541, 1.000000
2096.070067, -752.283088, 0.750000
2096.169734, -752.274589, 0.750000
2096.269397, -752.266044, 0.750000
2096.369054, -752.257454, 0.750000
2096.468706, -752.248820, 0.750000
2096.568354, -752.240141, 0.750000
2096.667997, -752.231419, 0.750000
2096.767635, -752.222653, 0.750000
2096.867268, -752.213844, 0.750000
2096.966897, -752.204992, 0.750000
2097.066521, -752.196098, 0.750000
2097.166140, -752.187162, 0.750000
2097.265755, -752.178184, 0.750000
2097.365366, -752.169165, 0.750000
2097.464972, -752.160105, 0.750000
2097.564573, -752.151005, 0.750000
2097.664170, -752.141864, 0.500000
2097.763763, -752.132684, 0.500000
2097.863351, -752.123465, 0.250000
2097.962935, -752.114206, 0.000000
2098.062515, -752.104909, 0.000000
2098.162091, -752.095574, 0.000000
2098.261662, -752.086201, 0.000000
2098.361230, -752.076790, 0.000000
2098.460793, -752.067342, 0.000000
2098.560352, -752.057857, 0.000000
2098.659908, -752.048336, 0.000000
2098.759459, -752.038779, 0.000000
2098.859006, -752.029186, 0.000000
2098.958550, -752.019557, 0.000000
2099.058090, -752.009894, 0.000000
2099.157625, -752.000195, 0.000000
2099.257158, -751.990463, 0.000000
2099.356686, -751.980696, 0.000000
2099.456211, -751.970896, 0.000000
2099.555732, -751.961062, 0.000000
2099.655249, -751.951196, 0.000000
2099.754763, -751.941296, 0.000000
2099.854273, -751.931365, 0.000000
2099.953780, -751.921401, 0.000000
2100.053284, -751.911406, 0.000000
2100.152783, -751.901379, 0.000000
2100.252280, -751.891321, 0.000000
2100.351773, -751.881233, 0.000000
2100.451263, -751.871114, 0.000000
2100.550749, -751.860966, 0.000000
2100.650233, -751.850787, 0.000000
2100.749713, -751.840580, 0.000000
2100.849190, -751.830343, 0.000000
2100.948663, -751.820077, 0.000000
2101.048134, -751.809783, 0.000000
2101.147601, -751.799461, 0.000000
2101.247066, -751.789111, 0.000000
2101.346527, -751.778734, 0.000000
2101.445986, -751.768329, 0.000000
2101.545441, -751.757898, 0.000000
2101.644894, -751.747440, 0.000000
2101.744344, -751.736955, 0.000000
2101.843791, -751.726445, 0.000000
2101.943235, -751.715909, 0.000000
2102.042676, -751.705348, 0.000000
2102.142115, -751.694762, 0.000000
2102.241550, -751.684151, 0.000000
2102.340984, -751.673515, 0.000000
2102.440414, -751.662856, 0.000000
2102.539842, -751.652172, 0.000000
2102.639267, -751.641465, 0.250000
2102.738690, -751.630735, 0.250000
2102.838110, -751.619981, 0.250000
2102.937528, -751.609205, 0.250000
2103.036943, -751.598406, 0.250000
2103.136356, -751.587586, 0.250000
2103.235767, -751.576743, 0.250000
2103.335175, -751.565879, 0.250000
2103.434581, -751.554994, 0.250000
2103.533984, -751.544087, 0.250000
2103.633385, -751.533160, 0.250000
2103.732784, -751.522212, 0.250000
2103.832181, -751.511244, 0.500000
2103.931575, -751.500256, 0.500000
2104.030968, -751.489249, 0.500000
2104.130358, -751.478222, 0.500000
2104.229746, -751.467176, 1.000000
2104.329132, -751.456111, 1.000000
2104.428516, -751.445027, 1.000000
2104.527898, -751.433926, 1.000000
2104.627279, -751.422806, 1.000000
2104.726657, -751.411668, 1.000000
2104.826033, -751.400513, 1.000000
2104.925407, -751.389340, 1.000000
2105.024780, -751.378151, 1.000000
2105.124150, -751.366944, 1.000000
2105.223519, -751.355721, 1.000000
2105.322886, -751.344482, 1.000000
2105.422251, -751.333227, 1.000000
2105.521615, -751.321956, 1.000000
2105.620976, -751.310669, 0.750000
2105.720337, -751.299367, 0.750000
2105.819695, -751.288050, 0.750000
2105.919052, -751.276718, 0.750000
2106.018407, -751.265372, 0.750000
2106.117761, -751.254011, 0.750000
2106.217113, -751.242636, 0.750000
2106.316464, -751.231248, 0.750000
2106.415813, -751.219846, 0.750000
2106.515160, -751.208430, 0.750000
2106.614507, -751.197001, 0.750000
2106.713851, -751.185559, 0.750000
2106.813195, -751.174105, 0.750000
2106.912537, -751.162638, 0.500000
2107.011878, -751.151159, 0.500000
2107.111217, -751.139668, 0.500000
2107.210555, -751.128165, 0.000000
2107.309892, -751.116650, 0.000000
2107.409227, -751.105124, 0.000000
2107.508562, -751.093587, 0.000000
2107.607895, -751.082039, 0.000000
2107.707227, -751.070481, 0.000000
2107.806558, -751.058912, 0.000000
2107.905887, -751.047332, 0.000000
2108.005216, -751.035743, 0.000000
2108.104544, -751.024144, 0.000000
2108.203870, -751.012535, 0.000000
2108.303196, -751.000916, 0.000000
2108.402520, -750.989289, 0.000000
2108.501843, -750.977652, 0.000000
2108.601166, -750.966007, 0.000000
2108.700487, -750.954353, 0.000000
2108.799808, -750.942691, 0.000000
2108.899128, -750.931020, 0.000000
2108.998447, -750.919342, 0.000000
2109.097765, -750.907655, 0.000000
2109.197082, -750.895961, 0.000000
2109.296398, -750.884260, 0.000000
2109.395714, -750.872551, 0.000000
2109.495028, -750.860836, 0.000000
2109.594342, -750.849113, 0.000000
2109.693656, -750.837384, 0.000000
2109.792968, -750.825649, 0.000000
2109.892280, -750.813907, 0.000000
2109.991591, -750.802159, 0.000000
2110.090902, -750.790405, 0.000000
2110.190212, -750.778646, 0.000000
2110.289521, -750.766881, 0.000000
2110.388830, -750.755110, 0.000000
2110.488138, -750.743335, 0.000000
2110.587446, -750.731554, 0.000000
2110.686753, -750.719769, 0.000000
2110.786060, -750.707979, 0.000000
2110.885366, -750.696184, 0.000000
2110.984672, -750.684385, 0.000000
2111.083977, -750.672582, 0.000000
2111.183282, -750.660775, 0.000000
2111.282586, -750.648965, 0.000000
2111.381890, -750.637151, 0.000000
2111.481193, -750.625333, 0.000000
2111.580497, -750.613512, 0.250000
2111.679800, -750.601688, 0.250000
2111.779102, -750.589861, 0.250000
2111.878404, -750.578031, 0.250000
2111.977706, -750.566198, 0.250000
2112.077008, -750.554363, 0.250000
2112.176310, -750.542526, 0.250000
2112.275611, -750.530687, 0.250000
2112.374912, -750.518845, 0.250000
2112.474212, -750.507002, 0.250000
2112.573513, -750.495157, 0.500000
2112.672814, -750.483310, 0.500000
2112.772114, -750.471462, 0.500000
2112.871414, -750.459613, 0.500000
2112.970714, -750.447763, 0.500000
2113.070014, -750.435911, 0.500000
2113.169314, -750.424059, 0.500000
2113.268613, -750.412207, 0.500000
2113.367913, -750.400353, 0.500000
2113.467213, -750.388500, 0.750000
2113.566512, -750.376646, 0.750000
2113.665812, -750.364792, 1.000000
2113.765112, -750.352938, 1.000000
2113.864411, -750.341084, 1.000000
2113.963711, -750.329231, 1.000000
2114.063011, -750.317378, 1.000000
2114.162310, -750.305526, 1.000000
2114.261610, -750.293674, 1.000000
2114.360910, -750.281823, 1.000000
2114.460210, -750.269973, 0.750000
2114.559511, -750.258125, 0.750000
2114.658811, -750.246277, 0.750000
2114.758111, -750.234431, 0.750000
2114.857412, -750.222587, 0.750000
2114.956713, -750.210744, 0.750000
2115.056014, -750.198902, 0.750000
2115.155315, -750.187063, 0.750000
2115.254616, -750.175225, 0.750000
2115.353918, -750.163390, 0.750000
2115.453220, -750.151557, 0.750000
2115.552522, -750.139726, 0.750000
2115.651825, -750.127898, 0.750000
2115.751127, -750.116072, 0.750000
2115.850430, -750.104249, 0.500000
2115.949734, -750.092429, 0.500000
2116.049037, -750.080611, 0.500000
2116.148341, -750.068797, 0.500000
2116.247646, -750.056986, 0.500000
2116.346950, -750.045178, 0.500000
2116.446255, -750.033373, 0.500000
2116.545561, -750.021572, 0.500000
2116.644866, -750.009774, 0.500000
2116.744173, -749.997980, 0.500000
2116.843479, -749.986190, 0.500000
2116.942786, -749.974404, 0.500000
2117.042094, -749.962621, 0.000000
2117.141402, -749.950843, 0.000000
2117.240710, -749.939069, 0.000000
2117.340019, -749.927299, 0.000000
2117.439328, -749.915533, 0.000000
2117.538638, -749.903772, 0.000000
2117.637948, -749.892015, 0.000000
2117.737259, -749.880264, 0.000000
2117.836570, -749.868516, 0.000000
2117.935882, -749.856774, 0.000000
2118.035194, -749.845037, 0.000000
2118.134507, -749.833304, 0.000000
2118.233821, -749.821577, 0.000000
2118.333135, -749.809855, 0.000000
2118.432450, -749.798138, 0.000000
2118.531765, -749.786426, 0.000000
2118.631081, -749.774720, 0.000000
2118.730397, -749.763019, 0.000000
2118.829714, -749.751324, 0.000000
2118.929032, -749.739635, 0.000000
2119.028350, -749.727952, 0.000000
2119.127669, -749.716274, 0.000000
2119.226989, -749.704602, 0.000000
2119.326309, -749.692936, 0.000000
2119.425630, -749.681276, 0.000000
2119.524951, -749.669623, 0.000000
2119.624274, -749.657975, 0.000000
2119.723596, -749.646334, 0.000000
2119.822920, -749.634700, 0.000000
2119.922244, -749.623071, 0.250000
2120.021570, -749.611449, 0.250000
2120.120895, -749.599834, 0.250000
2120.220222, -749.588226, 0.250000
2120.319549, -749.576624, 0.250000
2120.418877, -749.565029, 0.250000
2120.518206, -749.553440, 0.250000
2120.617535, -749.541859, 0.250000
2120.716866, -749.530285, 0.250000
2120.816197, -749.518717, 0.250000
2120.915528, -749.507157, 0.250000
2121.014861, -749.495604, 0.250000
2121.114194, -749.484058, 0.250000
2121.213528, -749.472519, 0.250000
2121.312863, -749.460988, 0.250000
2121.412199, -749.449464, 0.250000
2121.511536, -749.437947, 0.250000
2121.610873, -749.426438, 0.250000
2121.710211, -749.414936, 0.500000
2121.809551, -749.403442, 0.500000
2121.908890, -749.391956, 0.500000
2122.008231, -749.380477, 0.500000
2122.107573, -749.369007, 0.500000
2122.206915, -749.357543, 0.500000
2122.306259, -749.346088, 0.500000
2122.405603, -749.334641, 0.500000
2122.504948, -749.323201, 0.500000
2122.604294, -749.311770, 0.500000
2122.703641, -749.300346, 0.500000
2122.802988, -749.288931, 0.750000
2122.902337, -749.277524, 0.750000
2123.001686, -749.266125, 0.500000
2123.101037, -749.254734, 0.500000
2123.200388, -749.243351, 0.500000
2123.299740, -749.231977, 0.500000
2123.399093, -749.220610, 0.500000
2123.498447, -749.209253, 0.500000
2123.597802, -749.197903, 0.500000
2123.697158, -749.186562, 0.500000
2123.796515, -749.175230, 0.500000
2123.895872, -749.163905, 0.750000
2123.995231, -749.152590, 0.750000
2124.094591, -749.141283, 0.750000
2124.193951, -749.129984, 0.750000
2124.293312, -749.118694, 0.750000
2124.392675, -749.107413, 0.750000
2124.492038, -749.096141, 0.750000
2124.591403, -749.084877, 0.750000
2124.690768, -749.073622, 0.750000
2124.790134, -749.062375, 0.750000
2124.889501, -749.051137, 0.750000
2124.988869, -749.039909, 0.750000
2125.088238, -749.028688, 0.500000
2125.187608, -749.017477, 0.500000
2125.286979, -749.006275, 0.500000
2125.386351, -748.995081, 0.500000
2125.485724, -748.983897, 0.500000
2125.585098, -748.972721, 0.500000
2125.684473, -748.961554, 0.500000
2125.783849, -748.950396, 0.500000
2125.883226, -748.939248, 0.500000
2125.982604, -748.928108, 0.500000
2126.081983, -748.916977, 0.250000
2126.181363, -748.905855, 0.250000
2126.280744, -748.894742, 0.000000
2126.380125, -748.883638, 0.000000
2126.479508, -748.872544, 0.000000
2126.578892, -748.861458, 0.000000
2126.678277, -748.850381, 0.000000
2126.777663, -748.839314, 0.000000
2126.877050, -748.828255, 0.000000
2126.976437, -748.817206, 0.000000
2127.075826, -748.806166, 0.000000
2127.175216, -748.795135, 0.000000
2127.274607, -748.784113, 0.000000
2127.373999, -748.773100, 0.000000
2127.473391, -748.762096, 0.000000
2127.572785, -748.751101, 0.000000
2127.672180, -748.740116, 0.000000
2127.771576, -748.729139, 0.000000
2127.870973, -748.718172, 0.000000
2127.970370, -748.707214, 0.000000
2128.069769, -748.696265, 0.000000
2128.169169, -748.685325, 0.000000
2128.268570, -748.674394, 0.000000
2128.367972, -748.663473, 0.000000
2128.467374, -748.652560, 0.000000
2128.566778, -748.641657, 0.000000
2128.666183, -748.630763, 0.000000
2128.765589, -748.619878, 0.000000
2128.864996, -748.609002, 0.000000
2128.964403, -748.598135, 0.000000
2129.063812, -748.587277, 0.000000
2129.163222, -748.576428, 0.250000
2129.262633, -748.565588, 0.250000
2129.362045, -748.554758, 0.250000
2129.461457, -748.543936, 0.250000
2129.560871, -748.533124, 0.250000
2129.660286, -748.522320, 0.250000
2129.759702, -748.511526, 0.250000
2129.859118, -748.500740, 0.250000
2129.958536, -748.489964, 0.250000
2130.057955, -748.479196, 0.250000
2130.157374, -748.468437, 0.250000
2130.256795, -748.457688, 0.250000
2130.356217, -748.446947, 0.250000
2130.455639, -748.436215, 0.250000
2130.555063, -748.425492, 0.250000
2130.654487, -748.414778, 0.250000
2130.753913, -748.404073, 0.250000
2130.853339, -748.393377, 0.250000
2130.952767, -748.382689, 0.250000
2131.052195, -748.372010, 0.500000
2131.151625, -748.361340, 0.500000
2131.251055, -748.350679, 0.500000
2131.350486, -748.340026, 0.250000
2131.449919, -748.329382, 0.250000
2131.549352, -748.318747, 0.250000
2131.648786, -748.308121, 0.250000
2131.748221, -748.297503, 0.250000
2131.847657, -748.286893, 0.500000
2131.947094, -748.276293, 0.500000
2132.046532, -748.265701, 0.500000
2132.145971, -748.255117, 0.500000
2132.245411, -748.244542, 0.500000
2132.344851, -748.233975, 0.750000
2132.444293, -748.223416, 0.750000
2132.543735, -748.212866, 0.750000
2132.643179, -748.202325, 0.750000
2132.742623, -748.191792, 0.750000
2132.842069, -748.181267, 0.750000
2132.941515, -748.170750, 0.750000
2133.040962, -748.160241, 0.750000
2133.140410, -748.149741, 0.750000
2133.239859, -748.139249, 0.750000
2133.339308, -748.128765, 0.750000
2133.438759, -748.118289, 0.750000
2133.538211, -748.107821, 0.750000
2133.637663, -748.097362, 0.750000
2133.737116, -748.086910, 0.750000
2133.836571, -748.076466, 0.500000
2133.936026, -748.066030, 0.500000
2134.035481, -748.055602, 0.500000
2134.134938, -748.045181, 0.500000
2134.234396, -748.034769, 0.500000
2134.333854, -748.024364, 0.500000
2134.433314, -748.013967, 0.250000
2134.532774, -748.003577, 0.250000
2134.632235, -747.993196, 0.250000
2134.731696, -747.982821, 0.250000
2134.831159, -747.972455, 0.000000
2134.930623, -747.962095, 0.000000
2135.030087, -747.951744, 0.000000
2135.129552, -747.941399, 0.000000
2135.229018, -747.931062, 0.000000
2135.328484, -747.920732, 0.000000
2135.427952, -747.910410, 0.000000
2135.527420, -747.900095, 0.000000
2135.626889, -747.889787, 0.000000
2135.726359, -747.879486, 0.000000
2135.825830, -747.869192, 0.000000
2135.925301, -747.858905, 0.000000
2136.024773, -747.848625, 0.000000
2136.124246, -747.838352, 0.000000
2136.223720, -747.828085, 0.000000
2136.323194, -747.817826, 0.000000
2136.422669, -747.807573, 0.000000
2136.522145, -747.797328, 0.000000
2136.621622, -747.787088, 0.000000
2136.721099, -747.776856, 0.000000
2136.820577, -747.766630, 0.000000
2136.920056, -747.756410, 0.000000
2137.019535, -747.746197, 0.000000
2137.119015, -747.735990, 0.000000
2137.218496, -747.725790, 0.000000
2137.317978, -747.715595, 0.000000
2137.417460, -747.705408, 0.000000
2137.516943, -747.695226, 0.000000
2137.616426, -747.685050, 0.000000
2137.715911, -747.674880, 0.000000
2137.815396, -747.664717, 0.000000
2137.914881, -747.654559, 0.000000
2138.014367, -747.644407, 0.000000
2138.113854, -747.634261, 0.000000
2138.213342, -747.624121, 0.000000
2138.312830, -747.613986, 0.000000
2138.412318, -747.603857, 0.000000
2138.511808, -747.593734, 0.000000
2138.611297, -747.583616, 0.000000
2138.710788, -747.573504, 0.000000
2138.810279, -747.563397, 0.000000
2138.909771, -747.553295, 0.000000
2139.009263, -747.543198, 0.000000
2139.108756, -747.533107, 0.000000
2139.208249, -747.523021, 0.250000
2139.307743, -747.512940, 0.250000
2139.407238, -747.502864, 0.500000
2139.506733, -747.492793, 0.500000
2139.606228, -747.482726, 0.500000
2139.705724, -747.472665, 0.500000
2139.805221, -747.462608, 0.500000
2139.904718, -747.452556, 0.500000
2140.004216, -747.442509, 0.750000
2140.103714, -747.432466, 0.750000
2140.203212, -747.422427, 0.750000
2140.302711, -747.412393, 0.750000
2140.402211, -747.402364, 1.000000
2140.501711, -747.392338, 1.000000
2140.601211, -747.382317, 1.000000
2140.700712, -747.372300, 1.000000
2140.800214, -747.362287, 1.000000
2140.899716, -747.352278, 1.000000
2140.999218, -747.342273, 1.000000
2141.098721, -747.332271, 1.000000
2141.198224, -747.322274, 1.000000
2141.297727, -747.312280, 1.000000
2141.397231, -747.302290, 1.000000
2141.496735, -747.292303, 1.000000
2141.596240, -747.282320, 1.000000
2141.695745, -747.272340, 1.000000
2141.795250, -747.262364, 0.750000
2141.894756, -747.252391, 0.750000
2141.994262, -747.242421, 0.750000
2142.093769, -747.232454, 0.750000
2142.193276, -747.222491, 0.750000
2142.292783, -747.212530, 0.750000
2142.392290, -747.202572, 0.750000
2142.491798, -747.192617, 0.750000
2142.591306, -747.182665, 0.750000
2142.690814, -747.172715, 0.750000
2142.790323, -747.162768, 0.750000
2142.889832, -747.152824, 0.750000
2142.989341, -747.142882, 0.750000
2143.088850, -747.132942, 0.750000
2143.188360, -747.123004, 0.500000
2143.287870, -747.113069, 0.500000
2143.387380, -747.103136, 0.500000
2143.486891, -747.093205, 0.500000
2143.586401, -747.083276, 0.250000
2143.685912, -747.073349, 0.250000
2143.785423, -747.063424, 0.250000
2143.884934, -747.053500, 0.250000
2143.984446, -747.043578, 0.250000
2144.083957, -747.033658, 0.000000
2144.183469, -747.023739, 0.000000
2144.282981, -747.013822, 0.000000
2144.382493, -747.003906, 0.000000
2144.482005, -746.993991, 0.000000
2144.581517, -746.984078, 0.000000
2144.681030, -746.974165, 0.000000
2144.780542, -746.964254, 0.000000
2144.880055, -746.954343, 0.000000
2144.979568, -746.944433, 0.000000
2145.079080, -746.934525, 0.000000
2145.178593, -746.924616, 0.000000
2145.278106, -746.914709, 0.000000
2145.377619, -746.904802, 0.000000
2145.477132, -746.894895, 0.000000
2145.576645, -746.884989, 0.000000
2145.676159, -746.875083, 0.000000
2145.775672, -746.865178, 0.000000
2145.875185, -746.855272, 0.000000
2145.974698, -746.845366, 0.000000
2146.074211, -746.835461, 0.000000
2146.173724, -746.825555, 0.000000
2146.273237, -746.815649, 0.000000
2146.372751, -746.805743, 0.000000
2146.472264, -746.795836, 0.000000
2146.571777, -746.785929, 0.000000
2146.671290, -746.776022, 0.000000
2146.770802, -746.766113, 0.000000
2146.870315, -746.756204, 0.000000
2146.969828, -746.746295, 0.000000
2147.069341, -746.736384, 0.000000
2147.168853, -746.726472, 0.000000
2147.268365, -746.716559, 0.000000
2147.367878, -746.706646, 0.000000
2147.467390, -746.696730, 0.000000
2147.566902, -746.686814, 0.000000
2147.666414, -746.676896, 0.000000
2147.765925, -746.666977, 0.000000
2147.865437, -746.657056, 0.000000
2147.964948, -746.647133, 0.000000
2148.064459, -746.637209, 0.250000
2148.163970, -746.627283, 0.250000
2148.263481, -746.617355, 0.500000
2148.362991, -746.607425, 0.500000
2148.462502, -746.597493, 0.500000
2148.562012, -746.587558, 0.500000
2148.661521, -746.577622, 0.500000
2148.761031, -746.567683, 0.500000
2148.860540, -746.557741, 0.500000
2148.960049, -746.547797, 0.750000
2149.059558, -746.537851, 0.500000
2149.159066, -746.527902, 0.500000
2149.258574, -746.517950, 0.500000
2149.358082, -746.507995, 0.500000
2149.457589, -746.498037, 0.500000
2149.557096, -746.488076, 0.500000
2149.656603, -746.478112, 0.500000
2149.756110, -746.468144, 0.500000
2149.855616, -746.458174, 0.750000
2149.955121, -746.448200, 0.750000
2150.054627, -746.438222, 0.750000
2150.154132, -746.428241, 0.750000
2150.253636, -746.418256, 0.750000
2150.353140, -746.408268, 0.750000
2150.452644, -746.398275, 0.750000
2150.552147, -746.388279, 0.750000
2150.651650, -746.378278, 0.750000
2150.751152, -746.368274, 0.750000
2150.850654, -746.358265, 0.750000
2150.950155, -746.348252, 0.750000
2151.049656, -746.338235, 0.750000
2151.149157, -746.328213, 0.500000
2151.248657, -746.318187, 0.500000
2151.348156, -746.308156, 0.500000
2151.447655, -746.298120, 0.750000
2151.547153, -746.288079, 0.750000
2151.646651, -746.278034, 0.750000
2151.746148, -746.267983, 0.750000
2151.845645, -746.257928, 0.750000
2151.945141, -746.247867, 0.500000
2152.044637, -746.237801, 0.500000
2152.144132, -746.227730, 0.500000
2152.243626, -746.217653, 0.500000
2152.343120, -746.207571, 0.500000
2152.442613, -746.197483, 0.500000
2152.542106, -746.187389, 0.500000
2152.641598, -746.177290, 0.500000
2152.741089, -746.167185, 0.500000
2152.840580, -746.157073, 0.250000
2152.940070, -746.146956, 0.250000
2153.039559, -746.136833, 0.250000
2153.139048, -746.126703, 0.250000
2153.238535, -746.116567, 0.250000
2153.338023, -746.106424, 0.250000
2153.437509, -746.096275, 0.250000
2153.536995, -746.086120, 0.250000
2153.636480, -746.075958, 0.250000
2153.735964, -746.065789, 0.250000
2153.835448, -746.055613, 0.250000
2153.934931, -746.045430, 0.250000
2154.034413, -746.035241, 0.250000
2154.133894, -746.025044, 0.250000
2154.233374, -746.014840, 0.250000
2154.332854, -746.004628, 0.250000
2154.432333, -745.994410, 0.250000
2154.531811, -745.984184, 0.250000
2154.631288, -745.973950, 0.250000
2154.730764, -745.963708, 0.250000
2154.830240, -745.953459, 0.250000
2154.929715, -745.943203, 0.250000
2155.029188, -745.932938, 0.000000
2155.128661, -745.922665, 0.000000
2155.228133, -745.912384, 0.000000
2155.327605, -745.902095, 0.000000
2155.427075, -745.891798, 0.000000
2155.526544, -745.881492, 0.000000
2155.626013, -745.871179, 0.000000
2155.725480, -745.860856, 0.000000
2155.824947, -745.850525, 0.000000
2155.924412, -745.840185, 0.000000
2156.023877, -745.829837, 0.000000
2156.123340, -745.819480, 0.000000
2156.222803, -745.809113, 0.000000
2156.322265, -745.798738, 0.000000
2156.421726, -745.788354, 0.000000
2156.521185, -745.777960, 0.000000
2156.620644, -745.767558, 0.000000
2156.720102, -745.757145, 0.000000
2156.819558, -745.746724, 0.000000
2156.919014, -745.736293, 0.250000
2157.018468, -745.725852, 0.250000
2157.117922, -745.715402, 0.250000
2157.217374, -745.704942, 0.250000
2157.316825, -745.694472, 0.250000
2157.416276, -745.683992, 0.500000
2157.515725, -745.673502, 0.500000
2157.615173, -745.663002, 0.500000
2157.714620, -745.652492, 0.500000
2157.814065, -745.641971, 0.500000
2157.913510, -745.631440, 0.500000
2158.012954, -745.620899, 0.750000
2158.112396, -745.610347, 0.750000
2158.211837, -745.599785, 0.750000
2158.311277, -745.589212, 0.750000
2158.410716, -745.578628, 0.750000
2158.510154, -745.568034, 0.750000
2158.609590, -745.557428, 0.750000
2158.709025, -745.546811, 1.000000
2158.808459, -745.536184, 1.000000
2158.907892, -745.525545, 1.000000
2159.007324, -745.514895, 1.000000
2159.106754, -745.504234, 1.000000
2159.206183, -745.493561, 1.000000
2159.305611, -745.482877, 1.000000
2159.405037, -745.472181, 0.750000
2159.504463, -745.461473, 0.750000
2159.603887, -745.450754, 0.750000
2159.703309, -745.440023, 0.750000
2159.802731, -745.429280, 0.750000
2159.902151, -745.418526, 0.750000
2160.001570, -745.407759, 0.750000
2160.100987, -745.396980, 0.750000
2160.200403, -745.386189, 0.750000
2160.299818, -745.375386, 0.500000
2160.399231, -745.364570, 0.500000
2160.498644, -745.353742, 0.500000
2160.598054, -745.342901, 0.500000
2160.697464, -745.332048, 0.500000
2160.796871, -745.321182, 0.250000
2160.896278, -745.310304, 0.250000
2160.995683, -745.299412, 0.250000
2161.095087, -745.288508, 0.250000
2161.194489, -745.277591, 0.250000
2161.293890, -745.266661, 0.250000
2161.393289, -745.255718, 0.250000
2161.492687, -745.244762, 0.250000
2161.592084, -745.233792, 0.250000
2161.691479, -745.222809, 0.250000
2161.790873, -745.211813, 0.000000
2161.890265, -745.200803, 0.000000
2161.989656, -745.189780, 0.000000
2162.089045, -745.178743, 0.000000
2162.188432, -745.167693, 0.000000
2162.287819, -745.156629, 0.000000
2162.387203, -745.145550, 0.000000
2162.486586, -745.134459, 0.000000
2162.585968, -745.123353, 0.000000
2162.685348, -745.112233, 0.000000
2162.784727, -745.101099, 0.000000
2162.884104, -745.089951, 0.000000
2162.983479, -745.078789, 0.000000
2163.082853, -745.067612, 0.000000
2163.182225, -745.056421, 0.000000
2163.281596, -745.045216, 0.000000
2163.380965, -745.033996, 0.000000
2163.480332, -745.022762, 0.000000
2163.579698, -745.011512, 0.000000
2163.679063, -745.000249, 0.000000
2163.778425, -744.988970, 0.000000
2163.877786, -744.977677, 0.000000
2163.977146, -744.966369, 0.000000
2164.076504, -744.955046, 0.000000
2164.175860, -744.943708, 0.000000
2164.275214, -744.932354, 0.000000
2164.374567, -744.920986, 0.000000
2164.473918, -744.909603, 0.250000
2164.573268, -744.898204, 0.250000
2164.672616, -744.886790, 0.250000
2164.771962, -744.875360, 0.250000
2164.871306, -744.863915, 0.250000
2164.970649, -744.852455, 0.250000
2165.069990, -744.840979, 0.250000
2165.169329, -744.829487, 0.250000
2165.268667, -744.817980, 0.250000
2165.368003, -744.806457, 0.250000
2165.467337, -744.794918, 0.500000
2165.566669, -744.783363, 0.500000
2165.666000, -744.771792, 0.500000
2165.765329, -744.760206, 0.500000
2165.864656, -744.748603, 0.500000
2165.963982, -744.736984, 0.500000
2166.063305, -744.725349, 0.500000
2166.162627, -744.713698, 0.500000
2166.261947, -744.702031, 0.500000
2166.361265, -744.690347, 0.500000
2166.460582, -744.678647, 0.500000
2166.559897, -744.666931, 0.500000
2166.659209, -744.655198, 0.250000
2166.758521, -744.643448, 0.250000
2166.857830, -744.631682, 0.250000
2166.957137, -744.619899, 0.250000
2167.056443, -744.608100, 0.500000
2167.155747, -744.596284, 0.500000
2167.255049, -744.584451, 0.500000
2167.354349, -744.572601, 0.500000
2167.453647, -744.560735, 0.500000
2167.552943, -744.548851, 0.500000
2167.652238, -744.536951, 0.750000
2167.751530, -744.525033, 0.750000
2167.850821, -744.513099, 0.750000
2167.950110, -744.501147, 0.750000
2168.049397, -744.489178, 0.750000
2168.148682, -744.477192, 0.750000
2168.247965, -744.465189, 0.750000
2168.347247, -744.453168, 0.750000
2168.446526, -744.441130, 0.500000
2168.545804, -744.429075, 0.500000
2168.645079, -744.417002, 0.500000
2168.744353, -744.404912, 0.500000
2168.843625, -744.392804, 0.500000
2168.942895, -744.380679, 0.500000
2169.042163, -744.368536, 0.500000
2169.141429, -744.356375, 0.500000
2169.240693, -744.344197, 0.500000
2169.339955, -744.332001, 0.500000
2169.439215, -744.319787, 0.500000
2169.538473, -744.307556, 0.750000
2169.637730, -744.295306, 0.750000
2169.736984, -744.283039, 0.750000
2169.836236, -744.270754, 0.750000
2169.935487, -744.258451, 0.750000
2170.034735, -744.246130, 0.750000
2170.133982, -744.233791, 0.750000
2170.233226, -744.221434, 0.750000
2170.332469, -744.209058, 0.500000
2170.431709, -744.196665, 0.500000
2170.530948, -744.184254, 0.500000
2170.630184, -744.171824, 0.500000
2170.729419, -744.159376, 0.500000
2170.828651, -744.146910, 0.250000
2170.927882, -744.134426, 0.250000
2171.027110, -744.121923, 0.250000
2171.126337, -744.109402, 0.250000
2171.225561, -744.096863, 0.250000
2171.324784, -744.084305, 0.250000
2171.424004, -744.071729, 0.250000
2171.523223, -744.059134, 0.250000
2171.622439, -744.046521, 0.250000
2171.721653, -744.033890, 0.250000
2171.820866, -744.021240, 0.250000
2171.920076, -744.008571, 0.250000
2172.019284, -743.995884, 0.250000
2172.118491, -743.983179, 0.250000
2172.217695, -743.970454, 0.250000
2172.316897, -743.957711, 0.250000
2172.416097, -743.944950, 0.250000
2172.515295, -743.932169, 0.250000
2172.614491, -743.919371, 0.250000
2172.713685, -743.906553, 0.000000
2172.812877, -743.893717, 0.000000
2172.912067, -743.880861, 0.000000
2173.011255, -743.867988, 0.000000
2173.110441, -743.855095, 0.000000
2173.209624, -743.842184, 0.000000
2173.308806, -743.829253, 0.000000
2173.407986, -743.816304, 0.000000
2173.507163, -743.803337, 0.000000
2173.606339, -743.790350, 0.000000
2173.705512, -743.777344, 0.000000
2173.804683, -743.764320, 0.000000
2173.903853, -743.751277, 0.000000
2174.003020, -743.738214, 0.000000
2174.102185, -743.725133, 0.000000
2174.201348, -743.712033, 0.000000
2174.300509, -743.698914, 0.000000
2174.399668, -743.685777, 0.000000
2174.498825, -743.672620, 0.000000
2174.597979, -743.659444, 0.000000
2174.697132, -743.646250, 0.250000
2174.796283, -743.633036, 0.250000
2174.895431, -743.619804, 0.250000
2174.994578, -743.606552, 0.250000
2175.093722, -743.593282, 0.250000
2175.192864, -743.579993, 0.250000
2175.292005, -743.566684, 0.250000
2175.391143, -743.553357, 0.250000
2175.490279, -743.540011, 0.500000
2175.589413, -743.526646, 0.500000
2175.688545, -743.513262, 0.500000
2175.787674, -743.499859, 0.500000
2175.886802, -743.486437, 0.500000
2175.985928, -743.472996, 0.500000
2176.085052, -743.459536, 0.500000
2176.184173, -743.446057, 0.500000
2176.283293, -743.432560, 0.500000
2094.801483, -756.312051, 2.000000
2094.901037, -756.302520, 1.000000
2095.000584, -756.292917, 1.000000
2095.100122, -756.283244, 1.000000
2095.199653, -756.273500, 1.000000
2095.299176, -756.263687, 1.000000
2095.398692, -756.253805, 1.000000
2095.498201, -756.243856, 0.500000
2095.597701, -756.233839, 0.500000
2095.697195, -756.223756, 0.500000
2095.796682, -756.213606, 0.500000
2095.896161, -756.203392, 0.500000
2095.995633, -756.193113, 0.500000
2096.095098, -756.182770, 0.000000
2096.194557, -756.172365, 0.000000
2096.294008, -756.161896, 0.000000
2096.393453, -756.151366, 0.000000
2096.492891, -756.140775, 0.000000
2096.592322, -756.130123, 0.000000
2096.691747, -756.119412, 0.000000
2096.791166, -756.108641, 0.000000
2096.890578, -756.097812, 0.000000
2096.989983, -756.086925, 0.000000
2097.089382, -756.075981, 0.000000
2097.188776, -756.064980, 0.000000
2097.288163, -756.053923, 0.000000
2097.387544, -756.042811, 0.000000
2097.486919, -756.031645, 0.000000
2097.586288, -756.020424, 0.000000
2097.685651, -756.009150, 0.000000
2097.785008, -755.997824, 0.500000
2097.884360, -755.986445, 1.000000
2097.983706, -755.975014, 1.000000
2098.083046, -755.963533, 1.000000
2098.182381, -755.952002, 1.000000
2098.281711, -755.940420, 1.000000
2098.381035, -755.928790, 1.000000
2098.480354, -755.917111, 1.000000
2098.579667, -755.905385, 1.000000
2098.678976, -755.893611, 1.000000
2098.778279, -755.881790, 1.000000
2098.877577, -755.869924, 1.000000
2098.976870, -755.858011, 1.000000
2099.076159, -755.846054, 1.000000
2099.175442, -755.834053, 1.000000
2099.274721, -755.822008, 1.000000
2099.373995, -755.809920, 1.000000
2099.473264, -755.797789, 1.000000
2099.572529, -755.785616, 1.000000
2099.671789, -755.773401, 1.000000
2099.771044, -755.761146, 1.000000
2099.870296, -755.748850, 1.000000
2099.969542, -755.736515, 1.000000
2100.068785, -755.724140, 1.000000
2100.168023, -755.711726, 1.000000
2100.267257, -755.699275, 1.000000
2100.366487, -755.686786, 1.000000
2100.465713, -755.674259, 1.000000
2100.564935, -755.661697, 1.000000
2100.664153, -755.649098, 1.000000
2100.763367, -755.636464, 1.000000
2100.862578, -755.623795, 0.500000
2100.961784, -755.611091, 0.500000
2101.060987, -755.598354, 0.500000
2101.160186, -755.585583, 0.500000
2101.259382, -755.572780, 0.000000
2101.358574, -755.559944, 0.000000
2101.457762, -755.547077, 0.000000
2101.556947, -755.534178, 0.000000
2101.656129, -755.521248, 0.000000
2101.755307, -755.508288, 0.000000
2101.854482, -755.495298, 0.000000
2101.953654, -755.482279, 0.000000
2102.052823, -755.469232, 0.000000
2102.151989, -755.456156, 0.000000
2102.251151, -755.443052, 0.000000
2102.350311, -755.429921, 0.000000
2102.449468, -755.416762, 0.000000
2102.548622, -755.403578, 0.000000
2102.647773, -755.390368, 0.000000
2102.746921, -755.377132, 0.000000
2102.846066, -755.363872, 0.000000
2102.945209, -755.350587, 0.000000
2103.044349, -755.337278, 0.000000
2103.143487, -755.323945, 0.000000
2103.242622, -755.310589, 0.000000
2103.341754, -755.297211, 0.000000
2103.440884, -755.283811, 0.000000
2103.540012, -755.270389, 0.000000
2103.639137, -755.256945, 0.000000
2103.738261, -755.243481, 0.000000
2103.837381, -755.229997, 0.000000
2103.936500, -755.216492, 0.000000
2104.035617, -755.202968, 0.500000
2104.134731, -755.189425, 0.500000
2104.233844, -755.175864, 0.500000
2104.332954, -755.162284, 0.500000
2104.432063, -755.148686, 0.500000
2104.531169, -755.135072, 1.000000
2104.630274, -755.121440, 1.000000
2104.729377, -755.107792, 1.000000
2104.828478, -755.094127, 1.000000
2104.927578, -755.080447, 1.000000
2105.026675, -755.066752, 1.000000
2105.125772, -755.053042, 1.000000
2105.224866, -755.039317, 1.000000
2105.323959, -755.025579, 1.000000
2105.423051, -755.011827, 1.000000
2105.522141, -754.998061, 1.000000
2105.621230, -754.984283, 1.000000
2105.720317, -754.970492, 1.000000
2105.819403, -754.956689, 1.000000
2105.918488, -754.942875, 1.000000
2106.017571, -754.929049, 1.000000
2106.116654, -754.915213, 1.000000
2106.215735, -754.901365, 1.000000
2106.314815, -754.887508, 1.000000
2106.413894, -754.873641, 1.000000
2106.512972, -754.859765, 1.000000
2106.612049, -754.845879, 1.000000
2106.711125, -754.831985, 1.000000
2106.810200, -754.818082, 1.000000
2106.909274, -754.804172, 0.500000
2107.008347, -754.790254, 0.500000
2107.107420, -754.776329, 0.500000
2107.206492, -754.762397, 0.500000
2107.305563, -754.748458, 0.000000
2107.404633, -754.734513, 0.000000
2107.503703, -754.720563, 0.000000
2107.602772, -754.706606, 0.000000
2107.701841, -754.692645, 0.000000
2107.800909, -754.678679, 0.000000
2107.899977, -754.664709, 0.000000
2107.999044, -754.650734, 0.000000
2108.098111, -754.636755, 0.000000
2108.197177, -754.622774, 0.000000
2108.296243, -754.608788, 0.000000
2108.395309, -754.594800, 0.000000
2108.494374, -754.580810, 0.000000
2108.593439, -754.566817, 0.000000
2108.692504, -754.552823, 0.000000
2108.791569, -754.538827, 0.000000
2108.890634, -754.524829, 0.000000
2108.989698, -754.510831, 0.000000
2109.088763, -754.496832, 0.000000
2109.187827, -754.482833, 0.000000
2109.286892, -754.468834, 0.500000
2109.385956, -754.454835, 0.500000
2109.485021, -754.440836, 0.500000
2109.584086, -754.426839, 0.500000
2109.683150, -754.412843, 0.500000
2109.782215, -754.398848, 0.500000
2109.881281, -754.384854, 1.000000
2109.980346, -754.370863, 1.000000
2110.079412, -754.356874, 1.000000
2110.178477, -754.342888, 1.000000
2110.277544, -754.328904, 1.000000
2110.376610, -754.314924, 1.000000
2110.475677, -754.300947, 1.000000
2110.574744, -754.286974, 1.000000
2110.673812, -754.273004, 1.000000
2110.772880, -754.259039, 1.000000
2110.871949, -754.245078, 1.000000
2110.971018, -754.231123, 1.000000
2111.070088, -754.217172, 1.000000
2111.169158, -754.203226, 1.000000
2111.268229, -754.189286, 1.000000
2111.367301, -754.175351, 1.000000
2111.466373, -754.161423, 1.000000
2111.565446, -754.147500, 1.000000
2111.664520, -754.133585, 1.000000
2111.763594, -754.119676, 1.000000
2111.862669, -754.105774, 1.000000
2111.961745, -754.091879, 1.000000
2112.060822, -754.077992, 1.000000
2112.159900, -754.064112, 1.000000
2112.258978, -754.050240, 1.000000
2112.358057, -754.036377, 1.000000
2112.457138, -754.022521, 1.000000
2112.556219, -754.008675, 0.500000
2112.655301, -753.994837, 0.500000
2112.754384, -753.981008, 0.500000
2112.853468, -753.967189, 0.500000
2112.952554, -753.953379, 0.000000
2113.051640, -753.939578, 0.000000
2113.150727, -753.925788, 0.000000
2113.249816, -753.912008, 0.000000
2113.348905, -753.898238, 0.000000
2113.447996, -753.884478, 0.000000
2113.547088, -753.870730, 0.000000
2113.646181, -753.856992, 0.000000
2113.745276, -753.843265, 0.000000
2113.844371, -753.829550, 0.000000
2113.943468, -753.815846, 0.000000
2114.042566, -753.802154, 0.000000
2114.141666, -753.788474, 0.000000
2114.240766, -753.774806, 0.000000
2114.339868, -753.761150, 0.000000
2114.438972, -753.747507, 0.000000
2114.538077, -753.733876, 0.000000
2114.637183, -753.720258, 0.000000
2114.736291, -753.706653, 0.000000
2114.835400, -753.693062, 0.000000
2114.934511, -753.679483, 0.000000
2115.033623, -753.665919, 0.000000
2115.132736, -753.652368, 0.000000
2115.231851, -753.638830, 0.000000
2115.330968, -753.625307, 0.000000
2115.430086, -753.611798, 0.500000
2115.529206, -753.598304, 0.500000
2115.628328, -753.584824, 0.500000
2115.727451, -753.571358, 0.500000
2115.826575, -753.557908, 0.500000
2115.925701, -753.544472, 0.500000
2116.024829, -753.531052, 1.000000
2116.123959, -753.517647, 1.000000
2116.223090, -753.504257, 1.000000
2116.322223, -753.490883, 1.000000
2116.421358, -753.477525, 1.000000
2116.520494, -753.464182, 1.000000
2116.619633, -753.450856, 1.000000
2116.718773, -753.437545, 1.000000
2116.817914, -753.424251, 1.000000
2116.917058, -753.410974, 1.000000
2117.016203, -753.397713, 1.000000
2117.115351, -753.384468, 1.000000
2117.214500, -753.371241, 1.000000
2117.313651, -753.358030, 1.000000
2117.412803, -753.344836, 1.000000
2117.511958, -753.331660, 1.000000
2117.611115, -753.318501, 1.000000
2117.710273, -753.305359, 1.000000
2117.809433, -753.292235, 1.000000
2117.908596, -753.279129, 1.000000
2118.007760, -753.266040, 1.000000
2118.106926, -753.252970, 1.000000
2118.206095, -753.239917, 0.500000
2118.305265, -753.226882, 0.500000
2118.404437, -753.213866, 0.500000
2118.503611, -753.200868, 0.500000
2118.602787, -753.187888, 0.000000
2118.701966, -753.174927, 0.000000
2118.801146, -753.161984, 0.000000
2118.900328, -753.149061, 0.000000
2118.999513, -753.136156, 0.000000
2119.098699, -753.123270, 0.000000
2119.197888, -753.110402, 0.000000
2119.297079, -753.097554, 0.000000
2119.396271, -753.084726, 0.000000
2119.495466, -753.071916, 0.000000
2119.594663, -753.059126, 0.000000
2119.693862, -753.046355, 0.000000
2119.793064, -753.033604, 0.000000
2119.892267, -753.020872, 0.000000
2119.991473, -753.008160, 0.000000
2120.090680, -752.995468, 0.000000
2120.189890, -752.982796, 0.000000
2120.289102, -752.970143, 0.000000
2120.388317, -752.957511, 0.000000
2120.487533, -752.944898, 0.000000
2120.586752, -752.932306, 0.000000
2120.685973, -752.919734, 0.000000
2120.785196, -752.907182, 0.000000
2120.884421, -752.894650, 0.000000
2120.983649, -752.882139, 0.000000
2121.082879, -752.869648, 0.000000
2121.182111, -752.857178, 0.000000
2121.281345, -752.844728, 0.500000
2121.380581, -752.832299, 0.500000
2121.479820, -752.819890, 0.500000
2121.579061, -752.807503, 0.500000
2121.678305, -752.795136, 0.500000
2121.777550, -752.782789, 0.500000
2121.876798, -752.770464, 0.500000
2121.976049, -752.758159, 0.500000
2122.075301, -752.745876, 0.500000
2122.174556, -752.733613, 1.000000
2122.273813, -752.721371, 1.000000
2122.373072, -752.709151, 1.000000
2122.472334, -752.696951, 1.000000
2122.571598, -752.684773, 1.000000
2122.670865, -752.672616, 1.000000
2122.770133, -752.660480, 1.000000
2122.869404, -752.648365, 1.000000
2122.968678, -752.636271, 1.000000
2123.067953, -752.624199, 1.000000
2123.167231, -752.612148, 1.000000
2123.266512, -752.600119, 1.000000
2123.365795, -752.588110, 1.000000
2123.465080, -752.576124, 1.000000
2123.564367, -752.564158, 1.000000
2123.663657, -752.552214, 1.000000
2123.762949, -752.540292, 1.000000
2123.862243, -752.528390, 1.000000
2123.961540, -752.516511, 1.000000
2124.060839, -752.504653, 1.000000
2124.160141, -752.492816, 1.000000
2124.259445, -752.481001, 1.000000
2124.358751, -752.469207, 0.500000
2124.458059, -752.457435, 0.500000
2124.557370, -752.445684, 0.500000
2124.656684, -752.433955, 0.500000
2124.755999, -752.422248, 0.500000
2124.855317, -752.410562, 0.500000
2124.954638, -752.398897, 0.500000
2125.053960, -752.387255, 0.500000
2125.153286, -752.375633, 0.500000
2125.252613, -752.364033, 0.500000
2125.351943, -752.352455, 0.500000
2125.451275, -752.340898, 0.000000
2125.550610, -752.329363, 0.000000
2125.649947, -752.317849, 0.000000
2125.749286, -752.306357, 0.000000
2125.848627, -752.294886, 0.000000
2125.947971, -752.283437, 0.000000
2126.047318, -752.272009, 0.000000
2126.146666, -752.260603, 0.000000
2126.246017, -752.249218, 0.000000
2126.345371, -752.237854, 0.000000
2126.444726, -752.226512, 0.000000
2126.544085, -752.215191, 0.000000
2126.643445, -752.203892, 0.500000
2126.742808, -752.192613, 0.500000
2126.842173, -752.181357, 0.500000
2126.941540, -752.170121, 0.500000
2127.040910, -752.158907, 0.500000
2127.140282, -752.147713, 0.500000
2127.239656, -752.136542, 0.500000
2127.339033, -752.125391, 0.500000
2127.438412, -752.114261, 0.500000
2127.537793, -752.103152, 0.500000
2127.637177, -752.092065, 0.500000
2127.736563, -752.080998, 0.500000
2127.835951, -752.069953, 1.000000
2127.935341, -752.058928, 1.000000
2128.034734, -752.047924, 1.000000
2128.134129, -752.036941, 1.000000
2128.233527, -752.025979, 1.000000
2128.332926, -752.015038, 1.000000
2128.432328, -752.004118, 1.000000
2128.531733, -751.993218, 1.000000
2128.631139, -751.982338, 1.000000
2128.730548, -751.971480, 1.000000
2128.829959, -751.960642, 1.000000
2128.929372, -751.949824, 1.000000
2129.028787, -751.939027, 1.000000
2129.128205, -751.928250, 1.000000
2129.227625, -751.917494, 1.000000
2129.327047, -751.906758, 1.000000
2129.426471, -751.896042, 1.000000
2129.525898, -751.885346, 1.000000
2129.625327, -751.874670, 0.500000
2129.724758, -751.864015, 0.500000
2129.824191, -751.853379, 0.500000
2129.923626, -751.842763, 0.500000
2130.023064, -751.832167, 0.500000
2130.122503, -751.821591, 0.500000
2130.221945, -751.811035, 0.500000
2130.321389, -751.800499, 0.500000
2130.420835, -751.789982, 0.500000
2130.520284, -751.779484, 0.500000
2130.619734, -751.769006, 0.500000
2130.719187, -751.758548, 0.500000
2130.818641, -751.748108, 0.500000
2130.918098, -751.737689, 0.500000
2131.017557, -751.727288, 0.500000
2131.117018, -751.716906, 0.500000
2131.216481, -751.706543, 0.500000
2131.315946, -751.696200, 0.500000
2131.415413, -751.685875, 0.500000
2131.514883, -751.675569, 0.000000
2131.614354, -751.665282, 0.000000
2131.713827, -751.655013, 0.000000
2131.813303, -751.644763, 0.000000
2131.912780, -751.634532, 0.000000
2132.012260, -751.624319, 0.000000
2132.111741, -751.614124, 0.000000
2132.211225, -751.603948, 0.000000
2132.310710, -751.593789, 0.500000
2132.410198, -751.583649, 0.500000
2132.509687, -751.573527, 0.500000
2132.609178, -751.563423, 0.500000
2132.708672, -751.553336, 0.500000
2132.808167, -751.543267, 0.500000
2132.907664, -751.533216, 0.500000
2133.007163, -751.523182, 0.500000
2133.106664, -751.513166, 0.500000
2133.206167, -751.503167, 0.500000
2133.305672, -751.493186, 0.500000
2133.405179, -751.483222, 0.500000
2133.504688, -751.473274, 0.500000
2133.604198, -751.463344, 0.500000
2133.703710, -751.453430, 0.500000
2133.803225, -751.443534, 0.500000
2133.902740, -751.433654, 1.000000
2134.002258, -751.423790, 1.000000
2134.101778, -751.413944, 1.000000
2134.201299, -751.404113, 1.000000
2134.300822, -751.394299, 1.000000
2134.400347, -751.384501, 1.000000
2134.499874, -751.374719, 1.000000
2134.599403, -751.364953, 1.000000
2134.698933, -751.355203, 1.000000
2134.798465, -751.345468, 1.000000
2134.897998, -751.335750, 1.000000
2134.997534, -751.326046, 1.000000
2135.097071, -751.316359, 1.000000
2135.196610, -751.306686, 1.000000
2135.296150, -751.297029, 1.000000
2135.395692, -751.287387, 0.500000
2135.495236, -751.277760, 0.500000
2135.594781, -751.268148, 0.500000
2135.694328, -751.258551, 0.500000
2135.793877, -751.248968, 0.500000
2135.893427, -751.239400, 0.500000
2135.992978, -751.229846, 0.500000
2136.092532, -751.220307, 0.500000
2136.192087, -751.210782, 0.500000
2136.291643, -751.201271, 0.500000
2136.391201, -751.191773, 0.500000
2136.490760, -751.182290, 0.500000
2136.590321, -751.172821, 0.500000
2136.689884, -751.163365, 0.500000
2136.789448, -751.153923, 0.500000
2136.889013, -751.144494, 0.500000
2136.988580, -751.135078, 0.500000
2137.088148, -751.125675, 0.500000
2137.187718, -751.116286, 0.500000
2137.287289, -751.106909, 0.000000
2137.386862, -751.097545, 0.000000
2137.486436, -751.088194, 0.000000
2137.586011, -751.078855, 0.000000
2137.685588, -751.069529, 0.000000
2137.785166, -751.060215, 0.000000
2137.884745, -751.050913, 0.000000
2137.984326, -751.041623, 0.000000
2138.083908, -751.032345, 0.000000
2138.183491, -751.023079, 0.000000
2138.283075, -751.013825, 0.500000
2138.382661, -751.004582, 0.500000
2138.482248, -750.995350, 0.500000
2138.581836, -750.986130, 0.500000
2138.681426, -750.976920, 0.500000
2138.781017, -750.967722, 0.500000
2138.880609, -750.958535, 0.500000
2138.980202, -750.949358, 0.500000
2139.079796, -750.940192, 0.500000
2139.179391, -750.931036, 0.500000
2139.278988, -750.921891, 0.500000
2139.378585, -750.912756, 0.500000
2139.478184, -750.903631, 0.500000
2139.577784, -750.894516, 0.500000
2139.677385, -750.885411, 0.500000
2139.776987, -750.876315, 0.500000
2139.876590, -750.867229, 0.500000
2139.976194, -750.858153, 1.000000
2140.075799, -750.849085, 1.000000
2140.175405, -750.840027, 1.000000
2140.275012, -750.830978, 1.000000
2140.374620, -750.821937, 1.000000
2140.474229, -750.812905, 1.000000
2140.573839, -750.803882, 1.000000
2140.673449, -750.794867, 1.000000
2140.773061, -750.785861, 1.000000
2140.872674, -750.776863, 1.000000
2140.972287, -750.767872, 1.000000
2141.071902, -750.758890, 1.000000
2141.171517, -750.749915, 1.000000
2141.271133, -750.740948, 1.000000
2141.370750, -750.731989, 1.000000
2141.470367, -750.723036, 1.000000
2141.569986, -750.714091, 1.000000
2141.669605, -750.705153, 1.000000
2141.769225, -750.696222, 1.000000
2141.868846, -750.687297, 1.000000
2141.968467, -750.678379, 1.000000
2142.068089, -750.669468, 1.000000
2142.167712, -750.660563, 0.500000
2142.267336, -750.651664, 0.500000
2142.366960, -750.642771, 0.500000
2142.466585, -750.633884, 0.500000
2142.566210, -750.625002, 0.500000
2142.665836, -750.616127, 0.500000
2142.765463, -750.607256, 0.500000
2142.865090, -750.598391, 0.500000
2142.964718, -750.589532, 0.500000
2143.064346, -750.580677, 0.500000
2143.163975, -750.571827, 0.500000
2143.263604, -750.562981, 0.500000
2143.363234, -750.554141, 0.500000
2143.462865, -750.545304, 0.500000
2143.562495, -750.536472, 0.500000
2143.662127, -750.527645, 0.000000
2143.761758, -750.518821, 0.000000
2143.861391, -750.510001, 0.000000
2143.961023, -750.501184, 0.000000
2144.060656, -750.492371, 0.000000
2144.160289, -750.483562, 0.000000
2144.259923, -750.474756, 0.000000
2144.359557, -750.465953, 0.000000
2144.459191, -750.457153, 0.000000
2144.558826, -750.448355, 0.500000
2144.658461, -750.439561, 0.500000
2144.758096, -750.430768, 0.500000
2144.857732, -750.421979, 0.500000
2144.957367, -750.413191, 0.500000
2145.057003, -750.404405, 0.500000
2145.156639, -750.395622, 0.500000
2145.256276, -750.386840, 0.500000
2145.355912, -750.378060, 0.500000
2145.455549, -750.369281, 0.500000
2145.555186, -750.360503, 0.500000
2145.654823, -750.351727, 0.500000
2145.754460, -750.342952, 0.500000
2145.854097, -750.334177, 0.500000
2145.953734, -750.325403, 0.500000
2146.053371, -750.316630, 0.500000
2146.153009, -750.307858, 0.500000
2146.252646, -750.299085, 0.500000
2146.352283, -750.290313, 1.000000
2146.451921, -750.281540, 1.000000
2146.551558, -750.272768, 1.000000
2146.651195, -750.263995, 1.000000
2146.750833, -750.255222, 1.000000
2146.850470, -750.246448, 1.000000
2146.950107, -750.237673, 1.000000
2147.049744, -750.228897, 1.000000
2147.149381, -750.220120, 1.000000
2147.249018, -750.211342, 1.000000
2147.348654, -750.202563, 1.000000
2147.448291, -750.193782, 1.000000
2147.547927, -750.185000, 1.000000
2147.647563, -750.176215, 1.000000
2147.747199, -750.167429, 1.000000
2147.846835, -750.158641, 1.000000
2147.946470, -750.149850, 1.000000
2148.046105, -750.141057, 1.000000
2148.145740, -750.132261, 1.000000
2148.245374, -750.123463, 0.500000
2148.345009, -750.114662, 0.500000
2148.444642, -750.105857, 0.500000
2148.544276, -750.097050, 0.500000
2148.643909, -750.088239, 0.500000
2148.743542, -750.079425, 0.500000
2148.843174, -750.070608, 0.500000
2148.942806, -750.061786, 0.500000
2149.042438, -750.052961, 0.500000
2149.142069, -750.044131, 0.500000
2149.241700, -750.035298, 0.500000
2149.341330, -750.026460, 0.500000
2149.440960, -750.017618, 0.500000
2149.540589, -750.008771, 0.500000
2149.640218, -749.999919, 0.000000
2149.739846, -749.991062, 0.000000
2149.839473, -749.982201, 0.000000
2149.939100, -749.973334, 0.000000
2150.038727, -749.964462, 0.000000
2150.138353, -749.955584, 0.000000
2150.237978, -749.946701, 0.000000
2150.337602, -749.937811, 0.000000
2150.437226, -749.928916, 0.000000
2150.536850, -749.920015, 0.000000
2150.636472, -749.911108, 0.500000
2150.736094, -749.902194, 0.500000
2150.835715, -749.893274, 0.500000
2150.935336, -749.884347, 0.500000
2151.034955, -749.875414, 0.500000
2151.134574, -749.866473, 0.500000
2151.234192, -749.857526, 0.500000
2151.333810, -749.848571, 0.500000
2151.433426, -749.839609, 0.500000
2151.533042, -749.830639, 0.500000
2151.632657, -749.821662, 0.500000
2151.732271, -749.812677, 0.500000
2151.831884, -749.803684, 0.500000
2151.931497, -749.794683, 0.500000
2152.031108, -749.785674, 0.500000
2152.130719, -749.776657, 0.500000
2152.230328, -749.767631, 1.000000
2152.329937, -749.758597, 1.000000
2152.429545, -749.749553, 1.000000
2152.529151, -749.740501, 1.000000
2152.628757, -749.731440, 1.000000
2152.728362, -749.722370, 1.000000
2152.827966, -749.713291, 1.000000
2152.927568, -749.704202, 1.000000
2153.027170, -749.695103, 1.000000
2153.126770, -749.685995, 1.000000
2153.226370, -749.676877, 1.000000
2153.325968, -749.667749, 1.000000
2153.425566, -749.658611, 1.000000
2153.525162, -749.649463, 1.000000
2153.624757, -749.640305, 1.000000
2153.724351, -749.631136, 1.000000
2153.823943, -749.621956, 1.000000
2153.923535, -749.612766, 1.000000
2154.023125, -749.603565, 1.000000
2154.122715, -749.594352, 1.000000
2154.222303, -749.585129, 1.000000
2154.321889, -749.575894, 0.500000
2154.421475, -749.566648, 0.500000
2154.521059, -749.557391, 0.500000
2154.620642, -749.548122, 0.500000
2154.720223, -749.538841, 0.500000
2154.819804, -749.529548, 0.500000
2154.919383, -749.520243, 0.500000
2155.018961, -749.510926, 0.500000
2155.118537, -749.501597, 0.500000
2155.218112, -749.492255, 0.500000
2155.317685, -749.482901, 0.500000
2155.417258, -749.473535, 0.500000
2155.516829, -749.464155, 0.500000
2155.616398, -749.454763, 0.500000
2155.715966, -749.445357, 0.500000
2155.815532, -749.435939, 0.000000
2155.915098, -749.426507, 0.000000
2156.014661, -749.417062, 0.000000
2156.114223, -749.407603, 0.000000
2156.213784, -749.398131, 0.000000
2156.313343, -749.388645, 0.000000
2156.412901, -749.379146, 0.000000
2156.512457, -749.369632, 0.000000
2156.612012, -749.360104, 0.000000
2156.711565, -749.350562, 0.500000
2156.811116, -749.341006, 0.500000
2156.910666, -749.331436, 0.500000
2157.010214, -749.321851, 0.500000
2157.109761, -749.312251, 0.500000
2157.209306, -749.302636, 0.500000
2157.308850, -749.293007, 0.500000
2157.408391, -749.283363, 0.500000
2157.507931, -749.273704, 0.500000
2157.607470, -749.264029, 0.500000
2157.707007, -749.254339, 0.500000
2157.806542, -749.244634, 0.500000
2157.906075, -749.234914, 0.500000
2158.005607, -749.225178, 0.500000
2158.105137, -749.215426, 0.500000
2158.204665, -749.205658, 0.500000
2158.304192, -749.195874, 0.500000
2158.403717, -749.186075, 0.500000
2158.503240, -749.176259, 1.000000
2158.602761, -749.166427, 1.000000
2158.702280, -749.156579, 1.000000
2158.801798, -749.146714, 1.000000
2158.901314, -749.136833, 1.000000
2159.000828, -749.126936, 1.000000
2159.100340, -749.117021, 1.000000
2159.199851, -749.107090, 1.000000
2159.299359, -749.097142, 1.000000
2159.398866, -749.087177, 1.000000
2159.498371, -749.077195, 1.000000
2159.597873, -749.067195, 1.000000
2159.697374, -749.057179, 1.000000
2159.796874, -749.047145, 1.000000
2159.896371, -749.037093, 1.000000
2159.995866, -749.027024, 1.000000
2160.095359, -749.016938, 1.000000
2160.194851, -749.006834, 1.000000
2160.294340, -748.996712, 0.500000
2160.393828, -748.986572, 0.500000
2160.493313, -748.976414, 0.500000
2160.592797, -748.966238, 0.500000
2160.692278, -748.956044, 0.500000
2160.791758, -748.945832, 0.500000
2160.891235, -748.935602, 0.500000
2160.990711, -748.925353, 0.500000
2161.090184, -748.915086, 0.500000
2161.189656, -748.904800, 0.500000
2161.289125, -748.894496, 0.500000
2161.388593, -748.884173, 0.500000
2161.488058, -748.873831, 0.500000
2161.587522, -748.863470, 0.500000
2161.686983, -748.853091, 0.500000
2161.786442, -748.842692, 0.500000
2161.885899, -748.832275, 0.500000
2161.985354, -748.821838, 0.500000
2162.084807, -748.811382, 0.000000
2162.184258, -748.800908, 0.000000
2162.283706, -748.790413, 0.000000
2162.383153, -748.779900, 0.000000
2162.482597, -748.769367, 0.000000
2162.582039, -748.758814, 0.000000
2162.681479, -748.748242, 0.000000
2162.780917, -748.737650, 0.500000
2162.880353, -748.727039, 0.500000
2162.979787, -748.716407, 0.500000
2163.079218, -748.705756, 0.500000
2163.178648, -748.695086, 0.500000
2163.278075, -748.684395, 0.500000
2163.377500, -748.673684, 0.500000
2163.476922, -748.662953, 0.500000
2163.576343, -748.652203, 0.500000
2163.675761, -748.641432, 0.500000
2163.775177, -748.630641, 0.500000
2163.874591, -748.619829, 0.500000
2163.974003, -748.608998, 0.500000
2164.073412, -748.598146, 0.500000
2164.172820, -748.587274, 0.500000
2164.272225, -748.576381, 0.500000
2164.371627, -748.565468, 0.500000
2164.471028, -748.554534, 0.500000
2164.570426, -748.543580, 1.000000
2164.669822, -748.532605, 1.000000
2164.769216, -748.521610, 1.000000
2164.868607, -748.510594, 1.000000
2164.967996, -748.499557, 1.000000
2165.067383, -748.488500, 1.000000
2165.166768, -748.477422, 1.000000
2165.266150, -748.466323, 1.000000
2165.365530, -748.455203, 1.000000
2165.464908, -748.444062, 1.000000
2165.564284, -748.432901, 1.000000
2165.663657, -748.421719, 1.000000
2165.763028, -748.410515, 1.000000
2165.862397, -748.399291, 1.000000
2165.961763, -748.388046, 1.000000
2166.061127, -748.376780, 1.000000
2166.160489, -748.365492, 1.000000
2166.259848, -748.354184, 0.500000
2166.359205, -748.342855, 0.500000
2166.458560, -748.331504, 0.500000
2166.557912, -748.320133, 0.500000
2166.657263, -748.308740, 0.500000
2166.756611, -748.297326, 0.500000
2166.855956, -748.285891, 0.500000
2166.955299, -748.274435, 0.500000
2167.054640, -748.262958, 0.500000
2167.153979, -748.251460, 0.500000
2167.253315, -748.239940, 0.500000
2167.352649, -748.228399, 0.500000
2167.451981, -748.216837, 0.500000
2167.551310, -748.205254, 0.500000
2167.650637, -748.193650, 0.500000
2167.749962, -748.182025, 0.500000
2167.849284, -748.170378, 0.500000
2167.948604, -748.158710, 0.500000
2168.047922, -748.147021, 0.500000
2168.147237, -748.135311, 0.000000
2168.246550, -748.123580, 0.000000
2168.345861, -748.111827, 0.000000
2168.445169, -748.100054, 0.000000
2168.544475, -748.088259, 0.000000
2168.643779, -748.076443, 0.000000
2168.743081, -748.064606, 0.000000
2168.842380, -748.052748, 0.000000
2168.941677, -748.040869, 0.000000
2169.040971, -748.028969, 0.500000
2169.140263, -748.017048, 0.500000
2169.239553, -748.005105, 0.500000
2169.338841, -747.993142, 0.500000
2169.438126, -747.981158, 0.500000
2169.537409, -747.969153, 0.500000
2169.636690, -747.957127, 0.500000
2169.735969, -747.945080, 0.500000
2169.835245, -747.933012, 0.500000
2169.934519, -747.920924, 0.500000
2170.033790, -747.908815, 0.500000
2170.133060, -747.896685, 0.500000
2170.232327, -747.884534, 0.500000
2170.331592, -747.872362, 0.500000
2170.430854, -747.860170, 0.500000
2170.530115, -747.847958, 0.500000
2170.629373, -747.835725, 0.500000
2170.728628, -747.823471, 0.500000
2170.827882, -747.811197, 0.500000
2170.927133, -747.798902, 0.500000
2171.026382, -747.786587, 1.000000
2171.125629, -747.774252, 1.000000
2171.224874, -747.761897, 1.000000
2171.324116, -747.749521, 1.000000
2171.423357, -747.737125, 1.000000
2171.522595, -747.724709, 1.000000
2171.621830, -747.712274, 1.000000
2171.721064, -747.699818, 1.000000
2171.820296, -747.687342, 1.000000
2171.919525, -747.674846, 1.000000
2172.018752, -747.662331, 1.000000
2172.117977, -747.649796, 1.000000
2172.217200, -747.637241, 1.000000
2172.316420, -747.624667, 0.500000
2172.415639, -747.612073, 0.500000
2172.514855, -747.599460, 0.500000
2172.614070, -747.586828, 0.500000
2172.713282, -747.574176, 0.500000
2172.812492, -747.561505, 0.500000
2172.911700, -747.548815, 0.500000
2173.010906, -747.536106, 0.500000
2173.110110, -747.523378, 0.500000
2173.209311, -747.510631, 0.500000
2173.308511, -747.497866, 0.500000
2173.407709, -747.485082, 0.500000
2173.506904, -747.472279, 0.500000
2173.606098, -747.459457, 0.500000
2173.705289, -747.446618, 0.500000
2173.804479, -747.433760, 0.500000
2173.903667, -747.420884, 0.500000
2174.002852, -747.407990, 0.000000
2174.102036, -747.395077, 0.000000
2174.201217, -747.382147, 0.000000
2174.300397, -747.369199, 0.000000
2174.399575, -747.356234, 0.000000
2174.498751, -747.343251, 0.000000
2174.597925, -747.330250, 0.000000
2174.697097, -747.317232, 0.000000
2174.796267, -747.304197, 0.000000
2174.895435, -747.291145, 0.000000
2174.994602, -747.278076, 0.000000
2175.093766, -747.264990, 0.000000
2175.192929, -747.251887, 0.500000
2175.292090, -747.238768, 0.500000
2175.391249, -747.225632, 0.500000
2175.490406, -747.212480, 0.500000
2175.589562, -747.199311, 0.500000
2175.688716, -747.186127, 0.500000
2175.787868, -747.172926, 0.500000
2175.887018, -747.159710, 0.500000
2175.986167, -747.146478, 0.500000
2176.085313, -747.133230, 0.500000
2176.184459, -747.119967, 0.500000
2176.283602, -747.106689, 0.500000
2176.382744, -747.093396, 0.500000
2176.481884, -747.080087, 0.500000
2176.581023, -747.066764, 0.500000
2176.680160, -747.053426, 0.500000
2176.779295, -747.040074, 0.500000
