169.95231294316039 342.89381227700181 150.57026448008060 338.36848118937303 94.442112245312728 325.26365005230355 45.751638280825453 313.89537203346589 
116.63279888867464 331.51748070905950 94.442112245312728 325.26365005230355 -48.458384728160411 284.99110133846295 -96.583746389069603 271.42830055814136 
0.065357455937714803 297.05121926703958 -48.458384728160411 284.99110133846295 -170.25340044302169 254.72010024664198 -181.42243182741569 251.94414296097517 
-121.21769213527509 264.49247512471493 -170.25340044302169 254.72010024664198 -198.47058549479073 249.09666948881033 -219.11596920623319 244.98223051989260 
-195.66328935893861 237.93547379466293 -198.47058549479073 249.09666948881033 -211.30799862839694 300.13541754283671 -215.72271586421346 317.68736810978947 
-211.74837685522118 279.08864715783506 -211.30799862839694 300.13541754283671 -210.36147550103209 345.37211116732055 -209.91813259568082 366.56057091029447 
-217.52273144849937 328.75052549591624 -210.36147550103209 345.37211116732055 -189.39730195150929 394.03086729051421 -169.61333822812517 439.95030521599216 
-205.44199809313130 380.18474491150965 -189.39730195150929 394.03086729051421 -90.078044126633472 479.74059879909191 -70.110849565972075 496.97172720513993 
-136.83541048590760 462.02764616141400 -90.078044126633472 479.74059879909191 -28.418539180783569 503.09888383115464 -13.625849320644923 508.70275409328980 
-48.282962709686586 485.74937886319128 -28.418539180783569 503.09888383115464 1.3668378640414858 529.11330837561513 15.021240248285421 541.03900668019071 
-3.6184544838572865 514.10085036837745 1.3668378640414858 529.11330837561513 15.650522190678373 572.12647514258617 31.408247318608829 619.57849405424668 
12.475489105574619 554.27754942054059 15.650522190678373 572.12647514258617 40.257663807512927 710.45922040164351 40.257663807512927 710.45922040164351 
156.80550728957004 316.17256447719438 150.57026448008060 338.36848118937303 137.11313852135646 386.27250932289735 127.38467765599125 420.90341523993834 
143.84347639131141 367.54165306286257 137.11313852135646 386.27250932289735 106.70367888851473 470.90350829114095 99.643432468047052 490.55251602559076 
130.94819997569840 444.33010443132292 106.70367888851473 470.90350829114095 71.522954023529337 509.46362694873733 64.100650139153487 517.59890328521567 
82.185809440068070 491.51274678000510 71.522954023529337 509.46362694873733 57.462883935355364 533.13370625275888 47.539573400399256 549.83956517435900 
60.136502602774705 522.45077223423607 57.462883935355364 533.13370625275888 45.669224603256282 580.25743635573610 33.530114717345718 628.76147753972191 
46.476129862496606 560.84335079436630 45.669224603256282 580.25743635573610 40.257663807512927 710.45922040164351 40.257663807512927 710.45922040164351 
40.257663807512927 710.45922040164351 40.257663807512927 710.45922040164351 65.887441679115852 840.19520988145280 75.577823607077619 889.24718739602633 
60.027020231882716 790.53984299668582 65.887441679115852 840.19520988145280 95.441959997983474 1090.6107240965275 101.30238144521661 1140.2660909812944 
90.019918137354480 1040.9055788692817 95.441959997983474 1090.6107240965275 112.34019743767334 1245.5208792768544 117.76223929830233 1295.2260245041002 
106.63457752955151 1195.8474869881850 112.34019743767334 1245.5208792768544 135.41716390430764 1446.4300226458063 141.12278381242947 1496.1034149344757 
129.05886493767230 1396.8359500740676 135.41716390430764 1446.4300226458063 159.57964380144801 1634.8948601471604 165.93794276808336 1684.4889327188992 
154.74588397637567 1585.1290609879636 159.57964380144801 1634.8948601471604 182.52639908305099 1871.1423478225340 187.36015890812334 1920.9081469817309 
175.29760852586949 1821.6676614962882 182.52639908305099 1871.1423478225340 205.17813087002196 2026.1734441092128 212.40692142720346 2075.6481304354584 
199.23437833272666 1976.5279830299219 205.17813087002196 2026.1734441092128 225.06771566403103 2192.3020979484190 225.06771566403103 2192.3020979484190 
225.06771566403103 2192.3020979484190 225.06771566403103 2192.3020979484190 220.36270936376752 2352.1843755706668 218.89194899684304 2402.1627395289147 
216.92553984030101 2302.3026568185333 220.36270936376752 2352.1843755706668 230.73035919911746 2502.6442786033108 233.62115827126198 2544.5968286015468 
225.46451133556559 2452.9223433405123 230.73035919911746 2502.6442786033108 241.80233863894557 2607.1896925999158 247.06818650249744 2656.9116278627143 
239.10275555619538 2565.2244043034043 241.80233863894557 2607.1896925999158 250.65709857545414 2744.8378190481753 250.65709857545414 2744.8378190481753 
250.65709857545414 2744.8378190481753 250.65709857545414 2744.8378190481753 191.01972521919123 2966.6083345623624 180.75281972758168 3004.7873621665449 
226.92320972954812 2931.8097742471055 191.01972521919123 2966.6083345623624 120.04680222572546 3035.3970768034046 93.574498759939885 3061.0546992152958 
153.78841625709842 3014.7924418944235 120.04680222572546 3035.3970768034046 41.388437846208035 3083.4305490335896 41.388437846208035 3083.4305490335896 
250.65709857545414 2744.8378190481753 250.65709857545414 2744.8378190481753 340.78185324790923 2940.8189218988755 361.67205372508556 2986.2457809585044 
299.13740410805570 2913.1469169870852 340.78185324790923 2940.8189218988755 452.06719578817541 3014.7660771378069 493.71164492802893 3042.4380820495971 
402.32125719389984 3009.7320336959438 452.06719578817541 3014.7660771378069 585.37964435931167 3028.2566389085214 585.37964435931167 3028.2566389085214 
225.06771566403103 2192.3020979484190 225.06771566403103 2192.3020979484190 282.32522724734167 2489.2806225370077 287.82879740012550 2517.8260849356902 
276.20193579810132 2439.6569860133945 282.32522724734167 2489.2806225370077 291.22578843770043 2561.4114719384897 295.08335057240879 2592.6734595193307 
285.46373209087278 2532.9170617035470 291.22578843770043 2561.4114719384897 306.83399694429966 2638.5968844803888 314.16832948064712 2674.8664846909510 
303.72318681449661 2607.2517809797764 306.83399694429966 2638.5968844803888 315.97010148977290 2730.6539791345090 315.97010148977290 2730.6539791345090 
315.97010148977290 2730.6539791345090 315.97010148977290 2730.6539791345090 272.75734719818814 2943.6535701082266 262.81601414302474 2992.6553037212971 
308.18423527370499 2908.3699251535909 272.75734719818814 2943.6535701082266 175.04823020319577 3040.9676154608255 139.62134212767893 3076.2512604154613 
222.70122900206147 3025.8285367082954 175.04823020319577 3040.9676154608255 41.388437846208035 3083.4305490335896 41.388437846208035 3083.4305490335896 
315.97010148977290 2730.6539791345090 315.97010148977290 2730.6539791345090 363.22006534903437 2870.9662838526774 376.60509130661899 2910.7141204100822 
330.11549065472389 2833.4951331589928 363.22006534903437 2870.9662838526774 432.64205218835400 2949.5452039666461 465.74662688266449 2987.0163546603308 
395.36037548578952 2930.3325515437023 432.64205218835400 2949.5452039666461 585.37964435931167 3028.2566389085214 585.37964435931167 3028.2566389085214 
41.388437846208035 3083.4305490335896 41.388437846208035 3083.4305490335896 -108.84785126446673 3113.9292005997982 -157.84836819459150 3123.8765289134990 
-60.130317204959717 3102.6774507287437 -108.84785126446673 3113.9292005997982 -233.55722934959260 3142.7319459742794 -255.29608215525604 3147.7527283060417 
-191.79250504202585 3115.2418058598141 -233.55722934959260 3142.7319459742794 -280.14811350037462 3173.3987336664413 -296.79500511096433 3184.3559563090562 
-265.62763185952178 3156.4593833410336 -280.14811350037462 3173.3987336664413 -312.57410310310377 3211.2263492452039 -328.06149748177035 3229.2936837522002 
-305.60744704207644 3192.5542997684620 -312.57410310310377 3211.2263492452039 -333.37056745923263 3266.9650864524601 -350.84893378375136 3313.8106487889922 
-335.57648720623894 3243.2707436909945 -333.37056745923263 3266.9650864524601 -317.71256902583190 3435.1516137923554 -313.37098113140178 3481.7857090894604 
-322.79139695093153 3385.4102275339565 -317.71256902583190 3435.1516137923554 -305.81903123871456 3551.6353903196459 -300.74020331361493 3601.3767765780449 
-310.69414167509245 3505.0540471889713 -305.81903123871456 3551.6353903196459 -280.68265206849816 3791.8117552391936 -275.47817728029855 3841.5401519776669 
-287.78756205755911 3742.3191269593444 -280.68265206849816 3791.8117552391936 -251.53251318211886 3994.8709059435409 -244.42760319305791 4044.3635342233902 
-255.67324301397267 3945.0426573644509 -251.53251318211886 3994.8709059435409 -239.71140076051938 4137.1224780440862 -235.57067092866558 4186.9507266231767 
-245.71792194907579 4087.4845721332663 -239.71140076051938 4137.1224780440862 -220.90264469667147 4292.5580845271852 -214.89612350811507 4342.1959904380055 
-226.75443832492152 4242.9017001306911 -220.90264469667147 4292.5580845271852 -202.05081170024073 4452.5285013460734 -196.19901807199068 4502.1848857425675 
-207.70378136324197 4402.8490897755928 -202.05081170024073 4452.5285013460734 -179.41716338377091 4651.4374637300043 -173.76419372076967 4701.1168753004849 
-185.39615062764099 4601.7962337740728 -179.41716338377091 4651.4374637300043 -151.70897239816469 4881.4879094454600 -145.72998515429461 4931.1291394013915 
-156.84945243832033 4831.7528567667232 -151.70897239816469 4881.4879094454600 -130.80116082087187 5083.7746807335143 -125.66068078071625 5133.5097334122511 
-136.46615671004699 5034.0966390895883 -130.80116082087187 5083.7746807335143 -106.30301122562088 5298.6062745423524 -100.65073650654790 5348.1727604445869 
-123.76042960447602 5251.7529017337101 -106.30301122562088 5298.6062745423524 -62.757470110739746 5415.4766747202384 -54.391501071937810 5437.9298151430694 
-101.99006295790153 5384.6612825811599 -62.757470110739746 5415.4766747202384 -15.648936052485567 5452.4782554150825 6.7770749033377449 5470.0928526559819 
-38.831300354383799 5446.4193002097991 -15.648936052485567 5452.4782554150825 53.325821681082175 5470.5055352024492 101.70087910147515 5483.1488662340125 
24.962894915493063 5473.4626264488679 53.325821681082175 5470.5055352024492 243.37920746898249 5450.6907534589973 293.10965437376512 5445.5059052789056 
193.74219762542026 5456.7046751237767 243.37920746898249 5450.6907534589973 446.33796275961032 5426.1006732074702 478.98531599378992 5422.1451846409445 
396.78329213393533 5432.7590978845892 446.33796275961032 5426.1006732074702 527.82095505803056 5415.1521922704551 549.42291781532265 5412.2496395931539 
495.04502191387331 5417.8417590621430 527.82095505803056 5415.1521922704551 582.12864454819874 5410.6957468187384 617.14271733990620 5407.8225200822753 
560.48014412995542 5413.2279467818662 582.12864454819874 5410.6957468187384 669.36331801153358 5400.4920083306370 713.69258682563486 5395.3068652173542 
634.50133094644616 5404.8374177723117 669.36331801153358 5400.4920083306370 780.08523157577713 5386.6909576990683 810.83655154972485 5382.8579267272744 
735.67549808610215 5391.1345321694816 780.08523157577713 5386.6909576990683 857.17351295889011 5378.9776144248590 897.98527523209600 5374.8940478127797 
826.40724838989900 5382.6887828448698 857.17351295889011 5378.9776144248590 958.97444926009166 5366.6979169958322 1003.0598904992368 5361.3801281904316 
918.19296316845612 5371.0735139011358 958.97444926009166 5366.6979169958322 1069.3534566924495 5354.8549438818500 1080.4042502618458 5353.6692632513123 
1025.3092680080729 5360.5042314620669 1069.3534566924495 5354.8549438818500 1096.9132282697612 5351.3200149857585 1096.9132282697612 5351.3200149857585 
1096.9132282697612 5351.3200149857585 1096.9132282697612 5351.3200149857585 1117.7965325497767 5368.1401333210288 1123.5354654713815 5372.7624636555984 
1107.5850421913658 5371.4219116825816 1117.7965325497767 5368.1401333210288 1135.3353812308660 5362.5034816602129 1143.2242356771301 5359.9681542094204 
1134.5803713962189 5369.8336418869849 1135.3353812308660 5362.5034816602129 1137.4578704258988 5341.8968813681040 1138.5195952879885 5331.5889184797743 
1142.9111218853363 5348.1357881855865 1137.4578704258988 5341.8968813681040 1120.4087475514984 5322.3914744151371 1120.4087475514984 5322.3914744151371 
1096.9132282697612 5351.3200149857585 1096.9132282697612 5351.3200149857585 1120.4087475514984 5322.3914744151371 1120.4087475514984 5322.3914744151371 
1120.4087475514984 5322.3914744151371 1120.4087475514984 5322.3914744151371 1116.5208087173987 5243.2308823060621 1114.0680365274702 5193.2910794571890 
1119.7237455924728 5274.7710735103683 1116.5208087173987 5243.2308823060621 1090.8378519760424 4990.3238167256386 1085.7862842762270 4940.5796546181691 
1096.9240181083114 5039.9520202173071 1090.8378519760424 4990.3238167256386 1062.3839980274656 4758.3035886883035 1056.2978318951966 4708.6753851966350 
1067.7225272095802 4808.0177728430463 1062.3839980274656 4758.3035886883035 1043.3478125267247 4581.0322093806381 1038.0092833446101 4531.3180252258953 
1049.1254927444761 4630.6972716608907 1043.3478125267247 4581.0322093806381 1015.7127498020761 4343.4806212672111 1013.5033667471781 4324.4887174430232 
1021.9071199744498 4393.0954353671104 1015.7127498020761 4343.4806212672111 1009.7909369036398 4296.0488989267105 1003.5965667312662 4246.4340848268112 
1011.9755259663220 4315.0436707068002 1009.7909369036398 4296.0488989267105 988.35800935364296 4109.6918515781636 982.64516703623985 4060.0192894069155 
994.11246627793639 4159.3596099884890 988.35800935364296 4109.6918515781636 967.78531979385752 3932.1252474052581 962.03086286956409 3882.4574889949326 
973.48662567121210 3981.7991350253433 967.78531979385752 3932.1252474052581 945.61318944036566 3738.9456609789522 939.91188356301109 3689.2717733588670 
952.23635369373937 3788.5050566095774 945.61318944036566 3738.9456609789522 915.20825270657383 3511.4335185846944 908.58508845320011 3461.8741229540692 
921.12411742327845 3561.0823105604682 915.20825270657383 3511.4335185846944 897.88356857996689 3366.0364076908140 892.24825838302013 3318.7421646535900 
901.39949004044865 3415.9126374629582 897.88356857996689 3366.0364076908140 889.51061339643707 3247.2591706849648 886.46123538859251 3204.0012424602146 
896.51374742840733 3294.3702973877948 889.51061339643707 3247.2591706849648 873.57000279735212 3140.0243066618518 869.22644604648042 3110.8045528349103 
895.49410975143314 3177.4392848764433 873.57000279735212 3140.0243066618518 836.23273998702052 3076.3057306866967 813.82309928185600 3038.0621561348730 
862.90744316662006 3088.9990639461430 836.23273998702052 3076.3057306866967 736.17008321027527 3028.6902561773422 691.02120741569797 3007.2058661584042 
585.37964435931167 3028.2566389085214 585.37964435931167 3028.2566389085214 736.17008321027527 3028.6902561773422 780.49554704400907 3028.8177197401069 
1014.3059591812897 3656.3416919849651 964.31496276934638 3657.2905216541185 909.88416584720562 3658.3236187864463 862.97943468244239 3659.2138711068055 
921.86294236810102 3640.1380876150806 909.88416584720562 3658.3236187864463 845.36861075632169 3756.2676480532627 827.40499751928769 3783.5390349017102 
891.15628640661396 3746.0531919553468 845.36861075632169 3756.2676480532627 765.68704256261958 3774.0432583800225 716.88660234467079 3784.9298113025234 
798.11680961862635 3770.2052706441686 765.68704256261958 3774.0432583800225 634.04332773082024 3789.6229867867705 596.56718644146838 3794.0582012120626 
683.66929732707945 3783.5186324694687 634.04332773082024 3789.6229867867705 540.40488625229068 3801.1411944743027 490.77891665603153 3807.2455487916045 
577.92507357185730 3797.0954761891999 540.40488625229068 3801.1411944743027 401.26345026139290 3816.1445058119916 358.55977012070082 3820.7491485904216 
450.94478764454982 3810.5084863105230 401.26345026139290 3816.1445058119916 294.56975538499307 3828.2482006133114 254.17234709408282 3832.8310196944567 
337.21690058826556 3823.1464324211565 294.56975538499307 3828.2482006133114 193.64801516324405 3840.3212085885489 144.00198847612899 3846.2602349550721 
234.06031937650522 3835.8716585519892 193.64801516324405 3840.3212085885489 10.943785002000368 3860.4376466343360 -38.755871609425384 3865.9097698700066 
60.660893159297778 3855.1264173533136 10.943785002000368 3860.4376466343360 -117.25963446618437 3874.1334905931662 -157.32597200295410 3878.4137376347953 
-68.787091989387093 3886.3977731174350 -117.25963446618437 3874.1334905931662 -214.91803215477290 3849.4244466907639 -250.61781999656932 3840.3918632574146 
-178.87508389730004 3831.4095140165387 -214.91803215477290 3849.4244466907639 -297.26665989949822 3890.5838150653667 -340.33410248611273 3912.1097200248219 
-300.91095057032413 3853.9398310988786 -297.26665989949822 3890.5838150653667 -285.35463085806839 4010.3613631893113 -281.46834713523714 4049.4386298762674 
-327.04643038670605 3986.2789412318184 -285.35463085806839 4010.3613631893113 -200.34279045279220 4059.4667276775153 -175.83663393652159 4073.6222116924428 
-233.88574106351439 4079.8874631496892 -200.34279045279220 4059.4667276775153 -139.90938539965953 4022.6752541844749 -104.19553041755125 4000.9328859073062 
-167.95367285845168 4026.4762245639240 -139.90938539965953 4022.6752541844749 -36.327432825242454 4008.6363190124052 13.219558429452448 4001.9209889678586 
-77.835016974296934 4013.6692579244386 -36.327432825242454 4008.6363190124052 88.388397819660156 3993.5140908734402 138.02484166250034 3987.4954994571222 
38.720942372052100 3999.2711621219023 88.388397819660156 3993.5140908734402 270.01851462026281 3972.4609180490224 319.68597006787087 3966.7038468005603 
220.34263358764912 3978.1448289942796 270.01851462026281 3972.4609180490224 492.62539254468521 3946.9902541448751 533.00532036014351 3942.3699855374944 
442.92083372724665 3952.4176690694767 492.62539254468521 3946.9902541448751 593.63349020830151 3935.9608260640689 641.23280658199974 3930.7632899379296 
553.25848477632383 3940.6239139630629 593.63349020830151 3935.9608260640689 712.54862557860315 3922.2267912863722 762.21845103485975 3916.4902035249061 
664.94390228712984 3927.3745695807629 712.54862557860315 3922.2267912863722 841.34020205227193 3908.2998017771138 872.66012661286925 3904.9129944040760 
793.14767526904109 3894.9776261947409 841.34020205227193 3908.2998017771138 917.24947998836285 3929.2839002773744 954.55370517040524 3939.5961513879029 
893.46000283782564 3949.9350241104166 917.24947998836285 3929.2839002773744 990.31762435059136 3865.8550452451018 1028.0756904891455 3833.0780953949925 
995.10586959842612 3904.2610401787801 990.31762435059136 3865.8550452451018 964.31496276934638 3657.2905216541185 961.62087989755355 3635.6815756270171 
