1.3414247947994258
1.2960985933501319
1.3271917277093210
1.3740825997185036
2.8951812017570422
-3.1206719152035856
-2.7347852831001394
-2.2827732241809842
-1.9329179429342458
-2.2887170556937879
-2.8209732052200334
-2.9655503454729746
2.8677324632222048
2.7966407657465919
2.4019904263792640
2.6055952561077422
2.8963598210819890
3.1000536842646458
-2.9465507557614075
-3.0241141872810391
-3.0329381502990334
-3.0272311378011061
-3.0140814184128977
-3.0447662309633921
-2.9965083873456879
-3.0224358312751618
3.1121732026590840
-3.0727950047482917
-3.0360800281017313
-3.0773522160002944
2.8788925613124450
2.3405678663979477
2.1190168012340092
-2.7105657424179239
-2.1572852442085289
-1.6716480704713721
-2.9511294897301417
-3.0188186186577459
-2.9420662007465004
-3.0426726767901036
2.9414321207521548
2.3541687251641492
1.8784062060623297
-2.8167715681526859
-2.4179865156258273
-2.0466386485330106
1.7710792090377134
1.7977752815360137
2.1529244646537862
2.4329310407129228
2.7844833981807469
-3.0487612341062542
-3.0398406046678446
-3.0373142737060670
-2.9990118503104775
-3.0586831029744257
-3.0211713970642529
-3.0242879395077407
-3.0282910020051736
-3.0217260744139298
-3.0386010728184734
-3.0280489220056150
-2.7849305312304908
-2.2366045337237552
-1.8264383517943104
-1.4669126148388183
-1.4502259797130304
-1.4372310603890057
-1.4889205757370225
-1.4543565954883275
-1.4467898390711680
-1.4710696835744987
-1.4507517108932637
-1.4639115166398169
-1.4432287651670834
-2.2488417676903869
-1.2598412186993224
-0.10263850848150444
0.71830395590381046
-0.68213079513780184
0.049075139937201577
0.10120402511246551
0.12202593161760711
0.10697449479762050
0.11581231945384751
0.12420651821916466
0.11450691495079304
0.11534473395947881
0.11427466830240506
0.13285375443611333
0.11859510159063491
0.070376508908711360
0.14757074432702663
0.53004048277755755
1.1266493229359213
-1.5736719472712524
1.5897740593095464
2.5591269928285278
1.7902854778552320
1.6885960727273999
1.6931887555433207
1.6782090939103240
1.6837567941282545
1.6898579512053642
1.6804584548659061
1.6772217006916141
1.3229819933903000
2.0342987328153521
-3.0424673295527858
-2.0946046555981304
-1.0239359813932905
-1.4360826364353840
-1.4501319011580613
-1.4553989564325445
-1.4568718340823443
-1.4620337241184858
-1.4558113592388080
-1.4630790122678767
-1.8404975907106786
-0.85590017643290450
0.12403441332554052
